-0.136663369006127
-0.18431917683501783
-0.24009467451368055
0.126731368412936
-0.24459277999043133
-0.20072376368914988
-0.03847804150562176
0.3078409861743578
-0.10004995447067513
-0.05520826028936687
0.13027642059453345
0.11259183382719731
-0.06229030202812599
-0.30847211345601394
-0.08401325685415642
-0.002814270677461872
0.04333711529588311
0.014105627708120166
-0.21845279182155738
-0.2006476945499075
-0.2302055480885146
0.02324690122382327
-0.298893023648125
0.3538416401372143
-0.11961943269837745
0.11348133003078412
0.12690715851529238
0.11443331883169446
0.6480467144088068
0.05249290031788314
-0.5125373089367701
