0.1491233902660154
-0.14212976118721363
0.20393464056686347
-0.10759090330149992
-0.08801205968863277
-0.09247809243992071
0.08044263259521107
-0.15053779192499148
0.048726399264788056
0.04615609611200239
0.11366307877758362
-0.05881120339003465
-0.06373033789752065
-0.18448060754994924
0.14442050099173687
-0.04397729864051855
-0.03703188075578395
-0.09886458965451239
0.029183168287951256
-0.11804735113970002
0.1212432573369675
-0.14548482686298017
0.18194444330294807
0.045384995304570096
-0.041269728253875926
-0.0683657194205579
0.11166413750137674
-0.15705924256320064
0.057438453976714016
-0.11498073608279778
0.02306790777186063
0.17484295275590456
-0.00867839314178595
-0.03730992694478713
-0.03957287673187168
0.1459635697471463
-0.028805485906266456
-0.04298448215407916
0.04351440642062726
-0.19347569838001222
0.005926694106940572
-0.10167219260353297
0.1575362486566823
0.14488940364434627
0.10275743141782806
0.08245965645433623
-0.11397904386918016
-0.03481885566578105
0.1601677427944333
0.13120912401424784
0.04412155798657755
