CID,a
11,0.3895373973194985
13,0.49935149156939046
33,0.32944228274967574
34,0.3229571984435798
176,0.31820146995244275
177,0.3108517077388673
179,0.3099870298313878
180,0.3151750972762646
196,0.32900994379593607
222,0.21054907047124946
227,0.37786424556852577
240,0.3895373973194985
241,0.4176394293125811
242,0.4063986165153481
243,0.4063986165153481
244,0.37310851707738873
253,0.3424124513618677
261,0.3635970600951146
262,0.28577604842196286
263,0.3635970600951146
264,0.35970600951145704
284,0.30220492866407267
289,0.3635970600951146
297,0.372676178123649
299,0.5594466061392133
300,0.3350626891482923
301,0.38607868568958065
307,0.4076956333765672
311,0.25464764375270216
323,0.3856463467358409
335,0.40985732814526593
338,0.4232598357111976
342,0.41028966709900566
356,0.5495028102031994
370,0.3558149589277994
379,0.45741461305663644
398,0.36575875486381326
403,0.3272805879809771
424,0.15737137916126245
453,0.23043666234327714
525,0.27107652399481197
527,0.35105923043666243
568,0.5036748811067877
594,0.2178988326848249
602,0.20233463035019456
611,0.1660181582360571
612,0.29442282749675747
614,0.21573713791612625
617,0.1928231733679205
650,0.2676178123648941
674,0.30912235192390836
679,0.26718547341115434
700,0.2689148292261133
702,0.3121487246000865
712,0.3406830955469088
713,0.26026805015131865
727,0.4863813229571985
750,0.18677042801556423
753,0.24945957630782536
768,0.3147427583225249
785,0.35105923043666243
798,0.4180717682663208
807,0.43320363164721143
878,0.3592736705577173
887,0.2922611327280588
904,0.37570255079982706
931,0.4682230869001297
936,0.3095546908776481
942,0.3761348897535668
948,0.3411154345006486
949,0.4254215304798962
957,0.4552529182879378
965,0.6558581928231734
980,0.40812797233030695
988,0.25248594898400345
991,0.49113705144833547
992,0.546908776480761
994,0.26588845654993515
995,0.5183744055339387
996,0.38867271941201903
1017,0.3571119757890186
1030,0.28577604842196286
1031,0.3363597060095115
1032,0.3398184176394293
1049,0.35365326415910076
1057,0.3674881106787722
1065,0.45006485084306097
1068,0.36532641591007353
1072,0.2624297449200173
1101,0.2624297449200173
1110,0.300043233895374
1115,0.16558581928231736
1118,0.23043666234327714
1133,0.32944228274967574
1140,0.443579766536965
1146,0.3324686554258539
1176,0.23432771292693472
1183,0.38478166882836146
1254,0.4638996973627324
1480,0.498486813661911
1486,0.44703847816688286
1493,0.39775183744055337
2078,0.47773454388240383
2086,0.37440553393860787
2087,0.606571552096844
2116,0.8530047557284912
2148,0.28707306528318205
2244,0.3769995676610463
2256,0.43839169909208825
2268,0.44444444444444453
2272,0.4907047124945958
2286,0.4915693904020753
2319,0.5542585386943364
2336,0.5905750108084739
2345,0.49718979680069175
2347,0.5300475572849115
2365,0.34552529182879377
2519,0.32252485948984005
2537,0.4284479031560744
2566,0.42585386943363596
2682,0.6208387375702551
2683,0.39948119325551235
2707,0.36835278858625164
2727,0.42369217466493736
2728,0.47730220492866404
2729,0.5495028102031994
2730,0.5399913532209253
2758,0.4440121054907047
2871,0.5041072200605274
2879,0.4094249891915262
2943,0.5157803718115003
2969,0.5023778642455686
3017,0.49027237354085607
3024,0.3990488543017726
3026,0.5201037613488976
3030,0.4210981409424989
3031,0.4440121054907047
3035,0.6070038910505836
3036,0.624297449200173
3039,0.3873757025507999
3048,0.5590142671854734
3061,0.4055339386078686
3062,0.3800259403372244
3082,0.3592736705577173
3118,0.49935149156939046
3120,0.44141807176826636
3224,0.49113705144833547
3225,0.40812797233030695
3249,0.7769130998702983
3283,0.36402939904885434
3286,0.5448767833981842
3289,0.480760916558582
3291,0.341980112408128
3301,0.23735408560311286
3314,0.43320363164721143
3327,0.5750108084738436
3346,0.5024210981409425
3485,0.311284046692607
3495,0.4466061392131431
3512,0.4198011240812798
3589,0.5892779939472547
3598,0.6515348032857761
3610,0.4747081712062257
3661,0.4046692607003891
3767,0.2952875054042369
3776,0.3277129269347168
3821,0.4198011240812798
4004,0.42758322524859493
4093,0.36575875486381326
4096,0.2909641158668396
4101,0.23130134025075658
4109,0.3514915693904021
4114,0.40899265023778647
4115,0.5451794206658019
4130,0.44920017293558157
4133,0.4357976653696498
4139,0.5784695201037613
4284,0.41288370082144404
4420,0.3852140077821012
4477,0.7578901859057502
4510,0.39559014267185477
4618,0.293558149589278
4650,0.33419801124081283
4678,0.24254215304798965
4684,0.4288802421098141
4685,0.474275832252486
4790,0.47946389969736275
4837,0.2607003891050584
4870,0.4076956333765672
4904,0.507998270644185
4928,0.454820579334198
4931,0.4198011240812798
4933,0.45827929096411585
4936,0.5719844357976654
4937,0.4522265456117597
4944,0.39126675313445747
4947,0.4033722438391699
5053,0.5603112840466926
5054,0.3601383484651967
5102,0.5028102031993082
5125,0.5719844357976654
5143,0.36489407695633375
5147,0.3808906182447039
5216,0.4198011240812798
5236,0.3268482490272374
5237,0.3268482490272374
5251,0.3830523130134025
5281,0.6813661910938177
5304,0.40899265023778647
5333,0.29874621703415477
5344,0.36921746649373116
5392,0.5832252485948984
5430,0.43233895373973197
5455,0.4003458711629918
5541,0.3363597060095115
5543,0.5244271508862949
5558,0.42931258106355386
5569,0.556420233463035
5610,0.35667963683527887
5641,0.3190661478599222
5771,0.054474708171206254
5780,0.23043666234327714
5794,0.530912235192391
5798,0.3826199740596628
5853,0.34760051880674453
5862,0.2178988326848249
5906,0.3138780804150454
5927,0.4046692607003891
5943,0.4479031560743623
5950,0.20233463035019456
5951,0.1928231733679205
5953,0.45006485084306097
5960,0.15737137916126245
5962,0.19368785127539995
5971,0.41850410722006054
5976,0.2741028966709901
5977,0.4133160397751838
5979,0.40899265023778647
5988,0.16558581928231736
5993,0.5918720276696932
5999,0.0
6028,0.5179420665801989
6049,0.15866839602248164
6050,0.4353653264159101
6051,0.47297881539126685
6053,0.5235624729788154
6057,0.4232598357111976
6061,0.2801556420233463
6099,0.5784695201037613
6108,0.4072632944228275
6115,0.364461738002594
6124,0.3009079118028534
6129,0.42758322524859493
6140,0.26588845654993515
6163,0.3748378728923476
6184,0.40250756593169046
6197,0.34932987462170345
6209,0.10246433203631648
6212,0.4107220060527454
6214,0.5045395590142672
6221,0.7665369649805448
6228,0.2818849978383053
6251,0.19152615650670124
6274,0.1820146995244272
6276,0.39083441418071774
6278,0.43320363164721143
6281,0.4055339386078686
6294,0.5858192823173368
6322,0.14396887159533076
6323,0.3769995676610463
6324,0.40380458279290965
6325,0.37440553393860787
6326,0.34154777345438825
6327,0.36489407695633375
6328,0.39083441418071774
6329,0.3009079118028534
6332,0.39515780371811504
6333,0.3865110246433204
6334,0.42758322524859493
6335,0.366191093817553
6337,0.3873757025507999
6338,0.38867271941201903
6339,0.3769995676610463
6341,0.31993082576740167
6342,0.3108517077388673
6343,0.38045827929096415
6344,0.3795936013834847
6348,0.4094249891915262
6351,0.3999135322092521
6354,0.31258106355382625
6358,0.4180717682663208
6360,0.44487678339818415
6363,0.3367920449632512
6364,0.3990488543017726
6365,0.4029399048854302
6366,0.4176394293125811
6370,0.3925637699956766
6372,0.3722438391699092
6375,0.3104193687851276
6377,0.3311716385646347
6384,0.40596627756160836
6386,0.3406830955469088
6387,0.4180717682663208
6388,0.41418071768266324
6389,0.4349329874621704
6391,0.4189364461738003
6392,0.3968871595330739
6393,0.3765672287073066
6394,0.45395590142671854
6403,0.4907047124945958
6404,0.3821876351059231
6406,0.324254215304799
6407,0.3769995676610463
6410,0.366191093817553
6419,0.46476437527021186
6421,0.3830523130134025
6423,0.4159100734976222
6426,0.47297881539126685
6427,0.47297881539126685
6428,0.46217034154777353
6429,0.4474708171206226
6430,0.43233895373973197
6466,0.33592736705577175
6492,0.44574146130566367
6497,0.3324686554258539
6505,0.5382619974059663
6511,0.5049718979680069
6517,0.3272805879809771
6528,0.5525291828793775
6529,0.5996541288370083
6535,0.3601383484651967
6537,0.7358408992650238
6540,0.4876783398184177
6544,0.3990488543017726
6549,0.45395590142671854
6554,0.437094682230869
6556,0.4431474275832253
6557,0.43017725897103326
6558,0.3571119757890186
6560,0.35840899265023785
6564,0.41115434500648507
6568,0.35192390834414183
6569,0.3380890618244704
6570,0.3432771292693472
6571,0.32641591007349763
6574,0.4072632944228275
6575,0.43839169909208825
6581,0.3406830955469088
6582,0.2801556420233463
6584,0.33333333333333337
6585,0.27929096411586685
6587,0.33333333333333337
6589,0.47341115434500647
6591,0.4288802421098141
6594,0.3968871595330739
6613,0.25248594898400345
6616,0.507998270644185
6621,0.4660613921314311
6623,0.46908776480760916
6624,0.5179420665801989
6629,0.4189364461738003
6641,0.5633376567228708
6654,0.5343709468223087
6658,0.3852140077821012
6675,0.3039342844790316
6719,0.5101599654128838
6720,0.507998270644185
6734,0.4950281020319931
6758,0.5028102031993082
6759,0.2624297449200173
6780,0.47211413748378733
6781,0.43233895373973197
6787,0.737137916126243
6794,0.12667531344574148
6795,0.12667531344574148
6810,0.41028966709900566
6819,0.5049718979680069
6824,0.5317769130998703
6838,0.4608733246865543
6853,0.5062689148292262
6854,0.4863813229571985
6862,0.4223951578037181
6877,0.4366623432771293
6895,0.5006485084306096
6896,0.4051015996541289
6900,0.10981409424989193
6901,0.53220925205361
6904,0.2624297449200173
6909,0.366191093817553
6944,0.42498919152615655
6945,0.4345006485084307
6946,0.4055339386078686
6947,0.4029399048854302
6954,0.3878080415045396
6989,0.4682230869001297
6992,0.47384349329874625
6996,0.4262862083873757
6998,0.40380458279290965
7000,0.3765672287073066
7002,0.49286640726329445
7005,0.44876783398184183
7015,0.4483354950281021
7017,0.4591439688715954
7018,0.4837872892347601
7027,0.23994811932555127
7047,0.4133160397751838
7061,0.46865542585386943
7070,0.47730220492866404
7095,0.4989191526156507
7102,0.44920017293558157
7111,0.3834846519671423
7114,0.48854301772589714
7148,0.4202334630350195
7153,0.4608733246865543
7158,0.48984003458711634
7159,0.38175529615218334
7174,0.4306095979247731
7175,0.4569822741028967
7184,0.4798962386511025
7187,0.47514051015996545
7204,0.4660613921314311
7207,0.4461738002594034
7216,0.46173800259403375
7237,0.46044098573281456
7239,0.47384349329874625
7240,0.4076956333765672
7242,0.3826199740596628
7245,0.41850410722006054
7248,0.4051015996541289
7250,0.39818417639429315
7254,0.5088629485516645
7255,0.42369217466493736
7257,0.4418504107220061
7259,0.4046692607003891
7260,0.437094682230869
7261,0.3316039775183744
7270,0.5244271508862949
7276,0.39515780371811504
7280,0.45352356247297887
7285,0.42369217466493736
7294,0.3601383484651967
7296,0.47124945957630787
7298,0.35624729788153914
7321,0.4051015996541289
7324,0.3540856031128405
7328,0.5477734543882404
7340,0.4950281020319931
7343,0.4094249891915262
7344,0.317769130998703
7354,0.45006485084306097
7361,0.3376567228707307
7362,0.3432771292693472
7367,0.4517942066580199
7406,0.4837872892347601
7407,0.4760051880674449
7410,0.3938607868568958
7412,0.3878080415045396
7416,0.4055339386078686
7423,0.38478166882836146
7430,0.4466061392131431
7439,0.45827929096411585
7456,0.41028966709900566
7467,0.42585386943363596
7468,0.3614353653264159
7473,0.42801556420233466
7474,0.4288802421098141
7475,0.3856463467358409
7477,0.39126675313445747
7489,0.41201902291396464
7498,0.4517942066580199
7499,0.4954604409857329
7500,0.46173800259403375
7501,0.45309122351923914
7503,0.42498919152615655
7504,0.372676178123649
7505,0.39299610894941633
7509,0.4336359706009512
7511,0.40250756593169046
7515,0.39731949848681364
7516,0.3795936013834847
7519,0.4167747514051016
7521,0.39213143104193693
7533,0.25594466061392135
7541,0.4932987462170342
7543,0.4945957630782534
7551,0.47297881539126685
7564,0.4042369217466494
7567,0.5144833549502811
7570,0.5512321660181583
7577,0.3942931258106356
7579,0.3843493298746217
7583,0.5075659316904454
7612,0.4228274967574579
7616,0.4461738002594034
7618,0.28231733679204496
7622,0.5183744055339387
7628,0.3331171638564635
7636,0.5023778642455686
7674,0.43406830955469083
7693,0.4656290531776913
7716,0.6441850410722006
7720,0.443579766536965
7721,0.47384349329874625
7723,0.463035019455253
7732,0.3666234327712927
7737,0.3899697362732382
7751,0.366191093817553
7757,0.29571984435797666
7762,0.4055339386078686
7765,0.3618677042801557
7766,0.37786424556852577
7794,0.47816688283614356
7802,0.4003458711629918
7804,0.4894076956333766
7807,0.4232598357111976
7809,0.46173800259403375
7810,0.4695201037613489
7812,0.4046692607003891
7813,0.3856463467358409
7814,0.3147427583225249
7819,0.42153047989623865
7834,0.35495028102032
7835,0.34500648508430615
7839,0.41028966709900566
7840,0.41634241245136194
7841,0.4029399048854302
7843,0.4504971897968007
7844,0.42931258106355386
7847,0.32511889321227844
7848,0.40380458279290965
7850,0.40899265023778647
7853,0.3268482490272374
7854,0.3324686554258539
7855,0.3363597060095115
7858,0.33290099437959364
7860,0.2537829658452227
7863,0.31993082576740167
7865,0.3268482490272374
7868,0.5222654561175962
7870,0.3506268914829226
7881,0.4245568525724168
7892,0.46433203631647213
7895,0.36489407695633375
7896,0.31301340250756593
7897,0.29442282749675747
7900,0.3043666234327713
7902,0.30177258971033294
7903,0.3631647211413749
7904,0.3571119757890186
7909,0.3821876351059231
7910,0.3873757025507999
7912,0.38607868568958065
7914,0.39126675313445747
7915,0.36964980544747084
7922,0.36057068741893644
7923,0.39559014267185477
7929,0.4638996973627324
7932,0.40683095546908776
7933,0.4336359706009512
7934,0.38607868568958065
7937,0.39818417639429315
7944,0.4327712926934717
7947,0.47341115434500647
7950,0.5067012537829659
7953,0.40683095546908776
7955,0.2663207955036749
7956,0.40985732814526593
7958,0.43623000432338954
7961,0.454820579334198
7962,0.48162559446606146
7964,0.4483354950281021
7965,0.3899697362732382
7966,0.3787289234760052
7967,0.36057068741893644
7975,0.37354085603112847
7997,0.3791612624297449
8002,0.44444444444444453
8003,0.47211413748378733
8007,0.3674881106787722
8010,0.2996108949416343
8011,0.28491137051448334
8012,0.4241245136186771
8016,0.28491137051448334
8019,0.2922611327280588
8020,0.32555123216601817
8021,0.3506268914829226
8025,0.335495028102032
8027,0.3579766536964981
8028,0.3454388240380459
8029,0.3834846519671423
8030,0.40380458279290965
8033,0.4638996973627324
8038,0.40250756593169046
8042,0.6355382619974059
8051,0.41115434500648507
8054,0.32987462170341547
8058,0.49416342412451364
8063,0.3821876351059231
8064,0.28966709900562043
8066,0.28534370946822313
8067,0.4440121054907047
8068,0.3830523130134025
8071,0.31647211413748383
8076,0.31171638564634674
8078,0.474275832252486
8079,0.44920017293558157
8082,0.3618677042801557
8083,0.28837008214440124
8086,0.29009943795936016
8087,0.29788153912667537
8095,0.33592736705577175
8103,0.4133160397751838
8112,0.2654561175961955
8113,0.3873757025507999
8115,0.3813229571984436
8117,0.2619974059662776
8125,0.5231301340250757
8128,0.31171638564634674
8129,0.438824038045828
8133,0.3614353653264159
8134,0.2745352356247298
8141,0.5698227410289667
8146,0.30220492866407267
8147,0.3579766536964981
8148,0.4479031560743623
8150,0.3099870298313878
8160,0.39342844790315606
8172,0.23994811932555127
8174,0.5231301340250757
8175,0.48811067877215736
8177,0.3497622135754432
8178,0.2624297449200173
8179,0.3424124513618677
8184,0.5296152183311716
8188,0.4327712926934717
8190,0.28404669260700394
8193,0.5473411154345007
8195,0.5927367055771726
8200,0.23821876351059232
8227,0.48162559446606146
8252,0.4020752269779508
8254,0.32987462170341547
8255,0.4267185473411155
8264,0.3069606571552097
8268,0.5425853869433637
8285,0.25248594898400345
8289,0.5239948119325551
8292,0.4219628188499784
8294,0.4954604409857329
8295,0.40250756593169046
8297,0.3588413316039776
8301,0.37786424556852577
8303,0.47643752702118464
8305,0.5248594898400346
8330,0.5149156939040208
8331,0.5633376567228708
8342,0.4401210549070471
8343,0.6541288370082144
8346,0.675745784695201
8370,0.5732814526588846
8376,0.3947254647643753
8379,0.9070471249459577
8380,0.737137916126243
8393,0.3968871595330739
8411,0.40380458279290965
8413,0.4267185473411155
8418,0.5179420665801989
8427,0.47384349329874625
8434,0.43233895373973197
8438,0.37094682230869
8441,0.4228274967574579
8449,0.4578469520103762
8452,0.33592736705577175
8461,0.41115434500648507
8467,0.3938607868568958
8471,0.3882403804582793
8489,0.42974492001729364
8490,0.3631647211413749
8494,0.3869433635970601
8496,0.39731949848681364
8518,0.335495028102032
8519,0.40812797233030695
8530,0.39948119325551235
8549,0.474275832252486
8554,0.3947254647643753
8561,0.5685257241677476
8576,0.4703847816688284
8606,0.4466061392131431
8607,0.44876783398184183
8630,0.37354085603112847
8635,0.40683095546908776
8640,0.4228274967574579
8653,0.4894076956333766
8722,0.3787289234760052
8783,0.39083441418071774
8785,0.41028966709900566
8794,0.39299610894941633
8800,0.4094249891915262
8809,0.5339386078685691
8821,0.3826199740596628
8843,0.4747081712062257
8846,0.42758322524859493
8857,0.3571119757890186
8858,0.38478166882836146
8868,0.3363597060095115
8894,0.3666234327712927
8900,0.5270211846087334
8902,0.39775183744055337
8907,0.6783398184176395
8909,0.46433203631647213
8947,0.7578901859057502
8988,0.21573713791612625
9033,0.31344574146130566
9161,0.4954604409857329
9169,0.6658019887591873
9171,0.5732814526588846
9215,0.472546476437527
9253,0.4552529182879378
9265,0.498486813661911
9275,0.5879809770860356
9298,0.5447470817120623
9321,0.2360570687418937
9411,0.4167747514051016
9477,0.551664504971898
9550,0.41201902291396464
9649,0.3679204496325119
9731,0.37527021184608733
9738,0.3380890618244704
9740,0.29269347168179854
9864,0.29009943795936016
9999,0.32857760484219634
10005,0.275832252485949
10041,0.4600086467790748
10049,0.4418504107220061
10107,0.49027237354085607
10176,0.606571552096844
10178,0.39645482057933423
10234,0.530912235192391
10307,0.5216169476869866
10372,0.4747081712062257
10405,0.45006485084306097
10430,0.37570255079982706
10439,0.3463035019455253
10461,0.4180717682663208
10485,0.4353653264159101
10492,0.4418504107220061
10509,0.23692174664937313
10522,0.5304798962386511
10560,0.4198011240812798
10667,0.4167747514051016
10693,0.5451794206658019
10757,0.40899265023778647
10788,0.3527885862516213
10800,0.4176394293125811
10813,0.3821876351059231
10871,0.41720709035884135
10900,0.40596627756160836
10902,0.37786424556852577
10908,0.40164288802421105
10943,0.47816688283614356
10967,0.3705144833549503
10977,0.443579766536965
10989,0.5092952875054043
11137,0.41201902291396464
11164,0.2844790315607436
11205,0.47341115434500647
11294,0.35235624729788156
11443,0.4872460008646779
11485,0.3960224816255945
11487,0.4768698659749244
11552,0.3787289234760052
11568,0.33463035019455256
11583,0.3852140077821012
11584,0.3674881106787722
11597,0.47211413748378733
11610,0.4980544747081712
11641,0.39342844790315606
11715,0.33030696065715526
11722,0.29701686121919585
11775,0.5737137916126243
11831,0.49718979680069175
11855,0.5495028102031994
11905,0.47816688283614356
11955,0.3337656722870731
12025,0.28880242109814097
12047,0.19368785127539995
12099,0.47384349329874625
12210,0.41850410722006054
12220,0.4055339386078686
12228,0.35970600951145704
12306,0.3411154345006486
12375,0.3540856031128405
12437,0.3337656722870731
12471,0.4850843060959793
12542,0.2801556420233463
12572,0.33722438391699094
12867,0.5166450497189796
12901,0.45309122351923914
12932,0.5071335927367057
12958,0.2991785559878945
12960,0.3086900129701686
12968,0.46433203631647213
13081,0.5559878945092953
13165,0.31647211413748383
13263,0.4543882403804583
13305,0.41201902291396464
13381,0.5719844357976654
13450,0.4872460008646779
13506,0.10376134889753569
13507,0.10376134889753569
13524,0.4474708171206226
13676,0.4958927799394726
13709,0.42066580198875925
13721,0.5339386078685691
13728,0.41936878512754
13836,0.16126242974492005
13837,0.16126242974492005
13904,0.4284479031560744
14012,0.33419801124081283
14074,0.2801556420233463
14119,0.41936878512754
14215,0.49113705144833547
14260,0.6411586683960225
14337,0.4932987462170342
14678,0.6498054474708171
14716,0.5732814526588846
14749,0.3674881106787722
14899,0.5447470817120623
14950,0.3674881106787722
14982,0.4466061392131431
14985,0.8530047557284912
14993,0.5075659316904454
14994,0.4829226113272806
15331,0.2607003891050584
15530,0.364461738002594
15531,0.4422827496757458
15546,0.3748378728923476
15600,0.5421530479896238
15735,0.4673584089926503
15787,0.5261565067012538
15851,0.4198011240812798
15910,0.45741461305663644
15938,0.1431041936878513
15939,0.1431041936878513
15965,0.33852140077821014
15969,0.46908776480760916
16003,0.4915693904020753
16034,0.3791612624297449
16043,0.4526588845654994
16073,0.480760916558582
16116,0.48984003458711634
16180,0.35365326415910076
16181,0.5049718979680069
16183,0.3588413316039776
16247,0.4076956333765672
16248,0.4517942066580199
16562,0.43017725897103326
16565,0.36273238218763515
16591,0.48551664504971903
16606,0.4189364461738003
16653,0.46433203631647213
16686,0.4651967142239516
16704,0.28880242109814097
16724,0.45827929096411585
16774,0.41936878512754
16850,0.4703847816688284
16932,0.5624729788153914
16945,0.6234327712926935
17038,0.48984003458711634
17041,0.37137916126242976
17049,0.3527885862516213
17093,0.35235624729788156
17095,0.6104626026805016
17109,0.4889753566796369
17168,0.4803285776048422
17184,0.4046692607003891
17312,0.5101599654128838
17345,0.3895373973194985
17358,0.39818417639429315
17432,0.47124945957630787
17435,0.4850843060959793
17516,0.4595763078253351
17531,0.472546476437527
17564,0.5412883700821444
17581,0.474275832252486
17693,0.49113705144833547
17717,0.3121487246000865
18052,0.3679204496325119
18430,0.3623000432338954
18486,0.20492866407263297
18771,0.4483354950281021
18932,0.5624729788153914
19232,0.47643752702118464
19244,0.4638996973627324
19284,0.6523994811932555
19395,0.4980544747081712
19499,0.35667963683527887
19519,0.566364029399049
19649,0.0
21307,0.42498919152615655
21330,0.35892779939472547
21492,0.3895373973194985
21954,0.24081279723303073
22188,0.4072632944228275
22311,0.5231301340250757
22563,0.39083441418071774
22856,0.35754431474275833
23327,0.1660181582360571
23467,0.7643752702118461
24085,0.3350626891482923
24489,0.12235192390834415
24526,0.3623000432338954
24685,0.4379593601383485
24722,0.46433203631647213
24726,0.41461305663640297
24738,0.4578469520103762
24749,0.1958495460440986
24947,0.33463035019455256
25146,0.5283182014699525
25511,0.48551664504971903
25912,0.4591439688715954
26710,0.256376999567661
27375,0.42974492001729364
27441,0.5862516212710766
27982,0.3160397751837441
28780,0.41720709035884135
28935,0.5637699956766105
28936,0.5590142671854734
30322,0.3800259403372244
31200,0.4682230869001297
31217,0.39515780371811504
31229,0.3899697362732382
31237,0.6826632079550368
31239,0.39948119325551235
31244,0.40164288802421105
31250,0.835711197578902
31253,0.512753999135322
31254,0.2836143536532642
31256,0.3213143104193688
31260,0.37570255079982706
31261,0.3428447903156075
31263,0.3428447903156075
31268,0.3454388240380459
31272,0.40250756593169046
31275,0.3138780804150454
31276,0.4228274967574579
31285,0.5482057933419802
31288,0.38175529615218334
31292,0.6152183311716386
31295,0.17380025940337226
31296,0.4189364461738003
31343,0.39948119325551235
31347,0.2922611327280588
31356,0.5110246433203632
31357,0.498486813661911
31373,0.472546476437527
31374,0.2922611327280588
31404,0.5460440985732814
32898,0.48594898400345876
33032,0.1660181582360571
33599,0.7734543882403805
33934,0.6882836143536534
34140,0.5827929096411587
38018,0.6195417207090359
40818,0.37570255079982706
60963,0.5590142671854734
61021,0.330739299610895
61060,0.4656290531776913
61103,0.606571552096844
61503,0.29442282749675747
62695,0.4055339386078686
64663,0.4046692607003891
64685,0.4418504107220061
69568,0.19368785127539995
71080,0.20233463035019456
75778,1.0
82170,0.23043666234327714
88899,0.4051015996541289
89594,0.3761348897535668
91435,0.29442282749675747
92092,0.2624297449200173
92851,0.2178988326848249
94175,0.45006485084306097
98495,0.41028966709900566
103474,0.5879809770860356
104745,0.3398184176394293
104775,0.35970600951145704
104827,0.5784695201037613
107526,0.1958495460440986
115268,0.12667531344574148
128229,0.4466061392131431
131204,0.24254215304798965
145742,0.21573713791612625
159055,0.4284479031560744
165675,0.4638996973627324
168842,0.40812797233030695
171144,0.6100302637267618
171548,0.3424124513618677
174174,0.4046692607003891
200164,0.32900994379593607
220520,0.3679204496325119
221493,0.41288370082144404
222528,0.4768698659749244
222547,0.5590142671854734
230920,0.4656290531776913
439302,0.054474708171206254
439550,0.7086035451794207
439551,0.33592736705577175
439568,0.4418504107220061
439569,0.4656290531776913
439570,0.45827929096411585
440968,0.5343709468223087
441071,0.40899265023778647
441073,0.474275832252486
441074,0.45006485084306097
441140,0.4198011240812798
441207,0.4055339386078686
442021,0.3679204496325119
444266,0.30479896238651105
444360,0.14396887159533076
444679,0.7086035451794207
444795,0.5979247730220493
444972,0.3454388240380459
445070,0.5750108084738436
445354,0.571119757890186
445639,0.6558581928231734
447466,0.3514915693904021
472182,0.256376999567661
493570,0.2624297449200173
512289,0.4656290531776913
517055,0.227410289667099
636363,0.23432771292693472
637090,0.35667963683527887
637511,0.4076956333765672
637517,0.6558581928231734
637552,0.45006485084306097
637566,0.47946389969736275
637796,0.47124945957630787
638011,0.4747081712062257
641599,0.19368785127539995
643460,0.3830523130134025
643779,0.4747081712062257
643792,0.35667963683527887
656656,0.4466061392131431
657014,0.4418504107220061
667449,0.45006485084306097
667466,0.5495028102031994
667467,0.5495028102031994
736366,0.3968871595330739
969491,0.5590142671854734
1201518,0.4418504107220061
1548900,0.8530047557284912
1548943,0.4569822741028967
1549025,0.5002161694768699
1549026,0.5002161694768699
1549044,0.47124945957630787
1549073,0.14396887159533076
1549107,0.5750108084738436
1549108,0.5750108084738436
1549109,0.5750108084738436
1549236,0.3830523130134025
1549237,0.3830523130134025
1742129,0.8530047557284912
2723601,0.32252485948984005
2723650,0.29701686121919585
2723790,0.2788586251621271
2723949,0.3143104193687852
2724048,0.4660613921314311
2724224,0.20492866407263297
2724385,0.3800259403372244
2724411,0.35235624729788156
2728270,0.474275832252486
3001858,0.36878512753999143
3032297,0.1422395157803718
3032576,0.45006485084306097
3034034,0.474275832252486
3036746,0.45006485084306097
3048869,0.48162559446606146
3423265,0.3947254647643753
3485262,0.3787289234760052
4329331,0.3947254647643753
5086465,0.32944228274967574
5155529,0.38175529615218334
5257909,0.498486813661911
5280793,0.7769130998702983
5280795,0.7665369649805448
5280970,0.41461305663640297
5284484,0.38175529615218334
5287702,0.14396887159533076
5288559,0.1820146995244272
5288826,0.36402939904885434
5315257,0.7769130998702983
5317112,0.45006485084306097
5324279,0.31993082576740167
5324280,0.31993082576740167
5353395,0.37440553393860787
5353527,0.7665369649805448
5353610,0.7769130998702983
5353758,0.3514915693904021
5355863,0.3311716385646347
5360521,0.3514915693904021
5366415,0.36878512753999143
5371560,0.32555123216601817
5371561,0.32555123216601817
5371562,0.31690445309122356
5377784,0.49027237354085607
5377791,0.49027237354085607
5460299,0.1660181582360571
5460305,0.4466061392131431
5460926,0.19368785127539995
5460957,0.26588845654993515
5462814,0.2520536100302637
5484444,0.45006485084306097
5702050,0.7769130998702983
5702223,0.5495028102031994
5748152,0.474275832252486
5748353,0.25248594898400345
5748487,0.24254215304798965
6321405,0.4656290531776913
6327349,0.40380458279290965
6327386,0.3990488543017726
6327514,0.567661046260268
6327657,0.47816688283614356
6372069,0.7769130998702983
6426645,0.3674881106787722
6432315,0.20492866407263297
6432478,0.7769130998702983
6432644,0.7665369649805448
6478437,0.5590142671854734
6536972,0.7769130998702983
6540731,0.7769130998702983
6552009,0.4418504107220061
6560141,0.8530047557284912
6604605,0.45006485084306097
6604642,0.3674881106787722
6850744,0.4656290531776913
6925665,0.26588845654993515
6971009,0.1820146995244272
6971047,0.21573713791612625
6973640,0.4656290531776913
6994089,0.4915693904020753
7067801,0.7769130998702983
9543187,0.4284479031560744
9570071,0.37440553393860787
9807916,0.3674881106787722
9888276,0.35235624729788156
9897518,0.4466061392131431
9967055,0.474275832252486
10198924,0.10981409424989193
10255083,0.3674881106787722
10448938,0.45006485084306097
11003810,0.7769130998702983
11107130,0.33419801124081283
11112419,0.40812797233030695
11761472,0.4768698659749244
11777341,0.25248594898400345
11859396,0.40899265023778647
11954021,0.5918720276696932
12004215,0.054474708171206254
12057539,0.4046692607003891
12242824,0.4418504107220061
12303031,0.5918720276696932
12310947,0.606571552096844
12310951,0.606571552096844
12358480,0.5503674881106788
12358489,0.5590142671854734
12358497,0.5503674881106788
12358706,0.7769130998702983
12891182,0.256376999567661
13118308,0.5218331171638565
13652278,0.20492866407263297
13726008,0.20492866407263297
14937949,0.256376999567661
15302585,0.5879809770860356
15558252,0.4055339386078686
16051935,0.36402939904885434
16211179,0.15866839602248164
16211647,0.5784695201037613
16213094,0.4703847816688284
16213698,0.4466061392131431
16682730,0.35624729788153914
16682804,0.47384349329874625
16760159,0.48984003458711634
18000154,0.40899265023778647
18594026,0.4466061392131431
19877806,0.36878512753999143
20975696,0.7578901859057502
21909502,0.3947254647643753
22833295,0.40899265023778647
23266392,0.31344574146130566
23617080,0.35235624729788156
23662403,0.34500648508430615
23663539,0.38175529615218334
23664719,0.19152615650670124
23670593,0.4345006485084307
23691008,0.48984003458711634
24096961,0.45006485084306097
24112890,0.7769130998702983
24186388,0.12667531344574148
24841598,0.567661046260268
24860538,0.606571552096844
24860539,0.5918720276696932
24898929,0.35235624729788156
25141463,0.48162559446606146
44134820,0.5784695201037613
44318676,0.40812797233030695
44575418,0.33592736705577175
44630107,0.4418504107220061
44630173,0.7769130998702983
44630304,0.33592736705577175
44630461,0.474275832252486
45039692,0.4638996973627324
45356931,0.4466061392131431
45358013,0.4466061392131431
45358130,0.4466061392131431
45358444,0.12667531344574148
46174049,0.5503674881106788
46782954,0.16558581928231736
46783411,0.4055339386078686
46783814,0.4466061392131431
46878350,0.4466061392131431
53312460,0.4466061392131431
53393243,0.1422395157803718
53477758,0.054474708171206254
54605536,0.1422395157803718
54670067,0.24556852572416774
54675810,0.24427150886294857
54676825,0.5849546044098574
54676860,0.24427150886294857
54678486,0.4422827496757458
54678504,0.47514051015996545
54679076,0.24556852572416774
54679407,0.5849546044098574
54680660,0.5849546044098574
56846568,0.48162559446606146
58855793,0.7769130998702983
66577029,0.7769130998702983
69897601,0.3679204496325119
71299657,0.7769130998702983
71308193,0.7769130998702983
71308275,0.23043666234327714
71310809,0.2624297449200173
71311077,0.7769130998702983
71312306,0.5503674881106788
71316037,0.5590142671854734
71316113,0.3800259403372244
71586776,0.5028102031993082
73415808,0.48162559446606146
78577433,0.4466061392131431
78759297,0.1422395157803718
85401354,0.33419801124081283
86280331,0.7769130998702983
86289068,0.256376999567661
86580368,0.1820146995244272
86585129,0.20492866407263297
87059370,0.19152615650670124
87070941,0.7769130998702983
87795236,0.054474708171206254
87965006,0.29442282749675747
91692850,0.16558581928231736
91693747,0.16126242974492005
91746237,0.7769130998702983
91884638,0.7769130998702983
91927769,0.474275832252486
91971361,0.474275832252486
92535137,0.606571552096844
101008927,0.48162559446606146
101260859,0.5503674881106788
101611446,0.606571552096844
101820673,0.5590142671854734
122164949,0.7769130998702983
122172962,0.7769130998702983
126961757,0.4656290531776913
129010310,0.7769130998702983
129316724,0.474275832252486
131632430,0.4466061392131431
131676138,0.35235624729788156
132399058,0.4466061392131431
134129369,0.4466061392131431
134129658,0.7769130998702983
134687881,0.5918720276696932
134687882,0.5590142671854734
134687884,0.5503674881106788
134694848,0.7769130998702983
134715773,0.7769130998702983
134747495,0.4466061392131431
135398658,0.2040639861651535
135436497,0.10376134889753569
135444779,0.2040639861651535
135564772,0.3506268914829226
135564955,0.3852140077821012
135565233,0.3043666234327713
135618615,0.2040639861651535
135764692,0.2040639861651535
