-0.28688865253202644
0.04596660308676793
0.19001031504022572
0.42294175444483667
0.157659602207183
0.21933654517354717
0.34052715743209333
-0.03599967970512314
-0.212291610226537
-0.28272649847528225
-0.24061046879374998
0.18133932610014017
-0.18162851542741637
-0.10153745966627803
0.32946065016578113
-0.44442937081938927
0.2022415129812722
0.33995000543708326
-0.16576295619755468
-0.3746003389038797
-0.2754080253404943
-0.19423692741333687
0.37253973128771917
0.08346994471513315
-0.1894134950818776
-0.35375160358347385
-0.13084621458237602
0.11515845921864473
-0.14910470685987623
0.039435992871640915
-0.3828040731648734
-0.16483992780897183
-0.4241789805725718
-0.2444454656793646
-0.08242004214586295
0.36713561366913566
-0.3493785428144052
0.15477262405063735
-0.024628617254746656
0.2075824411456129
-0.32655431560442594
-0.3727948951088305
-0.15516976170722882
0.2992072885914182
-0.18294996612153033
0.6972177389088008
