-0.28650827849014526
0.02539202016017345
0.13331031628678977
0.4033086264618445
0.1616085426016762
0.20818822660856984
0.36917625023092493
-0.03857038166740228
-0.21105170755665126
-0.27584873498432827
-0.1748186392767451
0.17277731555923936
-0.15101765041436582
-0.18293976999283015
0.33812581001716974
-0.44442937081938927
0.24077438643429355
0.33406743015681695
-0.19840401327100776
-0.37481632725650965
-0.17882239108502282
-0.16635853252405797
0.3566799029480195
0.07082226054846591
-0.14948612878629391
-0.3519312109930539
-0.0031228642187324882
0.14624140627280535
-0.1457204227771154
-0.08577559443988293
-0.3828040731648734
-0.15964396296941075
-0.4241789805725718
-0.2399639870934075
-0.012037656941972731
0.35880992984096327
-0.3493785428144052
0.15477262405063735
-0.0722333236948846
0.2504189021799154
-0.3297459991307237
-0.3727948951088305
-0.15319799227816927
0.3195942135341336
-0.1825310075401664
0.6279224495032673
