30 15 15 15 1
-0.1117708913580982 0.11753336952795833 -0.3709692393681723 -0.1398974403974006 -0.2679862783542944 -0.26011708915761417 -0.20100288023570673 -0.1241770500914139 -0.09296672327549922 -0.028855157917441306 0.024167772042884905 0.20763141615828035 -0.11825014612559936 0.37353299264812445 -0.2403996901096046 
0.10410280789106355 -0.062276484558670554 0.00404617618896649 -0.25718365703598417 -0.1899032952520529 0.14451323590691487 0.4193007514083619 -0.1387780367519711 0.11773685922593664 0.36876953079841734 0.14000531196839683 -0.29139442945417554 -0.28584883151688734 -0.2862995558416879 0.29297621470727986 
-0.3317868788494603 -0.01670698187588972 0.26864107457086733 0.046828236031492824 0.14164433942568802 -0.29333556049483356 0.11480654497213005 0.21555079254970808 -0.3027467829686594 0.17267043231677603 0.3856782066131196 0.18332588623978752 -0.13566457430395815 0.23038471015930687 -0.2937426293372122 
-0.08983781820376224 0.43875543911459775 -0.14916942746065998 -0.3747448547938245 -0.26965757221285186 -0.6114511170342741 -0.08234416875813161 -0.10009371856271287 -0.17791868799866786 -0.023552076117881782 -0.25529487157674235 0.21874657906040265 -0.028753045467373624 0.17422443017019823 0.1496461100585455 
-0.24827056432130373 0.03629664055342202 0.20811640851932017 -0.21110489500624016 -0.49897127147937886 -0.14036383669159996 0.10844684775277903 0.031422647249012205 0.2649321007799019 0.14553043074235725 0.3877953062328225 -0.08611078379049082 -0.1775560565821306 0.3638855298108827 -0.25633795762660977 
-0.20778876630073578 0.3339808858234478 -0.22296914221735906 0.21297922861806845 0.16652225350275035 0.25163770663105506 0.05038490763163333 0.2720210272607009 -0.10289491808610604 -0.1587043888028372 0.4125186165322678 -0.04066102724709375 0.4097587907508473 0.1931102624643003 0.1662536890761678 
-0.3206973073068681 0.45744637726775156 -0.08314111043844533 -0.18544296829684903 -0.04590834482996114 -0.45801150984783834 0.07008544616917621 0.19567069470519088 -0.32657219405520793 0.1144137396618234 -0.19193857335571257 0.1967801508800861 0.5376902550265217 0.009573637661189984 0.3609804872023916 
0.030200030914648745 -0.35583682709150743 0.22904119697497902 0.17214538637940902 0.4474534625360028 -0.501415165800916 -0.3066657319873244 0.2551951767230567 0.1205483609311537 -0.3770950156509409 0.10291784909125098 0.15604604269890196 0.28808360621413825 0.12727676728070292 -0.22350092385714307 
-0.301710217998389 -0.3128231722836641 -0.3834606836123816 -0.1575674038967583 0.14052797091684852 0.1503884119497611 0.24987378382309397 0.08163782144214818 -0.23420432819421008 -0.1355958420118814 0.15487443461280942 0.3032763490810198 -0.13707320094124778 -0.28859141120291054 0.3833714198985631 
-0.16474697694867607 0.2948155335315722 -0.13530460134173608 0.14886111928188991 0.0996618951552332 0.02513378477827538 -0.11722459598759544 -0.27569823475565003 -0.23602482067479355 -0.28566759227116106 -0.24665936010280734 -0.11653504653870908 0.1306807544589013 0.10419182234237388 -0.30648092030507396 
-0.267888152391709 0.18020419044458125 -0.22794723448049026 -0.19745306709679472 -0.039019838839212534 0.14059622061605542 -0.04882622312677582 0.10902114765968637 0.2886543008070656 0.19505353557959998 -0.028857140300096194 -0.08152024590796178 0.19446761834434909 0.07996658646366597 -0.22867361383069487 
-0.3025592826876955 -0.2963329489918912 0.1360577772358316 0.08600731390625009 -0.027388357076428144 -0.11983456241766198 0.13730866933556674 0.059961285843745986 -0.07276009980488683 0.05230510668268125 0.4490147778173585 0.2140996246823054 -0.023788668736154987 -0.15507682319793925 -0.2986661377380652 
0.05718452747389161 -0.45997302315525784 0.22366883185780959 -0.18041963743582673 -0.1683830189418298 0.21933459281028692 -0.12496107485130441 -0.058232215233811 0.014787709819626706 0.3782774454544498 0.08290054134092929 -0.42182129894552683 0.3734710617669751 0.0554194038360624 0.4555522591186036 
0.27044333816898275 -0.31879674250392975 -0.1021175855459277 -0.016734324472943648 0.3930606406966682 0.20092918299542745 -0.12035639993473217 0.3018550474947125 0.07831201556948406 -0.11487993123466163 0.03437989692571022 0.1616485321526131 0.17091677009657233 0.3052682122503732 0.264163098660516 
-0.06369875980955433 0.276944535605933 -0.4471094977827849 -0.27023568687738747 -0.1068844369386008 0.002594127091683246 -0.1564753060556159 0.2742036644872632 0.2029744313463975 -0.28791996271461073 -0.18399074669770651 -0.1213077293839531 -0.3628913407774665 0.15266574381391262 -0.0635885786295476 
0.2757145520704418 -0.09433481964382859 0.30735420598449287 0.20090089494220176 0.34409307863413036 0.014273175013244896 -0.2161512558812866 0.21358984621986765 -0.13149168558506588 -0.00582946891796246 0.22223915773498876 -0.3129295122132056 0.18528493830046336 -0.09479012752191114 0.18176152064040715 
-0.11300956464213846 0.27387677722907955 -0.060563383962095034 -0.15685981881994288 0.24914805070179244 0.06794253407011391 -0.34879789899384395 -0.1477957640502933 0.10946181822100408 0.22894538827754152 -0.2145628529696764 0.31128807224173133 -0.13090143606057877 0.36881195794041605 0.18320730295369697 
0.17067556250246171 0.07111100097016528 0.09810522187065254 -0.12521894400727318 0.047854150711907975 0.1539939475125325 0.21021526955522385 0.17985942436550892 0.12132369496514982 0.18647966630956975 -0.11213611506872165 0.18324281784828667 -0.05631712662152943 -0.004732310107620266 -0.1375172328633615 
-0.05964732102067724 -0.17604435641509772 -0.07743824472046087 -0.041329698759382895 0.36806163852123175 0.17410012843524508 -0.22149856936588194 0.0036275127116330366 -0.1053522753064818 0.1664644319304708 0.4431625731533612 0.3516470881389855 0.14057678037529941 -0.30930184288363677 -0.34935138115388326 
0.22076134545950102 0.10087747839246632 0.22043892897107936 -0.0666100385324705 0.10084389239146337 -0.1601935095003687 0.1835864204567217 0.02734683220998921 -0.046516458597632454 -0.12584989078519013 -0.2623935819268852 0.04107327271518113 -0.2851270732229762 0.40480659222998916 -0.44777588950236374 
0.19323614952726087 0.30712402273503137 0.07092784355628066 0.11912170327991417 -0.14127660053053892 -0.01642408633022572 -0.131726835960617 -0.23407490386718055 0.05596657017421574 -0.11486719191211422 0.4781861268117637 0.24704729281036533 -0.14092672957878571 -0.1337805924686383 -0.05266306561937355 
-0.00024836639511288303 0.1404812036278115 -0.18046934823736024 -0.15522222166665728 0.21869248447228062 -0.05085369596793288 0.07080577985923489 -0.16430887648233333 -0.24850738397721372 0.009492764959351483 -0.013698418051956145 -0.21590842863171505 0.07395994093446093 0.02645255766031473 0.0939534169113225 
-0.2211183276636835 0.07047587166039568 -0.171671314021607 0.07059805968885458 0.40058904283464547 -0.3113524601247416 -0.22415138432695028 0.15918828313211067 0.2142306880674683 0.011960067069479413 0.4135651710292223 0.2535331609004102 0.10743149432201626 0.2161476930842421 -0.21532308938106806 
0.09219606720096657 0.026109046102600605 0.05575468611816415 0.17908040060981678 -0.34376476133910827 0.16562277463185024 0.14337934434700014 -0.1361960175908944 -0.14951852757916337 0.08043624141595611 -0.13912536087968091 0.23370179919048642 -0.012850808631662896 0.1841609267225731 0.21870960076779855 
-0.12238422673772648 -0.11511768954094562 0.25062064121968836 -0.13285987010941921 0.2330205276550792 -0.08605459812503394 0.17347087949138587 0.18755704359192238 0.015844051084225704 -0.2269706709521809 -0.24532006510981433 -0.145603369521124 -0.21096195597888046 0.32089006378040386 -0.4696020593805901 
-0.08114885620587668 0.18139866302360255 -0.005875935887134568 0.25839038792886454 -0.2417538778834407 -0.034986517847084043 0.17182221986510293 0.30005132068820334 -0.18319622578924932 -0.15541215389753996 -0.1463006346877973 0.18391859636024724 -0.08196976717338816 -0.26192681973653953 -0.06672740553236424 
-0.17807618075707854 0.13557868407181226 -0.14107782756412998 -0.18294495153672935 0.11487459931574515 0.303417216377577 -0.026757637499823635 0.08562970090566412 0.006665205099202703 0.024603834815797632 0.3307452798575546 0.19642229187189558 -0.293613893018927 0.09373078547734115 -0.07233735766935678 
0.25281365180573984 -0.3256336346893202 -0.22093125807059716 -0.19872183675329547 -0.010863946242857553 -0.1322047959193771 0.0761591021613647 0.1900829049762572 0.12053730846221904 0.11714152655520446 -0.09776084685405509 0.2385147525065216 -0.055177748114299804 0.28252664825267254 0.08161908555617763 
-0.22183843923004573 -0.29646613457118887 -0.3180208506297168 -0.46069846137965204 -0.06124636968855258 -0.3171760486919815 -0.5826605624196987 0.22804322455341508 -0.07304410127204516 0.1332884580475003 0.14152328609643683 0.09229555646793636 0.1687555091303949 0.028885684129792484 0.14121534401603036 
-0.05908773555855623 0.2485802559942835 -0.34634573733843155 0.1499918567474426 -0.16569650532619423 -0.007039848528688596 -0.33065805111255786 0.006194629886451806 -0.3126991808847635 0.3794791126762913 0.4251872781685973 0.2829361428220855 0.41535345106052424 -0.2032788003112315 -0.15895838314933766 
-0.14261906708792182 0.36168181856879594 -0.20000058749036667 0.008975567724932146 -0.13962864737274083 0.3166857205339466 -0.09972737497511001 -0.10497023079106835 0.053348599939112645 0.33919786091810594 -0.3634359118207983 0.21381705487343614 0.2828325384233199 -0.36638392933107455 0.016193878473852133 
-0.13076176914306098 0.21334436430824832 0.08703210581846607 0.2646399197094762 -0.07243087524797638 0.0958207268191797 -0.1905777219551564 -0.32890375917840003 0.19134930325326985 -0.12270390688254913 -0.006942313598522774 0.5415494162978511 -0.11347474071546072 -0.19505845694899304 0.00237321264246024 
0.3335650517086434 0.44167128300209646 0.21645173065745513 0.40746183457408486 -0.20689775261479654 -0.3278511194531282 -0.27731000523613697 -0.11061669984362069 -0.340441109047605 0.04310156641355773 -0.09134669308639143 0.3412707523246684 -0.20184262043023782 0.2544819992451423 -0.3054181125820269 
0.0549797100870283 -0.06034428599213616 -0.45402759974526175 -0.1487608481641986 0.11942734489069108 -0.023845701735244623 -0.03556174433222684 -0.20952657823159523 0.009372020433144173 0.43384632329555267 0.22474352058255156 0.06724599395379469 0.4910448669740606 0.3671292694384251 0.16520979652778053 
-0.362246897487333 -0.3697947842238491 -0.3988581158594155 -0.027854326179222084 -0.09297518645797927 0.35964160635055065 -0.37792213266694274 0.34775516896208686 0.3191537305897302 0.2805698314897913 0.0776359327114942 0.15005305106778474 0.007258672444980248 -0.4758501420070957 -0.08209428048224295 
-0.0058076323786048906 0.34870929387803146 -0.1567376261034763 -0.08243320554037105 -0.27808968454776195 -0.3796005789688523 0.19626712026818535 -0.026959865950443692 0.2929074232216438 -0.2796981330073777 -0.1529980919334268 -0.037605512178763886 0.37997040121942016 0.03218244621162543 -0.3268317520449957 
-0.1411434007696264 0.025598332056088552 0.08180978050087286 0.2720637440993813 -0.2839121349787777 -0.36990537116020394 0.06905191432861077 0.3195758530870754 -0.48967901356692495 0.1455428523921381 0.12188397971079282 0.007204316452985064 0.4458346778012474 0.1342790505455903 -0.3525334923778183 
-0.011422265895431272 0.26483560447987003 0.3251010930119596 0.20707480459823105 0.11282718233703094 0.039347572653197355 -0.2511824297303084 -0.053541547685501636 0.2700418955262323 -0.04601246109987779 0.2597140732328731 -0.20174489977318347 0.14937698141097677 -0.17767431473619985 0.28087217244415796 
-0.05351389886949261 0.22278058951885268 -0.13650798446109796 -0.2372040784495826 0.20312770128139032 -0.14411937737425307 0.17656809391031267 0.20026020300696226 -0.2070747881874338 -0.21771021927560286 -0.22963026852253718 -0.263519461621133 -0.11891707363179593 -0.40164222055643667 -0.29936888963392905 
0.1311874437025383 0.2569214674497563 -0.422944780124342 -0.3034907704348492 -0.22280540683689576 0.32193230648075466 0.23575153970393392 0.07114117825778446 -0.09636981263197575 0.20950197805797066 -0.04785117058370549 0.47426864055193224 0.23647161942468187 -0.1356693964320025 -0.27289114644963014 
0.36906650124687707 -0.34317219546816524 -0.23287593377470786 -0.04808633804231281 -0.07120170840338583 -0.30713574060932514 0.27872550654437855 -0.36947764483834683 0.26113215331409007 0.43208649611930366 -0.2540335015711994 0.11818849897336026 0.15750915263919135 0.23669649833260795 0.11311350156902904 
-0.1542846146155307 0.1401276951399271 0.4045326724563735 0.001767313493069576 0.20414745084627087 -0.3796201318864016 0.25055091148090824 -0.29269737673547924 0.016880986083226746 -0.1354902062210977 -0.3623567287141796 0.42930565345261207 -0.15942711277898947 0.10631916918402455 0.04738941762203502 
-0.28246104065203154 -0.47194447616585233 -0.2702919105466156 0.17729136226802109 -0.22337699598085087 -0.10696492609098648 -0.3536631841092623 0.038294439792427554 -0.13963992707598633 0.4288766828953783 -0.2676487837652142 0.13596912809704195 -0.6324990177233973 0.37910694346492296 -0.08922802678538783 
0.02051291071276152 0.07187313177430407 -0.2632608228872371 0.1257916349024223 -0.2682179223747302 0.18305451442592435 0.1110767517029027 -0.3666636437359521 0.46239877449155387 -0.42982938946993055 0.2589596362988834 0.17713873827439833 -0.2012551871369273 0.34175034282730177 0.23521735671086547 
0.3781607083107552 -0.23248251735397732 -0.4428737766142735 0.4801494579354837 0.26831419224994535 0.15843113850196225 0.011968702259229854 0.19895138122347203 0.20614028161346426 -0.09419992021033402 0.18878983245789685 0.15156674452951027 0.07588780487821639 -0.06678259788565773 0.31854191440708957 
-0.04127495530611257 0.2509908179138582 -0.05455462741193321 -0.11564766326120814 0.131500740880153 -0.21192771668150887 -0.024098566193575297 -0.1393985371690312 0.09471572349449948 0.2900343524483968 -0.03861410825250812 0.2165873246647912 -0.03171738291735008 0.11712331860291271 -0.2827155351507063 
-0.04958893803312222 0.26330581657476365 0.07851073585753299 0.16282041043097703 -0.0732959091565395 -0.07904786402883959 0.2626725467432066 -0.3338310957620723 0.03155138313233224 0.351524955830127 0.00621568526540666 -0.23315907781766063 0.2331978270215731 -0.1589254679101491 0.3567237315325962 
0.029659484724746218 0.29685217797991353 0.092801627522395 0.221463729534775 -0.5052680713096447 0.2806503776036988 -0.3258951232227064 -0.13372983988346668 0.33279456646524713 -0.524741580890786 0.2443611124805137 0.27719572176151963 -0.09831437238242471 -0.20679012358238125 0.43460436975401107 
-0.016257831795549658 -0.3642561678327802 0.3303503360317621 0.27308731805527786 -0.04046355368742542 0.11489109430590126 -0.06038349025229059 0.1380356216892019 -0.23037990827948746 -0.19707122057497584 -0.2370308732885306 0.3601670457242079 -0.19157327702613783 -0.5379301029236496 -0.14651501755349683 
-0.3770167564126386 0.15057079418106914 0.0477049030473537 0.2113549596040881 0.005185449819968484 0.2123014471402204 0.14751986926911967 0.21140280030709876 -0.09868948428744273 0.0930588489533011 -0.24472746598018155 -0.1339679518682587 -0.2850160031181775 -0.06785946822850474 -0.19945719113374377 
-0.06915150037064062 0.3644551563287772 -0.13512249703004492 0.3742619654831103 0.08567855316751297 -0.11955566487608017 0.2742366496417811 0.08919545654839627 -0.19793681085976225 0.21094516411889422 -0.049621094989501624 -0.10662187946681151 -0.13912574245656611 0.13409591283323802 -0.17509420991666047 
0.2353205510604855 -0.1770197121004602 0.03252452429127729 -0.015075024941615908 0.2725478023327014 0.353153977100733 -0.2411053364898937 0.06333391321056518 0.44816447801876524 -0.11150663255851691 0.325561219070369 -0.16706157927033183 0.06969688618493954 0.1049378086864977 -0.2141508982318854 
-0.3772786673811555 -0.13716094986203037 0.3388733432490312 -0.16265812523059098 0.16212532306181668 -0.2692316508465472 -0.11851514145121657 -0.27258419664223776 0.2586342932159794 0.15659268096469486 0.1419132560861438 -0.18697202545132655 0.11783484591884805 -0.20820735118231565 -0.11477754083082292 
-0.09564495673575964 -0.2081164158930632 -0.3419727286732722 0.056165278200866246 0.09197166985261954 0.02079430343073627 0.11106879923949614 -0.2525115872238629 -0.41817763798477814 -0.047389647676183026 0.28658096296918195 -0.2414453347195364 -0.09271296725259419 -0.06044043092565321 0.0836061572808255 
-0.25918018570479817 -0.15919829635655047 -0.18036140375244974 0.2569046960738535 0.19191342832629107 -0.2259915228323885 0.07967249130298852 -0.2718955817855094 0.01627532289909682 -0.32478444972306564 0.275956465622558 0.12890867136347087 0.0716435206653103 -0.42712140593520326 0.011065383471968927 
0.3775530962382756 0.3390734634996494 0.10860394317780608 -0.29999908154414723 0.08446800644504537 0.02584327300276378 -0.023048178755443318 -0.0532890982715911 0.062436673988373506 0.2533779648759357 0.1904956933680725 0.05883581140772797 0.3162403011666143 -0.3765331664747021 0.38140393557997204 
-0.3457133680095242 -0.3476108700814516 -0.05725021327618968 -0.3758681718552066 0.019796458515866762 -0.5067904882820131 -0.1626926540661861 -0.33925949718597154 0.09902246443160297 0.05837979140469601 -0.10027005666448759 -0.23810092031474803 0.14397077003391817 -0.11865643616137202 0.3849730489845233 
-0.008869569408242163 -0.04739930371384955 -0.3654147848635396 0.07634604363635271 -0.200902357964738 -0.11478196370871464 -0.048914554552192895 -0.08763725587569643 0.04893602523535847 0.5404174089231514 -0.11124826097541592 0.20870779773368045 -0.014339265736857587 0.47167273934095266 -0.179425994548524 
-0.19311883029563084 0.2657001585706399 -0.3533130676019034 0.32220685272232463 0.02701315611798352 -0.31096534020476657 0.3843946756389797 -0.34140474931949116 -0.180420534244589 -0.6139287035587674 0.052699896698384055 -0.24419527908716074 0.048212009466065665 0.26881825640090706 0.5403715991524651 
-0.03552836048470172 0.09314599081981263 0.21110509019941046 -0.03586135468660468 -0.055729280402052356 -0.4891896734253826 -0.09756334187495111 -0.2744702043134077 0.10276131007120247 -0.1816212873682999 -0.04612847639280785 0.29691287752735557 -0.009402422363135996 -0.2001519576118937 -0.10904336695605689 
0.28153125544464275 
-0.16372218573557396 
-0.29823918223179896 
-0.5005835433457994 
-0.05598110857561183 
-0.025031146054795086 
0.1648760709518164 
-0.4594022544448072 
-0.5239188853052568 
-0.6604535117590462 
-0.4120293121646525 
0.1568599051887122 
-0.058171404445826275 
-0.35065005540587224 
0.2793037157360005 
