30 15 15 15 1
-0.11041603273103635 0.15403014369048867 -0.3779577925927249 -0.1894300245806699 -0.12254572753938073 -0.2595604505547063 -0.22880469642273144 -0.04993979543768284 -0.07097271914041098 0.023506129722337385 0.07991648774461244 0.2619941131580738 -0.15290983871228644 0.26582305049330224 -0.24504154459120106 
0.10184309343129674 -0.048862488568433476 0.034564327319009124 -0.2190908060877157 -0.18292798515589756 0.18220814216697465 0.2879425239751529 -0.11167571067399466 0.11519121021845899 0.22965866335288437 0.2411617680912861 -0.25404337762604223 -0.2832769548192488 -0.20060360593393978 0.23076456283959784 
-0.3252068466804547 -0.04299920935290422 0.28821807576118047 0.057204751412625515 0.17303270851709096 -0.26172115582747196 0.11406261283549114 0.22279535148270563 -0.2965298287112882 0.1026490847093509 0.5154346858361133 0.2619801440339218 -0.1737829199840114 0.23016140239252766 -0.35573506985111675 
-0.08788070049328933 0.5463054129068307 -0.20190705912124626 -0.42433221314387126 -0.23384411411281159 -0.6928732582282571 -0.18227986660335477 -0.0372050771147636 -0.15198854861239827 0.010272893817172852 -0.2195296943008803 0.289835005643496 -0.011989310087371075 0.12070617798421002 0.02907736008571578 
-0.24309598147801556 0.1584523651210862 0.35919002228629693 -0.2418381377312358 -0.3960520848668029 -0.15754508762163708 0.0741576708658646 0.13550780579089922 0.27286494672266204 0.05116965506709033 0.31572934173883727 0.02009093666726098 -0.07693139756583818 0.3294503831088029 -0.2983535376478418 
-0.20340910118341268 0.362598119353091 -0.3092424681395705 0.1335597659338999 0.14236983994550176 0.21389348827343446 -0.06278408142554566 0.4072271427435772 -0.09994853003579371 -0.20712287675739147 0.3741851328996214 -0.06342639109441149 0.48943477208949576 0.04600373426389131 0.0652509553475502 
-0.3149616116849438 0.5353829046551183 -0.09494037865122203 -0.22063898159336182 -0.09608563202905596 -0.5294254696411279 0.0333324186749031 0.1640208627850106 -0.31924140644304216 0.04972133160656681 -0.12360317910484184 0.22479281645077256 0.5260720774755014 0.04743488852239292 0.26134913378791824 
0.029333568184733073 -0.3740994451479226 0.2278122209433357 0.19179155175026633 0.4462763379671173 -0.5182626927193366 -0.3319740388283843 0.21029449594590388 0.11794402640046475 -0.37252671204246424 0.37411005820098464 0.16871936855560288 0.24421830339673264 0.2095593516843431 -0.3427644781193225 
-0.2955128130570961 -0.4155318034587233 -0.37202877493779873 -0.1152306800323373 0.14963096484177774 0.057249926522108266 0.2267456707347091 0.100786617568142 -0.2293039512800825 -0.13267901309594168 0.13508221030381237 0.34462216109288996 -0.10163832880097992 -0.4177114826918832 0.3502991557062268 
-0.16123230723073823 0.19391917328168615 -0.18217654634332542 0.103978481890111 0.2941079500881727 0.025303013691169628 -0.02619631033069751 -0.4710966494255445 -0.23108883598982455 -0.27977413963869074 -0.12781530598677085 -0.022660485422884815 0.12786570344147483 -0.12586533103941605 -0.3001936313146895 
-0.2623346475043704 0.11404179727595021 -0.16351293379235846 -0.13126821282832818 -0.17474416587710634 0.14882970913806526 -0.03628112503786866 0.03293668162745392 0.2831217544604275 0.3080715777337807 -0.04802218669766393 0.030951333334655932 0.15006792665732294 0.0656195149605753 -0.1603292589864105 
-0.2963458638261069 -0.290019092532428 0.12197767082637191 -0.045624451563572095 0.13313574071369455 -0.10926886279928995 0.0728335100954419 0.1542363843850503 -0.07116629781948924 -0.03184071707153329 0.3037238607005392 0.2832772430563886 -0.00941025007834236 -0.12356788493705448 -0.16217630158225882 
0.05791937810217756 -0.2047760706086414 0.14855937152456136 -0.3884547781416584 -0.012773290996773495 0.06496896562361154 -0.5185501279093776 0.14196977310441702 0.01445820477692404 0.41049473667953273 -0.051331259738125766 -0.279431090628362 0.32774698412293934 0.19100059168553923 0.39332548164688713 
0.26484077576621784 -0.32360776463342855 -0.2623994698371794 -0.03981021313414893 0.3835974729366003 0.10610109058591706 -0.2151563288328541 0.3781364517677664 0.07726003404131648 -0.11423188456698338 0.09352793972198709 0.1422357385614064 0.2479049075077018 0.25258948780515944 0.26068489786515026 
-0.06229974606680861 0.3291096431282999 -0.5094289471634443 -0.27976875607410534 -0.13890391111688313 0.07785535715714227 -0.24734199835918202 0.3002086750258266 0.19869049019301896 -0.2986191125149794 -0.3202177283512482 -0.09126457915184039 -0.4298548203829877 0.28294199070601495 0.046408444719878476 
0.27001100109030574 -0.19654459885126457 0.4011598120293086 0.14692428759601384 0.2397632669430038 -0.04605043132259329 -0.16890242826340762 0.26065896469253874 -0.12865982278684324 -0.016989799917415654 0.04199571879495433 -0.22991684087252295 0.22544903156895912 -0.02161825446007056 0.12972654595620736 
-0.11056280354254122 0.32210856299645396 0.05045467867306686 -0.27079562948738894 0.17439400733930813 0.0664521653030406 -0.31104248105131327 -0.0742320909100409 0.10708944699568476 0.22311441686042854 -0.37176563851019384 0.4075128452650776 -0.08921405575332304 0.43297880530364236 0.2308616582660041 
0.16605075878928294 -0.0009339811901842365 0.04860084733527813 -0.15979246562538446 0.09863253950582268 0.15069865747942449 0.2249550650463574 0.29501036301989625 0.11870319320158244 0.18240468694922968 -0.17659511602256123 0.24351698108500952 -0.028892942712096466 -0.019984307475487278 -0.16429863489476704 
-0.05833573354053425 -0.16792420961424936 0.04631769393134616 -0.054188650495772234 0.21307258033955445 0.1885778656220258 -0.3606609717630394 0.013349728546617048 -0.1040720000157419 0.17514381337332416 0.43240258299197615 0.3657482260693185 0.07144794896339009 -0.23066675123110655 -0.2779844605281865 
0.21612501216600324 0.09128950392894987 0.170253145506258 -0.14060920944378288 0.24153789966731357 -0.20693380438523146 0.21672289850542906 0.2634863889526143 -0.020124361559430853 -0.09383623684366453 -0.15100014596476222 0.07967445146316933 -0.18620755725941537 0.29394259713380066 -0.3525024574637026 
0.189146620458438 0.3336130635736804 0.07741697256443873 0.03521339130250979 -0.1586411357636976 0.027619588589218654 -0.0509126041450319 -0.11600604625031423 0.05473458974647253 -0.11238154007179042 0.4683799748083642 0.2934120210470973 -0.17998166629976123 -0.2330476775485956 -0.15534504963041199 
-0.0002428081365789555 0.11729597424031424 -0.17663629593569638 -0.15190180538790302 0.19993621262619135 -0.052480420793104804 0.06925390214924325 -0.16080311877690165 -0.2433282026452805 0.11408121740369849 -0.013393085974454466 -0.21745339975506142 0.060926459617411 -0.025521903349020075 0.10378125435131483 
-0.21647495730745084 0.017867994946875205 -0.1680160780445636 0.13215153951002553 0.35953978403761944 -0.30549343329050876 -0.20739426437178704 0.09983987192549108 0.20972333646539307 0.022573803005513607 0.2659748676036997 0.19610243246893588 0.11261210406024066 0.4577750183389502 -0.14841241283221884 
0.09018790376642864 0.09531378988929604 0.12241668907771158 0.25206020600888146 -0.28613560708999153 0.08905316968207352 0.04407123840294263 -0.21506622892746913 -0.14631493695251088 0.07867823068366218 -0.05203441009543502 0.2840165980450931 0.06779948527571361 0.28565177395771874 0.43698360176805606 
-0.11974162241726233 -0.16010439833972714 0.24540045166995492 0.024416255781463923 0.2422963380842889 -0.04649344924464321 0.26074464082832394 0.12544819511402455 0.015491119259536265 -0.22221213275411258 -0.22913002722850614 -0.2101834195937282 -0.2065193375687827 0.195230382460221 -0.40662629079239004 
-0.07937563827846719 0.1772112900721352 0.039951282651009105 0.21082316655637084 -0.22260983361220107 -0.034211593227806786 0.12297200181117517 0.27700453746638437 -0.17930823849710814 -0.15208785381808593 -0.14316312099981193 0.15194820899477918 -0.025372513920608616 -0.2818856903854129 0.029833134628052736 
-0.1742914097547587 0.14535239925578994 -0.12153008455326665 -0.29057947172171095 0.11213456148224729 0.24116997298647855 -0.1663230784562426 0.07895242423253356 0.006516328512621118 0.024057200449978926 0.36935929480178686 0.20847152976913555 -0.2875695574850079 0.06846952796944106 -0.006593927719126385 
0.24655497666608242 -0.3282474694286621 -0.24534795448834507 -0.2485341327621348 -0.03548427781701781 -0.293408628810919 0.03670751028017351 0.3255769143986637 0.11793320444899622 0.1141670083159349 -0.1832313233034694 0.33533159242191113 0.001054552946768959 0.32974645142608316 0.08149466090279163 
-0.21718087778958164 -0.3019715502591147 -0.2217769905045796 -0.5183095369956294 -0.051752080902988024 -0.3521397489323606 -0.7048943246835655 0.29852845205397904 -0.0724395794896742 0.13949871233209774 0.033108439618601215 0.14500182097350078 0.21512374559866357 0.07432285587277672 0.12321209964115139 
-0.057788239702507245 0.3818054906978414 -0.6260710878319814 0.09948277160304318 -0.08123364865050886 0.08683916032826462 -0.30350138034674734 0.0424866548345216 -0.3062950789181744 0.2693669965652641 0.2810819034907309 0.29094160417232606 0.3731787803784949 -0.3123214568158772 -0.12995434488564414 
-0.13955729951551601 0.35306750779535884 -0.1970067444504959 0.009855230267370951 -0.13662852253953972 0.3102069336074217 -0.09755989859309916 -0.10361048365245888 0.05513837796682992 0.3323002893937774 -0.3560929977199816 0.21021034018675044 0.27638243406354535 -0.35898723609619754 0.015833191672238935 
-0.12794503822409498 0.1924455472757545 0.22100452838175152 0.2871777316579611 -0.06882692772452537 0.1450195122515122 -0.20682235386745398 -0.36536438774649405 0.22025384028233147 -0.11970801589813966 -0.0053054775431237025 0.5130149571285487 -0.16633501417222823 -0.18794099909993495 0.02831101851161731 
0.3267717955615221 0.43243305138048815 0.30855859792712254 0.29295251526356286 -0.20253578434615935 -0.3211630497385888 -0.2503799296950174 -0.14771307792792962 -0.2731836203413545 0.1795803254586286 -0.08505549156992877 0.3778143509107962 -0.2978845810735318 0.4045351428093438 -0.2401091267624425 
0.053769102604718004 -0.0884355837683915 -0.5125306502089164 -0.1201988452192432 0.11770548637554466 -0.023311682755970033 -0.012351687414357096 -0.18710201750466954 -0.01317088158730752 0.44673901036247543 0.22077218959128153 0.019658224707369363 0.5184675363125315 0.3886409923916798 0.15722715114671637 
-0.3549256975360348 -0.42650010065555527 -0.32729139292838005 -0.05753198518563073 -0.09095050982880468 0.33456049308762054 -0.3232334921634285 0.36935534919786367 0.28713680002986197 0.3969086591166121 0.07612365623947569 0.2399207585057942 -0.04010593028562148 -0.39122411410740787 -0.010468087732127106 
-0.0056778776415715845 0.2877622694006017 -0.11638512033331003 0.011411986628139153 -0.27234072372174245 -0.3810978526384897 0.19901686869243942 -0.043717472675934094 0.3562148294289056 -0.2766870433821295 -0.1490530564126725 -0.03985590666772485 0.3257231825815494 0.022734351792501068 -0.26530487504075095 
-0.13811203862515498 0.020834734376797486 0.11434804903529966 0.3384674600093048 -0.278052101922441 -0.3624445471094058 -0.03420970671838497 0.3472636923945245 -0.5080077802808629 0.17460925788607407 0.1199571463368637 -0.041433591601564804 0.43266353786851713 0.1315644603812968 -0.2998687285755432 
-0.011167495584091814 0.28450646344700053 0.3022727317784369 0.1608140504308097 0.11241155205765041 0.03848752576452804 -0.2511618169856822 -0.04398988902353101 0.23531350745365232 -0.07587523975106258 0.2558471824350277 -0.20424403068922536 0.17878037914864955 -0.20167784275036996 0.24981158949458138 
-0.05233506006015341 0.22508478818825703 -0.11615156474864981 -0.21345647917620822 0.1988407087006633 -0.14102672269225344 0.1728137812910217 0.17851929124199803 -0.20213152003126345 -0.21313408836247968 -0.22481951488816412 -0.26413725596029514 -0.09841542808382113 -0.3595085054421417 -0.29321568151706284 
0.1283618873699868 0.29578598449194704 -0.382277122735066 -0.22061742591007 -0.2181287984391885 0.3952455564170062 0.14913861682526067 0.04565659019136171 -0.1917820940032877 0.2698685720430077 -0.04679531768268782 0.2593823117986164 0.24961966795675822 -0.015773680419703503 -0.3825337196706411 
0.36162094354504665 -0.31190209319891943 -0.2601770511210655 -0.032294380396075 -0.06964133333688831 -0.3008126287250176 0.18453965738242029 -0.4699550524786968 0.29425770989475425 0.35561231873790056 -0.2487310694332379 0.16503588725652796 0.18403075129570332 0.1544972790547622 0.04662113394292617 
-0.15098337696230946 0.17683544519426345 0.40888044302798693 -0.017945100825190425 0.20132209627428832 -0.3719647473301984 0.23717951856351552 -0.3028503097090872 -0.030846024352815932 -0.11594149044507705 -0.3532332335088287 0.4307202320082264 -0.13338114701236187 0.0786411006651259 -0.0059596351031518755 
-0.2766286567744358 -0.4755501568832431 -0.19002069067863875 0.22028107793937599 -0.2201012402568179 -0.12584454927215943 -0.3187909356475389 0.1289403726650489 -0.08421199076360764 0.47699807728258886 -0.26299991534507633 0.17669122459635578 -0.6808666277281816 0.3750975222494216 -0.04922599910458062 
0.020056612338149014 0.1371091349634314 -0.2565112282349948 0.05308108919783012 -0.25989336174456673 0.22907591643180067 0.15358561770095194 -0.2875864908111518 0.39238909773610536 -0.3917296232379973 0.2561991271702942 0.14553412280795106 -0.15312889789197653 0.3895039529327179 0.14651107053430168 
0.3705500051921046 -0.23407948592390915 -0.40760901222839574 0.49248101138764944 0.2647198263013466 0.20559356541067084 -0.01503074788712266 0.20895829381303754 0.2500487227174606 -0.0832674596409411 0.18706527436406234 0.24500450419698477 0.09189821292264018 -0.024781155833537228 0.30631938004627335 
-0.0403624426186536 0.24576344987609977 -0.05335322997805806 -0.11314568405591642 0.12866869039636514 -0.2074659603838387 -0.023563077330033273 -0.13640316003092515 0.09265418356214396 0.2840579046180988 -0.03775975136677342 0.21203337536471814 -0.03101418751034677 0.11459048882014347 -0.27687830056308094 
-0.048495299941873606 0.2537874993752599 0.07679384689312857 0.2090411216879772 -0.06513341623399933 -0.05036637850848343 0.2572193888392759 -0.32703290566303345 -0.0005930141967776222 0.3890588441012482 0.007754597450581816 -0.22827916148745406 0.23276087689370697 -0.15458770848751344 0.34787068247542585 
0.029001513532701036 0.28555773141119223 0.0907806287780441 0.24446369410285823 -0.5214575619173429 0.26634501734862454 -0.31924441094088185 -0.13085161717844976 0.3170596735379838 -0.5544538983701199 0.23370522684235195 0.27146384564252024 -0.09671909516768355 -0.21873537638210677 0.48105422954791227 
-0.015895727450571554 -0.31102743711055675 0.32361675391139066 0.3236923280845838 -0.054282145272979046 0.15156516444255635 -0.059056001523615155 0.1350683773192634 -0.22774207825519696 -0.13366292069290145 -0.23207522606445705 0.35288386132994526 -0.18684905024978085 -0.5182370684350834 -0.20747862753284946 
-0.3694267835748352 0.14911234798312142 0.0466522322791911 0.2083182152662048 0.005069574418374638 0.20625381035016052 0.14435730536860297 0.20695144468565543 -0.09221450649949402 0.09307939775398157 -0.23962175304296823 -0.13108480051859486 -0.27758427227465 -0.0663708854355483 -0.1912670075797409 
-0.0676351477689167 0.3548394191373678 -0.13221545739244114 0.36672196491652537 0.0823799349468834 -0.10262663721272423 0.2685613839689756 0.08725095969183289 -0.19376686123767403 0.25724586012145984 -0.0485267580561471 -0.10430916600572332 -0.13613403596773546 0.16730224696153131 -0.22286747360722295 
0.23039833725668818 -0.17313144408354536 0.03180360623019888 -0.014737324463427381 0.2669048869406076 0.3367485041275536 -0.23607016783554452 0.061942764034838595 0.3229288127876389 -0.04986093610592539 0.31891672553695116 -0.16349986146142778 0.06784378625001505 0.15366854281734152 -0.16972822663128057 
-0.3696839471929267 -0.11341593693992459 0.33198177309376214 -0.14807672557969914 0.21364978013183072 -0.319785827206979 -0.11595323761285034 -0.26694058379610275 0.2389055110061253 0.1516688852121498 0.12950147473298793 -0.18300811003010528 0.11494743629341654 -0.2317109943391605 -0.0016545530824867275 
-0.09356375149276966 -0.2142236267064731 -0.3350238830754998 0.06631429672092834 0.1167409589526938 0.006313186297202363 0.10866271373395475 -0.24725474355931934 -0.48532159354580795 -0.024326391252280897 0.2757190983453692 -0.23640353833505776 -0.08783719477135786 -0.04603001942536051 0.07214213466613428 
-0.2537943792403412 -0.15559005079983826 -0.17653052779894057 0.19930549101879658 0.2420048169405099 -0.19318473385716992 0.07793078598103903 -0.26626516776449555 -0.00023711444616061767 -0.3189903179350743 0.26267971205606894 0.12613038526493858 0.06908571811483233 -0.40055949582351175 0.12184649838029428 
0.36995340250041625 0.33450970614275854 0.1062495828195934 -0.29187970077852443 0.08261285891335024 0.027043253307404494 -0.022535870627046563 -0.05211513400378127 0.06187938896394839 0.2500083146956179 0.18646106428776552 0.05754176046731055 0.31336224411431535 -0.36894917239867103 0.3737345272362456 
-0.33869552186148194 -0.3471317696687433 -0.05599045080538687 -0.35686800000509733 0.05536892189793319 -0.5371724845509926 -0.15921979322144447 -0.3323607859266276 0.06990817788120932 0.07982160482042586 -0.1108086827167689 -0.2331243717390104 0.14442468561804306 -0.09118156646563587 0.42894829557701664 
-0.008671585591995351 -0.05109116643765064 -0.3580357620345039 0.14672554981958114 -0.13106889122777918 -0.16746606876562836 -0.04783557535421823 -0.08572586436042262 0.03693573762548522 0.5095163067910271 -0.12118662691625465 0.20430988845096623 -0.013624431938433297 0.43545931187065406 -0.17774001028875225 
-0.18903164978320935 0.2618061254846457 -0.34615545528823294 0.4953464268492557 0.10768222815857655 -0.26320849761868975 0.3766712203880915 -0.33446639272632483 0.03411613359170227 -0.6704778173478936 0.05153871163748503 -0.23909992220979936 0.04434129580716448 0.16993528295365296 0.5890043995505799 
-0.034741560489409684 0.09072589126054027 0.20665963474015323 -0.07841480574448136 -0.01648730161548156 -0.4877962382581515 -0.09544157131325508 -0.2687904671735566 -0.07277763265445084 -0.09180792554750505 -0.056650683934316104 0.29080609086283954 -0.005347235662088377 -0.13979658935033326 -0.14748068282637913 
0.27571659910723045 
-0.15824747850268747 
-0.2921073192757764 
-0.6211531775208108 
-0.19159047287102515 
0.007583925692171333 
0.16135877557205777 
-0.45035032012772447 
-0.4835555573356247 
-0.6508036175282843 
-0.40187931979498825 
0.15350601467318017 
-0.058823835811040164 
-0.2944586740174438 
0.3235307112494649 
