-0.2864626978833788
0.037595887768369675
0.159893288979168
0.4129583448953636
0.20341215049903838
0.20245348591249554
0.3396413574455282
-0.053818338412960666
-0.21215363590552413
-0.26292109252836376
-0.15698352279036246
0.1783658906347324
-0.18959898198648126
-0.18052509718288562
0.35068264681471906
-0.44442937081938927
0.20981196411247494
0.3412920061925593
-0.22315420374032371
-0.3694578636953395
-0.22886573883114467
-0.1392241759639343
0.34029968991972925
0.07323295910507238
-0.1805669886292236
-0.3512099762963594
-0.11591633090612834
0.12858672864750798
-0.1252092918123307
0.04220652951990661
-0.3828040731648734
-0.1651219860290559
-0.4241789805725718
-0.2321637895098579
-0.09120342510435839
0.37543413728662306
-0.3493785428144052
0.15477262405063735
-0.05272394987610791
0.21571354412301666
-0.33544144691566213
-0.3727948951088305
-0.15463828157711512
0.3035889079609488
-0.18885127172957974
0.6728712943180073
