-0.25955880378912777
0.0421478609352357
0.143221445854864
0.42648725901781387
0.16902052384406271
0.25867054979883297
0.37646555346264654
-0.04031552850684538
-0.21265751960016843
-0.23984004278558727
-0.2471719057723395
0.13835383344989383
-0.17546456497488488
-0.1776296345702352
0.3175209332215399
-0.44442937081938927
0.1978314276542916
0.3332135564179799
-0.18093692630516575
-0.36652760343820834
-0.22922915153337028
-0.14886277295052772
0.3521798909937431
0.05241292790027172
-0.20241748051182942
-0.35231572621218415
-0.09107328926632739
0.14814564698664529
-0.09134822997581189
0.011297928118229477
-0.3828040731648734
-0.1543296896938348
-0.4241789805725718
-0.2422171871604538
-0.09750312103498326
0.32929702772018926
-0.3493785428144052
0.15477262405063735
-0.05990058841522218
0.22537932935677163
-0.32619840783067255
-0.3727948951088305
-0.15014696019736315
0.32511409130214053
-0.20355563055202652
0.6688591442043572
