30 15 15 15 1
-0.1118403478294076 0.11727162023747861 -0.37626809437424474 -0.1222450220971744 -0.14586677055807226 -0.23003941336876244 -0.21259814873275848 -0.09091227544349767 -0.09264021657827627 0.02322260972607945 0.14758030992548815 0.16730598352776618 -0.16099650237109275 0.26075182683664216 -0.23323528950057548 
0.10469978663413022 -0.06591528304109831 0.02668020332931554 -0.2553172075745189 -0.19250432366693696 0.19068029180595802 0.3910795581874602 -0.16216649728794924 0.11841269523181722 0.35228406370240567 0.2737613012131452 -0.29444804282265447 -0.33251295784534984 -0.2768536912598784 0.3183796142004421 
-0.3337197672129611 -0.016516098321014794 0.24974917797971713 0.05490394009732796 0.1827864783872471 -0.2751125358140838 0.1470847480261104 0.20542181215020003 -0.3044847401245312 0.12521775856860137 0.4762098923565057 0.18413198154775448 -0.1586109078645071 0.21416867952461535 -0.33639454442656636 
-0.09058477586559525 0.4440853022674494 -0.19033866229206198 -0.3608427516194871 -0.22295912638421087 -0.607657518584167 -0.09859847435986763 -0.13978712413097968 -0.1786366656982294 0.04331147590001016 -0.19619913226621657 0.2066543171390092 -0.03632245275875119 0.08736936692941498 0.030962865523378208 
-0.24969875085056573 -0.013731405040948217 0.23053665938159665 -0.22119674621673127 -0.35117160926487545 -0.11464425255333782 -0.05544994858918485 -0.05452525029380108 0.2659765217109803 0.0476232307665531 0.5094661764482232 -0.057097714178930205 -0.2486895864073312 0.3076749528924501 -0.24716032989211512 
-0.2089847449662238 0.3302189229358755 -0.21724688059135536 0.14080391856492142 0.16585333710939792 0.24348066637910462 0.07796532426116941 0.2554830794481729 -0.10342046945510479 -0.2025530948436463 0.35947995297956004 -0.030101748574872755 0.4319792525148302 0.062074423560416384 0.05451932658817181 
-0.3222296061218777 0.4571996302017633 -0.13987712370289976 -0.19173217807113244 0.04069978162772165 -0.4539502879497164 0.05240259979602091 0.12166570190266926 -0.3281390197273109 0.1260702698117031 0.004215152464065534 0.1885382887415121 0.5256055816805096 -0.03214437748236616 0.2568943978010273 
0.030300311697879674 -0.31250331553086 0.20749489934137008 0.15689094873596166 0.4143755099013515 -0.46678253238825074 -0.30634730351426853 0.2371095264617179 0.12124046255426 -0.37513323025241696 0.22082686321439476 0.18725052053536068 0.28266545686256667 0.14269191657186564 -0.3450199525656408 
-0.3034423144667 -0.3875275181829563 -0.3886871101649602 -0.152399972640958 0.17149903481446874 0.12903956298358835 0.18319126722587434 0.1494782277083152 -0.23555199928702233 -0.13637500598307267 0.11407247234654608 0.32003811708978575 -0.06276723011318 -0.40398604682332184 0.3764710065211262 
-0.16569471907142994 0.17994743409647057 -0.13945837804685948 0.1366328096916769 0.2521915014842891 0.2073526456543953 -0.047352911819556316 -0.2772828191217751 -0.23738292317950058 -0.2873088105268094 -0.18745143614092105 -0.09083800694376572 0.1314314805645986 -0.017367147240574192 -0.30823997851785717 
-0.26942828751846476 0.23141239511485356 -0.043524871387115374 -0.23004017669521865 -0.23539261360061536 0.15491534414011204 -0.14547217510883212 0.12625506085424826 0.29074113769168636 0.3208871381917097 -0.2216573710412964 -0.0019145887104582257 0.19007866669722318 0.1643423209747048 -0.25451583837766006 
-0.3042961798291584 -0.15623286867392436 0.12310857723750443 -0.015144890793493203 0.07064134132589756 -0.12194084916437997 0.19786444232040956 0.1872057157057041 -0.07317608933248808 0.002147562696496258 0.2822581683490353 0.28002340648161456 0.003541502108987001 -0.16127837673582368 -0.21989510109323054 
0.05889213013342859 -0.33495680808333494 -0.037246545058621336 -0.352676844564343 -0.05016605639064348 0.05647666298214667 -0.365754883836897 0.000836250544150699 0.014871520758124906 0.41663850949343834 -0.07254983527714783 -0.3497517052284319 0.27774536611768785 0.1435344891369831 0.3387987344004311 
0.2719980232701352 -0.3327717720225394 -0.10192897027782359 -0.08916830964742015 0.4109483619283899 0.17188396878093287 -0.14884825131332272 0.328824258741812 0.07835540759928976 -0.06812587624680354 -0.11848034636733763 0.1677433810778378 0.22715012145493943 0.18992986794438796 0.21837773181312517 
-0.06406255189901695 0.3005288935240146 -0.43528354182068163 -0.2534009102908687 -0.12795252742628255 -0.022009943986347515 -0.19507992611960936 0.237927965628991 0.20414270241856322 -0.28285727111890324 -0.2788596708061531 -0.16728522815831273 -0.2832930098579929 0.18542813885311804 -0.09451879451975806 
0.277299229228556 -0.07360063949320933 0.3888903443245233 0.1683592334169572 0.2626210712610668 -0.03207448109134518 -0.1041071782234626 0.20982524599459895 -0.1322471036783997 -0.00586244925713427 0.03376437181112437 -0.2815914314116061 0.24021369078062005 0.0006866832101148088 0.03913763267418912 
-0.1136580540564382 0.24932832081505263 0.042379079874312116 -0.24508306022059073 0.23624245340806255 0.06833076302380714 -0.39225393447429785 -0.03779665056981983 0.11008978740942385 0.2547998659683235 -0.372754937905795 0.36894116983119396 -0.07538305717229388 0.40714932479996047 0.16575596416125668 
0.17203527015521017 0.13144245703051008 0.07327954226337409 -0.10068868051418281 0.09116591021432903 0.154879531336703 0.22686677564431734 0.2290089415183908 0.12202028234793723 0.20865428513130432 -0.10677558416128578 0.1651011896676747 -0.04243060666379572 -0.0033456894141579187 -0.09397264019709144 
-0.059987800234267294 -0.28277894700794237 -0.033029601318430205 0.033016752715043826 0.3090331268366752 0.20814091833243195 -0.1273400972536315 -0.05396097106873963 -0.10523426758908407 0.1895302247814667 0.26389320451005177 0.3157453297032814 0.05745183719667567 -0.25624163266054567 -0.16243617060288296 
0.22203189418652258 0.17901605660281367 0.26723635935042517 -0.1902478621987434 0.21295900516574248 -0.11231619085332618 0.14701366624938708 0.1264441110970672 -0.047194911231239416 -0.15925981878870615 -0.26478726808831465 0.14627872718166426 -0.16257977172760427 0.42377910267611496 -0.416510818882938 
0.1943483241421953 0.3201847519247794 0.07704609386203431 -0.04741318912520254 -0.23997986810802013 -0.0020108719358545514 -0.05753357375948189 -0.06566070989262458 0.05628588453683388 -0.11552642692399859 0.44777309454116077 0.2724418964453581 -0.2164358344768339 -0.2436767769747989 -0.05145594770528193 
-0.0002497698809291498 0.13639638555554648 -0.181507889145738 -0.156114907482141 0.19047009451832755 -0.05474604800202702 0.07121050548014654 -0.1652540869534299 -0.24993692437248224 0.1302568052066642 -0.013776039029353936 -0.21715109741898939 0.028352496824190745 -0.05089719278441993 0.093349021793349 
-0.22239092646402994 0.09196442608305641 -0.17265905926621225 0.03974625852129495 0.3786924616418159 -0.3147722255578935 -0.2532904640289483 0.18492069505983616 0.2154637137250249 0.02697168126783454 0.3809566640878323 0.28529936752924234 0.16616020908329665 0.29715598918551617 -0.24364158118819562 
0.09272422750011429 0.030631876144844025 0.0918993886455503 0.1591153471328744 -0.2564381412190285 0.10219737292182383 0.0794381210776573 -0.1514402142010978 -0.15037823063298336 0.08089650215509234 -0.05975377489511109 0.24848196877783552 0.0686265851339503 0.2554242348521101 0.3639285131413324 
-0.12308695000429008 -0.1378347388729468 0.2520622602562704 -0.10617700396718502 0.22153393509461514 -0.08604304098490721 0.16920316663390447 0.15823372938043712 0.015933867057746465 -0.22827686273506903 -0.257793285589524 -0.17842100507003397 -0.21217618748124875 0.22949756441718883 -0.46107950115269014 
-0.08161322903774687 0.12171970359398726 0.06240704224485848 0.21681607022866117 -0.2375551192430475 -0.03518551542556655 0.13453800467889818 0.2509419792526015 -0.1842505022065008 -0.1563059378786165 -0.14714172609053902 0.09959186866482587 0.04989842242477952 -0.2843532266334019 0.15055975828871715 
-0.1791009085298984 0.11802442613063348 -0.14143212856319407 -0.21102217515532573 0.19083422708519993 0.2963318303498542 -0.007216737996295795 0.09237060420616595 0.006702920107934276 0.02474353194882014 0.37596138848835725 0.17685834100762637 -0.29530016588645275 0.1194877097114656 -0.05107033675272027 
0.25463574943034184 -0.20163398562414322 -0.21173910809032329 -0.21505610173661727 -0.018816830707831897 -0.2721147596953212 0.06274420053987917 0.26433832283926456 0.12122934614077555 0.1379186053621091 -0.1002411877683151 0.2771901401355068 -0.05631585068602162 0.323198071073182 0.11998784500088486 
-0.2231151731464085 -0.269001989023701 -0.25765985538750596 -0.48816012626737126 -0.06778354067939565 -0.3746877750077789 -0.5772515508835862 0.2560021515113204 -0.07275174765012467 0.1523184529713861 -0.0013534104972232693 0.12714402572470437 0.11181070774680776 0.023547993361264973 0.09040130156984327 
-0.059424996128401054 0.3524158849848994 -0.4228062564766035 0.11804778859315869 -0.12378563259887096 0.0191442357876637 -0.3627049458651767 0.009811460320688336 -0.3144933369072829 0.33586481933434853 0.43185866806399226 0.279477341482798 0.34065288542678956 -0.32250525946788955 -0.24795778288517678 
-0.14343886248383653 0.36516949060467335 -0.20156849832570933 0.009620996190263145 -0.1404311430602099 0.3185023507346295 -0.10029905799056651 -0.10422932835453923 0.05250812447791881 0.34114099420282823 -0.3655144364640684 0.2181249260771525 0.28789474285391253 -0.3684788619503498 0.016285683625973827 
-0.13151296399454515 0.21130149022073813 0.07920239498074134 0.2385210652783868 -0.06342080784699392 0.14422861860733893 -0.11296854455812912 -0.40966665199319563 0.1769007562091806 -0.14647644465858373 -0.00551660512339416 0.4611929167466523 -0.09090694135927285 -0.17618926279678404 -0.017042068070839973 
0.33547659882807496 0.4821650000610918 0.2485448764962506 0.3327841391974795 -0.2080886045989334 -0.32975396635746734 -0.23257957626397244 -0.08442534235463207 -0.3719500620841132 0.08342949111150277 -0.09044145884251173 0.35230816112546914 -0.17233297743311615 0.3528723617404204 -0.36409679978435605 
0.05529335241714839 -0.09622913876770842 -0.48921018672313343 -0.19525497577504844 0.12099543158328988 -0.02128219650879615 0.10056206569428401 -0.20907642109788044 -0.006180144296417269 0.424842874917991 0.22735596349874934 0.0475389294259438 0.48973671181057526 0.3845038768594572 0.17263396209574097 
-0.36431880065754757 -0.4235697225423128 -0.3514803760957452 -0.07928691798585925 -0.09350784800693004 0.38011086000342387 -0.30427154236274995 0.3678770935239494 0.3023677664627399 0.32624498847564026 0.07924770728900085 0.2177898703864998 -0.04036610599759362 -0.43867777666770275 -0.028318851169171575 
-0.0058404890291994796 0.33047336602466587 -0.15156139874847863 -0.03872341172148465 -0.2796878650717999 -0.3916373572450711 0.3115180351382303 0.010441911503204278 0.27605275390877526 -0.31150052165438125 -0.15559890531274123 -0.011966275874202735 0.3544159768765996 0.05145240105776871 -0.2844045765784488 
-0.14195465953407269 0.01668450786374983 0.07769232345917225 0.30511113923601046 -0.2855433895133029 -0.3720198860981473 0.09192093963058541 0.30347514020978894 -0.49208536413141796 0.17849993299880687 0.12094693263095486 0.008765486525924987 0.413128025781875 0.17955927134389454 -0.3262299949699278 
-0.011486960486905267 0.23739347464298288 0.35292547608913905 0.18064753826366825 0.1109867022033026 0.04227695374423807 -0.28840076348393306 -0.036729135504795764 0.2610109522472595 -0.1256616252826308 0.26305229494439203 -0.16203663847372568 0.12587780898053283 -0.2028176747349928 0.29755700264561175 
-0.05381911843543422 0.22567803389805788 -0.13487086636891085 -0.23831234177935723 0.20429685472024534 -0.14494785160318654 0.17758411561824122 0.20386227701406903 -0.21017875917207135 -0.21896324162218164 -0.2309517165771216 -0.26630953949921193 -0.1179298431415392 -0.40347785907872874 -0.3010877432472617 
0.13194110147702537 0.35131419228308386 -0.4309962621503267 -0.279028695180185 -0.22408769269429532 0.3858533668208425 0.13954133776432984 0.08629114538499867 -0.21498636818323918 0.2659152731027569 -0.04812387556907579 0.31373906024113934 0.27916820329139747 -0.06231392764895445 -0.43680510928924643 
0.3711763530340688 -0.30560175984398547 -0.21400814850150462 -0.01050127347880831 -0.0716087157368204 -0.30599254296549555 0.3373875208299804 -0.42767717503738284 0.2750011048938764 0.3044073610687093 -0.2554814154569452 0.17768360619872164 0.15154485751124747 0.1216989305936853 0.08549604841790608 
-0.15517187914249325 0.1288321968718742 0.4380229718041457 -0.031171084047836143 0.1984320958256369 -0.3789188329111525 0.2642229309267273 -0.341280933289036 0.010949686653039657 -0.1678961051636584 -0.36280601416490194 0.48177730970357063 -0.16388029701209286 0.08377202745888221 0.04615929225373952 
-0.2840840561617465 -0.5108655474458516 -0.2574318160377923 0.12221241250813626 -0.20922974044779855 -0.08939245802945037 -0.3606346473058176 0.06157696295327829 -0.16124204170754738 0.41112651171420395 -0.26945806797995875 0.09413146584807075 -0.6238619896932223 0.38435254952190023 -0.1412453209784266 
0.020629294541452063 0.16457891968912008 -0.23462785961974225 0.06973656208954354 -0.2542152233602938 0.23608399405862718 0.21817395717750326 -0.35510992865656243 0.398200220808971 -0.4048250603460758 0.26327014660018705 0.20203701871060492 -0.18470084244980578 0.353893201358979 0.1385979637981335 
0.38032105615056927 -0.22561017626015975 -0.4301032812175724 0.4245117894248252 0.26045465705224863 0.20851577688954862 0.05307103175673322 0.21142750792708043 0.24142842978660445 -0.1470171326205361 0.19203624002544603 0.20123817657190815 0.08242338243214208 -0.07756775639765645 0.28615112693070965 
-0.0415099527279547 0.2524345522740934 -0.05486582689896508 -0.11631141316046828 0.13225621136664356 -0.21314750188019768 -0.024235382242434267 -0.14019970160749168 0.09525844180795212 0.29170033942278845 -0.038833865749487134 0.21783389488067792 -0.03189768953447776 0.11779560517642221 -0.2843399958136509 
-0.0498716168074278 0.2648908548418877 0.07895988736977938 0.17466347163835858 -0.022510013762168005 -0.06532233663865677 0.26418295977858364 -0.335744135744017 -0.002096594414296296 0.3646025972943683 0.013180535466291015 -0.2345007582171691 0.23591207900339733 -0.13654741471261428 0.31875136661926845 
0.02982803443038584 0.2987725703119036 0.09333328633353273 0.23333976955617305 -0.48388108817919795 0.29928363315241097 -0.32776358912739106 -0.13449820763915019 0.27314644911254304 -0.5230933321266489 0.2418728600451888 0.27878882061098736 -0.10087430932017849 -0.20088865085636232 0.4215651920477168 
-0.01635000062384729 -0.37472753152176286 0.33224383642935007 0.28309233001411005 -0.03018067596832224 0.11841712620360488 -0.06072820429390022 0.13882890116560057 -0.21737850406345383 -0.23289575830650444 -0.23839473911488882 0.36222736136762823 -0.21828322648147988 -0.6030604947873773 -0.1840303217788095 
-0.37917075936571687 0.15285636463381905 0.04797676871699496 0.21097753159965735 0.005214782703546262 0.2089272523791911 0.14836801274835593 0.21261956701674595 -0.0919467919835577 0.0922502307662197 -0.24613539025365347 -0.13473769729278168 -0.28769993551659234 -0.06824721870468961 -0.19636164523026642 
-0.06954669393655377 0.36390451554849995 -0.13589892237109447 0.3764006808415905 0.08578480644850417 -0.09230591147659893 0.2758129211180167 0.08970628415453757 -0.199082151035043 0.2591595003129511 -0.04990395836229848 -0.1072334246372607 -0.14216030475012578 0.17794320990250537 -0.18585357711314088 
0.23667461847716278 -0.1749016215557026 0.03270944406509499 -0.015155037636804645 0.2741144652423562 0.43131678835814796 -0.2424925334765739 0.0636956052138615 0.3529104070610997 0.026856731471056494 0.32742780760830803 -0.16802269551629853 0.07119052619216865 0.2389826661386753 -0.38429919759964964 
-0.3794341231914203 -0.14239461232128936 0.34081465801541744 -0.1575259017416053 0.15320121018778524 -0.2638908656212707 -0.11919548002121991 -0.2741510666494373 0.28706674025675094 0.1776005181725567 0.13326487520959185 -0.18804808325911235 0.11758629746940256 -0.2261041622543508 -0.08911681234178705 
-0.09619304470635864 -0.20757573698046947 -0.3439314054873757 0.06788732060883136 0.08723604148994651 -0.010139248127880758 0.11170606288079775 -0.2539640103067767 -0.4284052010189375 -0.07705358884705035 0.284997719950997 -0.24283447786762483 -0.09286786218910244 -0.06513295832601143 0.1283456378684179 
-0.2606706799846025 -0.1611703691409185 -0.18139932168107725 0.25733370641458936 0.16504159939149599 -0.21806797383255452 0.08012834526490643 -0.2734585330507658 0.07823033252577621 -0.2669355200166559 0.27189893337606097 0.12964914428198765 0.07391815967374961 -0.3791825819516816 0.01254395084268402 
0.379710074231031 0.34243299215341094 0.10922695085105284 -0.3002795117725259 0.08636674407654799 0.028957203252636055 -0.023179006892804506 -0.053593026322388354 0.0629221711872685 0.25794740931037385 0.1915920704520987 0.05917162306009081 0.32106507508765736 -0.3772084927563644 0.383582260888891 
-0.34769298062396503 -0.3507349790125923 -0.057576907087693426 -0.36463861377221246 0.012979968106456052 -0.5025352934998849 -0.16362852423177215 -0.3412029758483904 0.0793150396289076 0.06692219137642169 -0.11185725026550164 -0.23947091499723014 0.14513569222331504 -0.12281534256901369 0.39900080761579837 
-0.008919780252937532 -0.05554842198589024 -0.36750432489566054 0.08073997344688107 -0.21127362028001284 -0.14218177305597507 -0.04919336229666089 -0.08813908462680732 0.077619025432529 0.508120584333551 -0.121778978341537 0.20990906365495354 -0.016839722106133423 0.4317137809915763 -0.14428350155340336 
-0.19423032871494184 0.25963130034198456 -0.35533515195884646 0.33069947826636886 0.041623434757751286 -0.29492280259161624 0.3865895644287978 -0.34336024547422683 -0.17364422320245199 -0.6665234949560213 0.053000439975972626 -0.24560015879381622 0.041469814246375046 0.1842265276150321 0.5749303621764142 
-0.0357304576307713 0.1002756980671686 0.21232014485470632 -0.034935521814721364 -0.055404869359691605 -0.46361077754453106 -0.09812251661654084 -0.2760478043194971 0.05873966132178695 -0.14806294460103134 -0.056226281037959625 0.29861783207101644 -0.005963024150721338 -0.15681072660616652 -0.08407987100872076 
0.2831489904826551 
-0.16527851443792518 
-0.2999516435585613 
-0.5078999206455491 
-0.02136894881538538 
-0.05599682402357656 
0.16582455905587443 
-0.46200785699601604 
-0.4455047089700581 
-0.6413606433419212 
-0.41141430430469306 
0.15776205953548908 
-0.0563174258967809 
-0.2991356091002197 
0.2857405957433633 
