30 15 15 15 1
-0.11392904185495357 0.14106196557531042 -0.3423215905179101 -0.15682966562020875 -0.10754337216414117 -0.27270873206410384 -0.25411341524855396 -0.06266384730794543 -0.09143113740785097 0.0019261591946072973 0.059276280128950885 0.1899761861832761 -0.15372335603604864 0.28471943574759995 -0.248358429050003 
0.1041586515536701 -0.07359894835815127 0.01819088436579625 -0.2130268902928919 -0.17947823327348908 0.17610069541219536 0.4079703950790653 -0.1835218493838312 0.11779650997523892 0.344753517713602 0.2658252178493654 -0.3019970584229744 -0.3101280300530164 -0.28078244765558985 0.29300300024722326 
-0.3344441110845755 -0.012752440446051476 0.25024923986298314 0.016495983035629623 0.20791366457068983 -0.35251337023774953 0.037361768114342185 0.23092986819450584 -0.30281458407211675 0.1446205602258732 0.4191439735283738 0.23534894854851604 -0.17432295952046717 0.20694505598600463 -0.41281968033768357 
-0.09250649438732952 0.49768025587147485 -0.15062501589079386 -0.40290337847667596 -0.1576934851772428 -0.6356277693782244 -0.10318426954254406 -0.07388198131992056 -0.17671313693836482 0.03847580652339992 -0.21104998182579665 0.23386808733261374 -0.05316104684171436 0.24299982654199057 0.06964709837841414 
-0.24834230231533344 0.07882142981823696 0.29383080025445113 -0.22150271037337788 -0.290381518060997 -0.10175164440509639 0.07367846520055622 0.012873207270626493 0.2642376384012346 0.1039793023442154 0.44861778970563954 -0.09991014066991886 -0.2017907924644005 0.3057367461011141 -0.26764977924917754 
-0.20786058607768607 0.3559828639384776 -0.19167697612011886 0.13088274829358532 0.18687710562997664 0.24334986077208914 0.10107058877134688 0.3053092702406802 -0.09795184076354355 -0.18721891277946437 0.3785864259493958 -0.036607673032060244 0.4257926523508115 0.22191147414372006 0.2096800311071058 
-0.3223847425871094 0.4963165160418062 -0.09401109832227404 -0.17485470901646474 -0.029961309105848273 -0.46745634468504055 0.07715316892798789 0.18935918243585148 -0.3211924472240064 0.0949694000226393 0.004137257976827255 0.20084766129377296 0.5501057977049415 0.0024616333582565555 0.16547986811737656 
0.02744726628553711 -0.3727895998988239 0.22139304739015356 0.1608541290778856 0.4208759056419092 -0.4938886763303469 -0.3177753233718416 0.2650461394861737 0.12060872065303738 -0.38638443324357424 0.21731119849748204 0.17274338582974672 0.26962618891724116 0.1513550253174785 -0.2323416541062448 
-0.3017781285736017 -0.26176238448641664 -0.4607458087523755 -0.13923469726736049 0.31856255806463935 0.12429382992582497 0.2590245933572831 0.11824383383069818 -0.23427640431286628 -0.1356595821735557 0.2161815245601099 0.3439382884397872 -0.048247201916038665 -0.382401275242525 0.23553845987498845 
-0.16481546075650633 0.18158969249183118 -0.16053868344617958 0.1398929092023962 0.34260567583173285 0.02715572608323451 -0.062000794057685965 -0.3378004073048068 -0.236096870661364 -0.28573703733297773 -0.20542646013973814 -0.07878380894456112 0.13074346513309706 -0.05665712001129265 -0.306548317027736 
-0.2679589252332677 0.25429346893343474 -0.18953936838121854 -0.2296620101208876 -0.14679763273142254 0.17146692690598558 -0.1117283522346496 0.10429038978626162 0.29396929981176095 0.3029754248280888 0.033753038407504106 0.025059448253789845 0.1185109805771853 0.2376892352523615 -0.37403702413846607 
-0.30262710368321716 -0.2872501966940044 0.05058903962003927 -0.0405479734809159 0.24518019167861754 -0.12131865907752976 0.09337576719178436 0.18273453340196502 -0.0728046170578854 0.0218503307375186 0.3566125035445366 0.27801295129935105 0.02474490571143956 -0.09714974321164667 -0.22176217257227876 
0.07888654588347108 -0.28497145074035135 0.04507210325774879 -0.329441757082937 -0.09109926339825411 0.01869474291255823 -0.3282127328482122 0.04885355089044351 0.014799291162627647 0.38806242068751223 -0.014234055120031397 -0.3262522008730102 0.2712503986871147 0.06667392402670246 0.2760739959744103 
0.2705139456564941 -0.2921885546569973 -0.08480086330958238 -0.03893648318009721 0.4112113328900921 0.20241259554527694 -0.11326441074877568 0.36899363022364523 0.082874993812387 -0.06852598197116365 -0.10821306427839025 0.1639183155023734 0.16111048031968597 0.32466321708511175 0.16568495427873198 
-0.0637392499676966 0.20886778381182247 -0.46721963073631917 -0.23852635735015212 -0.2074512274339531 -0.018462413624146884 -0.22187302802322328 0.23813045613808256 0.20304606820104235 -0.30083569968864404 -0.2626169147059801 -0.1557023657906746 -0.32881520008658216 0.22860039903237872 -0.2572563726425515 
0.2757847909576383 -0.12446042511056532 0.38131744378666926 0.22164438047622984 0.33799477574348635 -0.02972379302869662 -0.20906349199794827 0.28107404857677903 -0.131554570991989 -0.017630222885596732 0.1070685605082564 -0.331586407440564 0.22494108384492442 -0.09360678661840709 0.12565865541149987 
-0.1130679657695046 0.2655014212693547 -0.12523122640165116 -0.16298015312404998 0.3388507597585452 0.06798495576954217 -0.4919323982410557 -0.12026053802298178 0.10951923300457767 0.21538886900299925 -0.3410704482564148 0.28198841104580125 -0.12563920049625454 0.4697872098486354 0.2177834638462381 
0.16869113342723105 -0.11809968137281328 0.016457678294162715 -0.11427430088529879 0.12014125451158165 0.1540609403349635 0.21081949599436436 0.20440200907847628 0.1213842457891519 0.1757600108921168 -0.12388107170609364 0.24208823936521578 -0.06079378696444373 -0.02194016445268089 -0.18615275816191135 
-0.05968589011658538 -0.1876418583114403 0.012371509475598197 0.0058712963844602985 0.22747709508314873 0.22811692486678264 -0.16600852355770812 -0.060565705377065744 -0.09556834166480682 0.1696976432071153 0.16861357676609562 0.3601465759016814 0.10527425275712447 -0.14834015684505142 -0.3310461172974476 
0.22083344392503765 0.186909459800864 0.3487591251451254 -0.14896509125571952 0.23171095622207952 -0.19755447201585988 0.19873425972758862 0.07051371486833768 -0.047211777939069485 -0.12403078156733192 -0.38978076160800984 0.13551328798684958 -0.1508008271898834 0.47764504178892486 -0.34614268296718687 
0.19330727783927887 0.31593845452057745 0.06473840273484062 0.029233817050902028 -0.23882207365438585 -0.03861999024563709 -0.10348038658111405 -0.09750084253305963 0.056003326895330746 -0.11492609279916771 0.5546701500397205 0.33541217984555716 -0.18006195278297782 -0.15664844635168385 -0.16752023385359024 
-0.000248573614291065 0.19809944623684886 -0.18053951398053283 -0.15528939950564402 0.19469749331753772 -0.05436413413814484 0.07084945927121113 -0.16437730512404888 -0.2485791136599344 0.07019569196342824 -0.013709197007965853 -0.21598045854649386 0.08174441758737007 0.04795315329462656 0.17670005956201146 
-0.22119042952801937 0.037681218495966944 -0.17174060896361554 0.10212484874821731 0.311277712601374 -0.3112440175488773 -0.0969250305184619 0.14174157035952828 0.21430268447428363 0.011915569815174576 0.31822936712600036 0.2267462468372296 0.11164406740550271 0.3507412441508808 -0.1975245514918533 
0.09224805434112943 0.12308245539077285 0.11469564205053735 0.16462124239036294 -0.22362777763749828 0.14229161904358079 0.11845746372277778 -0.19288946670356913 -0.14958481318699732 0.08048389213959052 -0.069194181951227 0.24663506034334076 0.0016879006848548514 0.18759376221835447 0.2841114442134556 
-0.12244503589901878 -0.12545966452398405 0.2506922930100541 -0.02750646120651397 0.2067336073373063 -0.09795853733931643 0.15644780706323522 0.16348468641667818 0.015856403145512583 -0.22704279706817718 -0.2668312942379872 -0.17084685671959846 -0.21103387236165308 0.2298153854283675 -0.5041398057357273 
-0.08119678539018152 0.18973723283969623 0.081286293964466 0.18131372035071558 -0.2556638569965002 -0.0350116392174936 0.09390358183247903 0.3109372063439508 -0.1832666264014158 -0.1554793600013317 -0.14636637914065073 0.10473240615654421 -0.025876005345582948 -0.27770575243532886 -0.02297786707606105 
-0.17814612688626696 0.1198008974240605 -0.13803785501904445 -0.20308540090861035 0.10266217909834449 0.2808551837446616 -0.06315489243844391 0.08598266563131694 0.006670612451300192 0.0246223050321757 0.4122308724838273 0.16062114309022152 -0.293682616126942 0.12595634873173758 -0.0069179563647501765 
0.2507905754596744 -0.31799069771048327 -0.29052838461956976 -0.22205521104535236 -0.011371232234952133 -0.24766563476851908 0.09502646475470373 0.22198472008779632 0.12059766544621099 0.10677824968806016 -0.10952287667638415 0.3258276211083871 -0.08657990414334871 0.2636679701690432 0.06158372525387238 
-0.22191054727247259 -0.23077214796795237 -0.18394358128575078 -0.5037706968879466 0.13801604442845591 -0.3323639810199049 -0.5874740094025176 0.2932463855192286 -0.06375468730700981 0.13324982851707384 0.06213350604273354 0.11436312580332339 0.18303917806271564 0.11440985085690379 0.2178753917697818 
-0.05912603327919587 0.3486284930489752 -0.4448000097685635 0.07884738077749359 -0.05627387324273345 0.004288954757821074 -0.3703701170158123 0.09078662835626239 -0.31276587006375905 0.34721756484371374 0.4214699072700759 0.30521145714464737 0.3793928055315006 -0.23152232643657625 -0.23532564841905845 
-0.14268415812658544 0.3611159463184369 -0.19112723647164823 0.02225729732117227 -0.1396931801916367 0.316751934188942 -0.09978186132485192 -0.1063172016290833 0.04803706833492651 0.3392610852954971 -0.3634953876477867 0.21256102783893085 0.28113191422660627 -0.36644291477775526 0.01620648417775655 
-0.13082449736119164 0.22965325933999714 0.13507332472567404 0.3294651559075083 -0.03479708178585596 0.16748447274320316 -0.11888440303327576 -0.4608215385757025 0.20018422595677238 -0.13325784108930308 0.009009379125165397 0.4644188715174136 -0.123029071316522 -0.17392346038069345 -0.11097667888271096 
0.3336290707865615 0.4325244244147175 0.24666500070331782 0.36145000999223714 -0.20696954186725477 -0.3273332681586933 -0.2505252362643134 -0.07571211299934046 -0.37267031513530346 0.12736623517326415 -0.08869168626900995 0.4529524724053648 -0.1955557129745963 0.32698742907111106 -0.23680407655485686 
0.05501596980764068 -0.07932227020468438 -0.46293478676598626 -0.2373393955698699 0.12321660179442662 -0.012078645128098753 0.08033059202295284 -0.19436127694460248 -0.020539970312831814 0.4429759410851582 0.22699046964781128 0.08817895058637051 0.5060610204088288 0.3541866032713949 0.05077921875175421 
-0.36230656906441794 -0.40889161252134243 -0.3394656992613487 -0.03346410080528122 -0.09302744193261318 0.38142182990124623 -0.34448396860926267 0.3469318076244613 0.3055434123834445 0.3573026995285386 0.07836342192992088 0.21087591164775252 -0.029040310759151634 -0.4519537488696403 -0.15416478392554084 
-0.005812361631494611 0.3196864724128182 -0.1546404582393428 -0.11308220374767877 -0.2781597454663687 -0.425129338324712 0.28286821643167864 -0.01659511484538138 0.29381326252573225 -0.29521339125215074 -0.15298042541159165 -0.033618359415766394 0.3488782179776903 0.028268287279907503 -0.3000736409910551 
-0.14120821945662163 -0.03073300157150865 0.15111152664619545 0.33094323916524876 -0.2839817291242023 -0.4588074253135506 0.04645644953916862 0.3524965522261703 -0.5296214565382915 0.12459323660047761 0.12198072079164354 0.05618981770349782 0.39976753099695134 0.18902105968070418 -0.39636223662873216 
-0.011431342926084808 0.2758986501942798 0.333840243997706 0.18549881328682322 0.13058484797484338 0.10343496168909444 -0.22119622345829934 -0.0209766563458588 0.23102246573771645 -0.07188272960312272 0.25901605610055395 -0.2034684822764424 0.15599445699103553 -0.15257127543902846 0.1815078114567192 
-0.05354941161110317 0.22327167319410188 -0.1368491977845721 -0.24204649692634345 0.2031993446449275 -0.14418473915704175 0.17663789508698827 0.20500747406942602 -0.21576854653060737 -0.21778227953161608 -0.22970238637347834 -0.2634994946620925 -0.11837204647100204 -0.40403023023330487 -0.29943704297454193 
0.13125026378200125 0.30228255089777073 -0.45007560271570507 -0.3329979387964545 -0.22287752175456735 0.42501611818438695 0.20179232193189198 0.0631242282192705 -0.1627099328417128 0.221879400083618 -0.04788369723019998 0.33300233452125766 0.2522729985708468 -0.06783296084549476 -0.2872625443111673 
0.3691250342950426 -0.32421862722589134 -0.2348054944610282 -0.110850049371564 -0.07124555889589104 -0.2105244154177781 0.2342676651433263 -0.35420186277574156 0.26142315178829867 0.37133299077401416 -0.2204364579468575 0.15714796432583253 0.16639179091290907 0.13628400624896364 0.02703921116288648 
-0.1543516515713107 0.14761345825529495 0.4723777321702207 -0.027830556354274696 0.21487354215602644 -0.35361214486953485 0.27554800486571973 -0.3572619960112743 0.0248351983771539 -0.11986423546363136 -0.3644937377897904 0.484666524888538 -0.1468291420241641 0.05216269110459503 -0.052745520537462925 
-0.28253075513370246 -0.42104999261134485 -0.23119242517318123 0.22944284113213048 -0.1806891736814657 -0.15481734185055548 -0.35305016983302134 0.1102572176498698 -0.13250159333734118 0.5158369944365353 -0.24687823511614213 0.12970992538304338 -0.6417762804162435 0.34992531976210156 -0.2374600821869623 
0.02052858347009289 0.09814517905077816 -0.24884752631578558 0.11102845658788645 -0.2158159477924605 0.314641994663588 0.2530072734147891 -0.39458945290537595 0.3786365723120754 -0.40064736593399786 0.262324788592711 0.21747076793673822 -0.17426150060951512 0.3335493842676233 0.14198497126975443 
0.378217664968961 -0.24657735754517987 -0.38201045223141944 0.5227239455131845 0.27463447401477525 0.3043999113368921 0.03798098624673734 0.18652112964273096 0.24753860068349479 -0.12498188407674282 0.18893234892676933 0.10708498184036976 0.10007459289329096 -0.06985486121783668 0.16292180596704495 
-0.041303807466101794 0.2510624553734817 -0.054590671592689 -0.11570677074006674 0.13156362822725773 -0.2119996587504942 -0.024116696452656076 -0.13946302599864122 0.09476857017330305 0.2901034102217506 -0.03864140827017008 0.21665936669514585 -0.031740477628063375 0.11718281127259594 -0.2827852287183976 
-0.04962239822003024 0.33866245308803783 0.07855762374147453 0.16687089046304385 -0.030513083584778458 -0.05788994993441609 0.2627436294709926 -0.3338950779870114 0.067904071911768 0.4004026438845829 0.0025615071822789963 -0.23323116650583411 0.24330314986440096 -0.14702403579116186 0.28100564904181924 
0.029681272217567292 0.3551161477922738 0.09285382342057132 0.2244654139371683 -0.5747723289865831 0.28500237654772914 -0.32596017503133057 -0.13379319750583601 0.28884200309083496 -0.5053635650263121 0.24117130280851218 0.2772658505207934 -0.09891052058019899 -0.2480784393724409 0.42324209197265605 
-0.016270483783356156 -0.4303690173551966 0.3304147949960214 0.2742628081224759 -0.05573119400278061 0.05008054364041378 -0.06042241410994851 0.13809984691554672 -0.2548570670811336 -0.24043967862577223 -0.23710290653900107 0.3602270568721002 -0.2288849098055288 -0.6152711963473297 -0.0657010961355295 
-0.3770739149264841 0.16320247823496237 0.047737350414575955 0.22461003381758404 0.005189683885139342 0.22244268614728568 0.14758582201788364 0.2114747286286128 -0.06952548077376429 0.11071234848265149 -0.24479931816441855 -0.13403135886659373 -0.25047767591949577 -0.06790185289846697 -0.19639280154528393 
-0.06919445753708413 0.3626069436592043 -0.13518614110704885 0.3743196059214402 0.16198811202456004 0.022700536307518705 0.2743069955673118 0.08924638866243288 -0.21503946595617743 0.4539942168775996 -0.049654572306729525 -0.10667847399285421 -0.1268057448120135 0.3473156580066493 -0.32955432891562547 
0.23539261179280396 -0.16660344891866305 0.03254812504041735 -0.014182530331361567 0.27261826706447967 0.3989850329165072 -0.2411772854633903 0.06337423348693062 0.311998326317964 -0.03743457547374582 0.3256263145145251 -0.1671303468697992 0.07239128926774864 0.17027329043733327 -0.258891542179975 
-0.37733577976886107 -0.16361214331087334 0.33893661422614313 -0.16761359581523239 0.16530701857414506 -0.3300513797886968 -0.118574990984629 -0.27265465885345397 0.24339433225476725 0.14846411124864412 0.14197821761155827 -0.1870427247098607 0.12198365745141572 -0.21596369424402376 -0.07875225377458168 
-0.09569811441321678 -0.12375630492733258 -0.34203555057504836 0.07280550401300101 0.10035317765436899 -0.02178092638386297 0.11112666602362782 -0.25258316367774686 -0.4388434957719991 -0.055808347815056746 0.28342366753331755 -0.24151727547607413 -0.08237740359780613 -0.10587494836392836 0.09338758300823105 
-0.2592514547785446 -0.1574440028820857 -0.18043155986289378 0.2573960362217054 0.16313351053269734 -0.1967547887287698 0.07971984127493133 -0.27196609139052996 0.11837008331438355 -0.29458010146366326 0.276026686717552 0.12897099340016088 0.07362006580759878 -0.3587464828218385 0.042338246878855346 
0.3776101602383342 0.3468142655879526 0.10866111308633188 -0.26700260739275855 0.08620737259500323 0.028262502168258173 -0.023065597308205725 -0.053324495521666196 0.07386556934253202 0.2558092066857457 0.19056664403015453 0.05887398647204668 0.32179629685916594 -0.3747126443365261 0.3814603144949264 
-0.34577563611467943 -0.3302116884101526 -0.0572876094148911 -0.3688430603882498 0.02171407810830762 -0.5342440663048642 -0.16276087516206955 -0.33932271270143055 0.12411843770521809 0.07536706095716332 -0.10434007406074776 -0.2381729339844815 0.15374249902941922 -0.11778501176681584 0.39582546453586454 
-0.0088766964382372 0.016970248638950008 -0.36547393230862285 0.07010855407942895 -0.2006483036474778 -0.20070573766998903 -0.04894765428090014 -0.08768762643672576 0.07813432657179668 0.5191594542698439 -0.1075246867741861 0.20877964742738225 -0.01265075510065435 0.44486478538266455 -0.1808903270533532 
-0.19318995131911224 0.24580230155514948 -0.35337417176135405 0.3244321047581784 0.04268418163594236 -0.315306475917051 0.3844505147202379 -0.34146765418521197 -0.19719783939006394 -0.611356677533982 0.05273499006197839 -0.2442671467655573 0.046133589472213576 0.24229925390936297 0.5175242411327375 
-0.035553811923731214 0.13091148272013117 0.21117701049788332 -0.033721581306850046 0.020993964552518382 -0.3170798897369069 -0.09761713150526731 -0.274540533513631 0.1439961089358148 -0.051459182552501544 -0.03775517981395494 0.29698127874852653 -0.005142840738863749 -0.09912076780546684 -0.1463067779645926 
0.2816010456421712 
-0.3617274024716231 
-0.29830745045849083 
-0.5011907819051933 
-0.1465938568078847 
-0.012943139885618512 
0.164944570926837 
-0.45944260780218643 
-0.46021203843231584 
-0.6568090746232309 
-0.40828215137616664 
0.15692732372103194 
-0.06400206712090122 
-0.31105345547634694 
0.31300013590235926 
