30 15 15 15 1
-0.11222991831371665 0.13976723749079314 -0.3103290963799836 -0.1707121257404453 -0.2166238805668982 -0.21582547658696224 -0.25120367757214684 -0.16149605110263632 -0.09159435037557181 0.05721163313711241 0.11470943879256146 0.21615899040858283 -0.15012284306905663 0.31594470385568624 -0.17824087325293025 
0.10313001998826601 -0.08323346070551858 0.008751034684106549 -0.21346354012990004 -0.1851577475789877 0.26576069866199176 0.4051271489228712 -0.1298086295721772 0.1166377718647328 0.31827613071954525 0.24222088871722444 -0.3511956894125063 -0.2865950734575941 -0.203030924857635 0.33022391283613517 
-0.329377764700309 -0.030592229194745628 0.32419494620844674 0.042997679197756954 0.17417014358047705 -0.2539812956654523 0.10762876318531449 0.18164300145829265 -0.2999860073902963 0.1653584359483785 0.428299645045327 0.22423493108583595 -0.17285615959390682 0.18434353871748582 -0.29668383256026987 
-0.0896587966022037 0.43535036816908407 -0.11555768061748534 -0.3520628438015062 -0.20979837143057956 -0.6653340927349882 -0.08087774905026723 -0.12954836841276557 -0.17608977178695276 0.025477028896864245 -0.1954691307805463 0.20761553237679048 -0.004100040903607808 0.05277675571107961 0.1451699780952854 
-0.24598772482206485 0.13032268930432855 0.18784367703612548 -0.3275725833377282 -0.42754809714621134 -0.1134935145122623 0.1256840172567809 0.18402833126987833 0.26264405831130594 0.11170819658110433 0.48670404650348886 0.017747480663864827 -0.19863968830718745 0.40186910180553825 -0.12126176646457669 
-0.20586753400100502 0.38278692849033435 -0.23952599413302406 0.14699282857632417 0.15182272612506545 0.1752550805805304 -0.030099647978548003 0.27827810784451446 -0.101388876100023 -0.23326634499182816 0.3880019538875658 -0.026430319370835904 0.40111238417828954 0.07516549793718971 0.2578479070321713 
-0.3193315503992647 0.48161747386451087 -0.1521340322435265 -0.15935865689295267 0.046344610230941066 -0.4947664824793896 0.06282579069415287 0.18485750284008812 -0.32290070886306294 0.013256444449357025 0.05526641245507379 0.20436279166621726 0.5999664021365485 -0.05136271409028626 0.27297286382294117 
0.029167374122717474 -0.322654182239252 0.294559002584074 0.17527562457845702 0.45016968642943705 -0.5241488678509169 -0.29324449268899583 0.2327369081703918 0.11942328051898955 -0.3345062435803351 0.20318774100892623 0.1814561524592527 0.2622989157232982 0.05794145134014633 -0.19674079104127845 
-0.29895844095032775 -0.3903994449977095 -0.4445933643733509 -0.06549070236398302 0.28207661448654375 0.13651911038799744 0.1782502079301895 0.13942458111479725 -0.23204652919405855 -0.1343319630216325 0.19640771593632464 0.35533600026760026 -0.14376538408772838 -0.31214512584972415 0.2998236670582912 
-0.16321586406882405 0.29275823592843175 -0.1359786594702878 0.07437994978893994 0.2388761445970917 0.25889459672025944 -0.050032244609821135 -0.2731734919616353 -0.2338508016596876 -0.2830555595718507 -0.18055971263951318 -0.038749503243672025 0.12946215181137657 -0.015578551356498781 -0.30656777281565173 
-0.2654320316837112 0.1076039958787809 -0.22610719446366379 -0.1667204191001723 -0.11809261924769945 0.16547927604337137 -0.045714495825012594 0.1796714884687937 0.2866302638727695 0.2918943593516747 0.018223574637688866 -0.04560029100926329 0.24930475013425069 0.19238243326670815 -0.339776698146815 
-0.2998001345413701 -0.29459978273708326 0.11553537399851381 0.043426292112711415 0.010667276037575873 -0.08838616632065271 0.057838318858959854 -0.044333856449780905 -0.07207903038074005 0.07680796575911877 0.3155780390974721 0.18246929063150918 0.0462614956780702 -0.17311354245360552 -0.15994545178611816 
0.05474509114150581 -0.43727184638388156 0.20742605406345924 -0.20723970299863984 -0.0981543819704354 0.10071181018578071 -0.2739314576702643 -0.05899137971231378 0.014649245256817838 0.3999467391667173 0.13045957439222555 -0.4184811655005717 0.361900143529854 0.03543688913112409 0.4896788758733665 
0.2679647437509117 -0.31621133654850275 -0.150743159072952 -0.05668737644577902 0.4748570398894857 0.12627317879743294 -0.14136789096504457 0.3212903425451645 0.07768167282912437 -0.041607553829127286 0.004060611147958315 0.16724722958365223 0.22498074216488315 0.22449589116581187 0.3337706417735264 
-0.06310231942483936 0.2921925187454006 -0.48869804333192074 -0.2630482941511019 -0.08615886531584847 0.039062320026236635 -0.15984771581520216 0.28703637938271903 0.20109655433948967 -0.30560090411221214 -0.23809332625097843 -0.13951657556699132 -0.36687976888011326 0.1810830203208367 -0.05321046970947118 
0.2731896661255655 -0.16850188205922167 0.4162609482190188 0.1944926775112038 0.2712112867584374 0.0773309791308026 -0.09150680332228298 0.2123811350521726 -0.13026560874671014 0.13931836058626937 0.03463877284462424 -0.3451756825049812 0.2525561000168445 -0.2759120633765326 0.3065693625027334 
-0.11195422274670991 0.278401581387836 -0.1049734083038583 -0.15072991684906614 0.2734920695932191 0.06730644511667039 -0.31818682754481803 -0.2924076099714822 0.10843933895359038 0.31957717400826846 -0.37140931119900394 0.28011077284508795 -0.11771045080819786 0.4027675523930232 0.20966701371909535 
0.16729093466124034 0.10860320778577463 -0.0029021291885073103 -0.09604900349629632 0.26908487376692103 0.15256114253276612 0.2050076572895497 0.16993695339123563 0.12019144960304898 0.18958736517149186 -0.0715717737180925 0.17005667466252386 -0.060927042448958094 0.0037698502298999293 -0.08431259732788698 
-0.05908875266923279 -0.058654584364233965 -0.1688213143192487 -0.13470764528441856 0.2762774218720355 0.18995436471560437 -0.16048764547553557 -0.024285761098406536 -0.10485490104271562 0.2552993136237705 0.37876595774958705 0.36710767937956557 0.11918348912804838 -0.18500606850676724 -0.21155028093763542 
0.21872365488751472 0.04424764422520604 0.24200100649391842 -0.06902410776597029 0.19387709183559398 0.01155022486589727 0.24677707981913302 -0.05671993312431256 -0.04582991404607188 -0.09502650067136192 -0.20274589904264342 0.09406951615516233 -0.2605246147990377 0.3639580632941747 -0.29618674730542316 
0.19144619095138776 0.2943352124621096 0.07567561815657417 0.2022092476881581 -0.24553755272047748 0.016674034400789618 -0.10114496412679375 -0.23376731907906362 0.05544242454038554 -0.11379465392442756 0.44729604605634404 0.3159519758678247 -0.18757578952986287 -0.2400830442317942 -0.07925553699623554 
-0.00024604238172358625 0.14668661511837053 -0.1787950887395641 -0.15377817118354017 0.23500477735374936 -0.05382865960079027 0.07014295359287848 -0.16278176254448054 -0.2462224449289356 0.10339506671626379 -0.015403746579588666 -0.21391424103929949 0.03992392455212677 -0.03493249702476398 0.11272991154140218 
-0.2190774399905353 0.03908263276631717 -0.17007706915032234 0.10792242292423089 0.4209153524495051 -0.30886050305349905 -0.09886196892898519 0.11903831187784927 0.21225155780166824 0.02287074306422611 0.17448170743303557 0.21898673212765155 0.12085507339377578 0.22736614367450608 -0.16588434535069366 
0.0913338923340031 0.14622156919161877 0.10541045228489418 0.19242555921747703 -0.1784752878909252 0.14570090125663257 0.09288579535193378 -0.07113564308646261 -0.14812673213703928 0.07968357149761723 -0.21107303979642433 0.22840542274496936 0.015406455189067516 0.19991280971463368 0.2851818382530367 
-0.12124218315086452 -0.03703108446860909 0.24219720302125872 -0.1259477624555934 0.2483108363772282 -0.031982892260197585 0.23220640986754107 0.2556606197386135 0.01569569025425169 -0.22487742902301155 -0.16782006099017288 -0.08374610166706553 -0.20901218759121623 0.39949508704294395 -0.44907499152855285 
-0.08038954390461782 0.18034382549220931 0.05653243786768282 0.18448564298983244 -0.1857525367088574 -0.03465879638269747 0.10220747517989595 0.2906354399250994 -0.1814972128077624 -0.15396636485257092 -0.14493835895810347 0.08758909300170312 -0.02561452116811912 -0.2750939236362387 -0.008404682516113992 
-0.17642366364889947 0.10195798139907364 -0.13864157541940586 -0.21077922363076812 0.16294299450934807 0.32964987356196485 0.02971045232857392 0.09086582156907957 0.0066028161999716495 0.024373396932207435 0.3993947701586737 0.1610145344590111 -0.2909325298383136 0.0818898609295824 0.011216080264136384 
0.2486625367112301 -0.31845442911602173 -0.2798714097695235 -0.25468720036460724 0.15703555960008106 -0.18735332634309396 0.014042025501917426 0.24901157258148512 0.11941233019727131 0.12129503720784929 -0.054794971220220264 0.30120074627659454 -0.07505219114578071 0.3524904725197714 0.12725374788661595 
-0.2197911035532081 -0.2443055703178111 -0.12364687944822811 -0.44978261207888726 -0.01684186514994658 -0.4305104152567242 -0.5592722547621796 0.2549473365397162 -0.07284467209706626 0.1528089578598135 0.08606759155826535 0.12020738650328729 0.14220716395807717 0.041614244264129484 0.2984874934707244 
-0.05853439956757013 0.35324091368793203 -0.2496770914920507 0.1299644352772309 -0.230957782399588 0.037446996615286485 -0.4494253070430299 0.022712222992969194 -0.3098521986099058 0.32841404480576875 0.4854686055974421 0.3260352004457862 0.3974896126640258 -0.19813545548427797 -0.12912740719181007 
-0.14129059823355378 0.35699745781110936 -0.19779509999927583 0.010285233473014252 -0.1383276647738699 0.31380430456834085 -0.09879520223688606 -0.10421144923039583 0.05511791526222654 0.3361230461996465 -0.3601548741942992 0.21189202280193792 0.28120424491037666 -0.36307795140160415 0.01604224021307206 
-0.12954241972651773 0.16492720759914237 0.06757681800724429 0.3275661855261092 -0.03444637890335094 0.21197555639345095 -0.11489156612046225 -0.3692460049762478 0.20783827742738115 -0.1380305005069763 0.012551561083969242 0.46666845198338297 -0.1074916059111082 -0.15675274397578773 0.035519498982977626 
0.33053846003150844 0.4298012042586644 0.25413157590882585 0.3721251217339788 -0.20498453880722786 -0.3261621589608588 -0.22889316641056473 -0.14267720045509644 -0.37293880112576 0.08422617462121536 -0.0732352867259845 0.3167661413283576 -0.22338288605206696 0.23064984189795107 -0.27382733993972025 
0.05446479603544205 -0.09858558161450616 -0.464449474596842 -0.22711417648657245 0.12200643824768033 0.005441534808010191 0.019098539841594157 -0.2300955810039831 -0.003180803167827482 0.38444591795814054 0.22980299896189677 0.02473521858131547 0.5059104386531418 0.37640025656403475 0.14385536448969477 
-0.3589759276826654 -0.39352524417219753 -0.31701030852562745 -0.09169015764206227 -0.09210576526690437 0.3912361248411692 -0.38923748875952213 0.37124738631667403 0.28825944335411324 0.29542938264173785 0.08266721903612732 0.10064728695712574 -0.03556870924148947 -0.45096504541145077 -0.05359814830095938 
-0.00575327294287526 0.2985016130845586 -0.13928637272075028 -0.04738379337235061 -0.2755439714558103 -0.371949514201676 0.26162610124501673 -0.054486360114192924 0.274618654995866 -0.25064209416254757 -0.11987170252071629 -0.03756520224672601 0.355657812833274 -0.03732861746282371 -0.2917948500269927 
-0.1398284925179788 -0.040557037862193925 0.1079529491947329 0.28389664248960245 -0.28131544789577356 -0.3248877983576452 0.04849986549001539 0.3266044638112102 -0.5221919847275305 0.20747882799175787 0.1393012806339169 -0.03643687778318917 0.4353333703045746 0.16484718350243419 -0.26834481120315457 
-0.01131532690897338 0.2804570329197379 0.34452434216935063 0.17929423395897653 0.12930503086592987 0.04059047627992437 -0.3216695437584832 0.009271761928871525 0.24638697436916412 -0.10237921254929849 0.2613301671235315 -0.22283941705675764 0.1549260515374364 -0.15553455826080886 0.2595885892822488 
-0.05301269850148849 0.22185396107830302 -0.13368522905039315 -0.23068379037122835 0.20124844288831797 -0.14277712726720082 0.1749292867454522 0.19694838678121723 -0.20485039809089323 -0.21569987106982078 -0.22751327100380406 -0.26262282782226287 -0.11663294422981531 -0.3964496548531395 -0.2966374516967519 
0.12996417081116424 0.3472648782135546 -0.5404476585531918 -0.3197841574230731 -0.2207494154008024 0.4524981367933964 0.22274314969566303 0.13585564718648038 -0.2746502659862693 0.23885088182730066 -0.04740296710401617 0.310993237451329 0.25607843416766785 -0.043386087001419556 -0.446241602278419 
0.365737855504067 -0.30236923990456077 -0.17602508895442845 -0.030607923433740095 -0.07053518579478926 -0.31742231789038483 0.22292783675136427 -0.34001740790036084 0.24925781619693851 0.3479799319217585 -0.24991184911499217 0.09486064841976663 0.12730596472550307 0.22106737784348746 0.11323912374893068 
-0.15284914805121097 0.16261645179046272 0.4719369679605149 -0.05523879311528179 0.21281727929505123 -0.3809354454445545 0.28607534246041944 -0.33755321928144516 0.0029774461583392023 -0.1309218755584206 -0.35496495308512604 0.3966971709321095 -0.1743281902544063 0.1140860215357877 0.03951910842419909 
-0.27987704657917334 -0.5109201870940241 -0.2117605034028046 0.221042293756862 -0.17894337612604633 -0.0673312405879056 -0.3300394171823206 0.09124780511875266 -0.176134106411234 0.49600362764639333 -0.24453659256276658 0.05880788836302252 -0.6276133770836184 0.3203690979049522 -0.11915190933235063 
0.02032080562052852 0.021678460432375247 -0.2034218370857007 0.08276660153509961 -0.21375120936575107 0.2906869007232432 0.11111606675173616 -0.353085017349448 0.39287733015162746 -0.43219464829926724 0.26470120753833515 0.15787324950374415 -0.23078859346623035 0.30106930315094566 0.2496284948851669 
0.374755406430239 -0.21785546040437095 -0.43867469765556333 0.4654582575361656 0.2720493602531955 0.2716160685648906 0.021263858630860565 0.1742335944118175 0.2246606815945993 -0.020862949722698164 0.19205661146592073 0.1401785405676873 0.10444387689951648 -0.0529692085881908 0.30720544617653733 
-0.040888328630806416 0.24868387304185183 -0.054043690091650685 -0.11456790272995448 0.13027458059009614 -0.209969269665279 -0.023872862853092328 -0.13809967056988873 0.09383011825288244 0.2873841932293994 -0.0382524040661207 0.2145870466991804 -0.03142029029096973 0.11602990598630093 -0.2801293144385952 
-0.04912446808281908 0.27473583389137735 0.07777601790729766 0.15338776901231102 -0.013150841294730294 -0.06323031774986987 0.26026236808926534 -0.3308022239334012 0.0358873138357854 0.3956126263269964 0.012983565161541566 -0.23101059659793138 0.23928758552351795 -0.15987308557269933 0.3473346943627967 
0.029381674151809468 0.30940391293832037 0.09193382044666108 0.2122061429487259 -0.48327252482020766 0.2822644613327632 -0.3229343746539111 -0.1324831428667342 0.3355246575895946 -0.5066132319876505 0.23972321859674367 0.2746578454080925 -0.09910149159979592 -0.2346877338662644 0.45660303298510746 
-0.016105594369924547 -0.3997191539820119 0.32735131607743995 0.2668952038810047 -0.028303746836763455 0.06408268462305232 -0.05981803893646533 0.13674929068753597 -0.3194327365038884 -0.27369698732163694 -0.23484789534813968 0.3569136988538752 -0.22592058765239126 -0.6080546997015285 -0.1083732542418465 
-0.37362108088381146 0.16161781089156205 0.04725806882188138 0.2224664183478985 0.0051369155089843015 0.22031847469203006 0.146146405505516 0.20944906998658008 -0.06883190861260378 0.10962106638365021 -0.24247606056465554 -0.13271906185287038 -0.2481042511382072 -0.06722415511751405 -0.19450364645721424 
-0.06850412060066094 0.3593303217148455 -0.13386297572861036 0.37088949058839693 0.10803130501591934 -0.048816663758357005 0.27172473295525257 0.08836119973281834 -0.19553890131896987 0.33365527905874226 -0.049156324055172805 -0.10562572596958086 -0.13796745973952443 0.23447497436379403 -0.28197340198002097 
0.23315280557125848 -0.18985386867651136 0.03221986919111717 -0.008771580513622595 0.2700507152078198 0.3731431326858375 -0.23888610956480275 0.06274088254797691 0.390722750079727 -0.08967651643431032 0.3226033416391648 -0.1655093479535623 0.06702990063609461 0.12654731121469806 -0.21798418749365975 
-0.3738807874619894 -0.1368916499027137 0.3358013037148002 -0.1719006108250654 0.13973960981593203 -0.29631313444672386 -0.1174088568557909 -0.2700867898403753 0.19486339639365577 0.1754746976887764 0.13399728364822228 -0.1852387740287935 0.1166644819411748 -0.1918650574328754 -0.03432591925666175 
-0.09475071353971135 -0.18855321057819424 -0.3388741992697545 0.07083539998921178 0.07800016459924478 -0.01989480094201739 0.11003143117795662 -0.2501911769595785 -0.41744940771874695 -0.0605127206842582 0.28164967604214675 -0.239223085443243 -0.083456863281533 -0.07933947832195401 0.16778984045211234 
-0.25680082142739835 -0.15905889382568675 -0.17868812458590325 0.2531829943890888 0.14950521588865767 -0.15789102669049068 0.07892694131293504 -0.26940422434408046 0.11918975533673735 -0.2108851280805014 0.2691367958267087 0.12770640726953603 0.0712105319199331 -0.2930788097906197 -0.04844677965626576 
0.3741529068326077 0.3374242415620828 0.10758941446150963 -0.2644840716135852 0.08840278430665284 0.031025578873067873 -0.022832317872327132 -0.052790001250114925 0.06458605831115495 0.2567000514334103 0.18873052860020678 0.058284831125921706 0.3164557463792893 -0.3679079382221167 0.3779713672267773 
-0.34258291332083596 -0.33186748248172665 -0.05671406127540019 -0.38924294201803566 0.0055097468709489165 -0.5093187835391221 -0.1611802975544976 -0.3361841554134861 0.1168135571440665 0.08716980368833668 -0.10279717088591152 -0.2359084172447347 0.15134320413959532 -0.10198006894078063 0.4361268862892995 
-0.008786538443795152 -0.035899390414589824 -0.3621170025167392 0.058759806071649975 -0.2178843660256995 -0.12734129090005822 -0.04845639691955396 -0.08681750313489821 0.04686951124809745 0.5380762850608487 -0.11370885978802557 0.2067782974259899 -0.010118822259017297 0.4639606847881716 -0.13731051205156822 
-0.19132993267525727 0.2715842756454737 -0.3501179042560126 0.312956312486921 0.055280529713773584 -0.21078270131685314 0.3809369966441681 -0.33831107178693764 -0.07061228933049699 -0.607929778846757 0.0522063127634158 -0.2419485988094118 0.046761345978486024 0.31160385585779976 0.4403828144573617 
-0.03519556278127093 0.09940836548394173 0.20915403537580943 -0.03300229454050025 -0.060785900655509005 -0.4913042399582228 -0.09665127101599415 -0.2719562375812235 0.0696368630151565 -0.15890008789165294 -0.04893887622003724 0.29420279548380324 -0.004905517566652152 -0.19497392238419584 -0.02392573398689814 
0.27895539820547854 
-0.17564539821204297 
-0.295517564891308 
-0.4927324824016464 
-0.019562467396442587 
-0.011091998787144145 
0.16334377981713433 
-0.4553251769323926 
-0.44431935838877107 
-0.6685281246361596 
-0.406481285021596 
0.15540086727882527 
-0.06420416104491869 
-0.3219721141981866 
0.288626067128273 
