30 15 15 15 1
-0.11139008378333805 0.17796470643061096 -0.3614960035710401 -0.15129675667219317 -0.24156498778022042 -0.21119782309476118 -0.28887420926974117 0.04231903042752916 -0.0915724795569726 0.00025927789734536 0.06594022843631175 0.2511097078473106 -0.1436233581061784 0.2615624296790038 -0.24952547456401342 
0.1021619493927155 -0.10936892065226132 0.019975723328265003 -0.2536802075111571 -0.18345997474967377 0.17168072248643187 0.4599706023573172 -0.2082824333003947 0.1155471746351571 0.3910467098837226 0.20579508000188212 -0.358152627665504 -0.29978339112355196 -0.29522295503555174 0.2997866244590071 
-0.3275008432334069 -0.05960967358139599 0.23847704022253347 -0.009101444644758701 0.10641155618149735 -0.2814332406812124 0.06221223329343986 0.28673067528342966 -0.29732134294225365 0.16827404116466937 0.4822243848575029 0.2158188915424403 -0.17872158466457355 0.22062643017815917 -0.2614974357672145 
-0.08985561914998601 0.4888492184817769 -0.1972430693334763 -0.4039130923040154 -0.35978153062893137 -0.6454001593859386 -0.09796092442652012 -0.024884113952168933 -0.17596323265208372 0.026129595662471146 -0.2331053027055212 0.2887471953792211 -0.06610115757393953 0.14934215949337654 0.0741379993233036 
-0.24377015169566935 -0.07404093650149744 0.3222532511074546 -0.2071395068802391 -0.3829063579034265 -0.09662738823543428 0.15876879915185055 -0.024860203843144513 0.25917124322302226 0.1498293586464583 0.5166918369168174 -0.06152037187536038 -0.2583141583187261 0.2783486120826411 -0.36747517317714923 
-0.20399081779677847 0.44634300622434275 -0.23130763368924862 0.13048863753349924 0.05675722614983674 0.18294608111233257 0.05580563715041032 0.3192726315307713 -0.09607077017715246 -0.14318800072980853 0.3081894801553918 -0.04998961200800992 0.4176801457105181 0.21277346059537783 0.09943651194007404 
-0.3166199335342894 0.4922282847127711 -0.17926624426230162 -0.1986973424621804 -0.19778950836132914 -0.46084908637398686 0.11007481807356417 0.227310327567057 -0.31539446555371164 0.12426294358911151 0.0003439678743615786 0.24078177198197714 0.5476244513887087 -0.04869467273689958 0.11173735591671939 
0.02786195745387265 -0.3563108299941881 0.19955095164156395 0.1275141614771936 0.32961170704510606 -0.5600762783315774 -0.3239653004187772 0.3116275817164678 0.11830753473053716 -0.388712084339633 0.21456261874968316 0.18781598312311285 0.2724045842670547 0.20925199181536483 -0.1650623125413815 
-0.29630216290723055 -0.4397734689190687 -0.5244505892477943 -0.1350914653044235 0.24843813598487136 0.13721157106947768 0.14275522990081518 0.23862252660606229 -0.2299465435773341 -0.1330822974730903 0.11915254804089359 0.34601248037193516 -0.0551866084071328 -0.4925007010569994 0.2890495771730815 
-0.1617099626251866 -0.011254857649563915 -0.02687614262206574 0.24263894394795782 0.2888316466969828 0.2016977089935898 -0.11438811282180342 -0.28592209414139624 -0.23173554695069895 -0.2805296664106511 -0.10037284887353222 -0.10130644951485708 0.12825610444946564 -0.044689359874415996 -0.3009929218081186 
-0.2630519492662659 0.312736529273633 0.010541793834084275 -0.19272505875452858 -0.034828523110465255 0.15773636801895227 -0.23814819336253418 0.067096140210039 0.28862379838983904 0.30295062905344383 -0.06784011155992185 0.011635664724140637 0.043062144325698236 0.31349008047679877 -0.17138997747165963 
-0.29713698673650357 -0.1962064056178695 0.060989914646570935 -0.03593006658340524 0.25138852665374395 -0.1184604950805353 0.14521562817816905 0.19357428990458259 -0.0713962806904002 0.05063652985225699 0.4092416376707105 0.29267247798296264 -0.015944254687335586 -0.11789360157377118 -0.15162261250769124 
0.05888909230005011 -0.17060260574088135 0.02303161000680721 -0.3771437957373084 0.06014665284768336 -0.03195112855214599 -0.4523482305783252 -0.0766474379593739 0.014508104790465406 0.3905940021163449 -0.11348699712771396 -0.4749794815222188 0.3368757056558599 0.16351231897736343 0.5654902139089553 
0.26556362049878546 -0.2182815555402836 -0.46434802595481484 -0.1212081611559632 0.2643444860437358 0.1255585253218979 -0.08523783850432942 0.3786836133754571 0.08127652455804146 -0.0726570048455603 -0.02630141994744919 0.18191952514197735 0.20356160693964573 0.362404281901653 0.2212745800365778 
-0.06250302230813821 0.28172324255374703 -0.5366152095785366 -0.2438237464975382 -0.08170735008058563 -0.048230426290215116 -0.2673574631684007 0.25437923833333687 0.19926087861244068 -0.2647810971779678 -0.2572287290116064 -0.15006911710047874 -0.22559033693555952 0.10032058493960452 -0.047627070208814716 
0.2707452277122123 -0.2080708587679655 0.3753645556482469 0.20540227257908175 0.5083606366380814 -0.029141627479554302 -0.1415522458247344 0.28511437980652526 -0.12905235656561034 -0.017285557649592533 0.2142723710712236 -0.30506571772105595 0.27869849030679705 -0.11710479950865692 0.2858468667325398 
-0.11090600121682037 0.27083776021756656 -0.13126009559747626 -0.16213359439062594 0.22289761648457163 0.06666800942588239 -0.5050254794422869 0.01220012273523587 0.10742299449121 0.20141492108469497 -0.193529133098626 0.32580619168970987 -0.11159374879753291 0.4228687761357768 0.2209690968480869 
0.1654791223466674 0.15965403294732847 0.0760512500944432 -0.18313149449690433 0.042431696754451784 0.15114927251439145 0.25652652828189254 0.2543497897044609 0.11906877559162587 0.16422735979237044 -0.09536169584932712 0.21956877193716215 -0.035337046524041016 -0.0677381338824789 -0.13531085525232192 
-0.05852691031305874 -0.190413686672603 -0.11238217905722796 -0.016274303391426412 0.31368644907118615 0.15021382188672303 -0.19568268225123597 -0.06117448909387006 -0.09373178465537564 0.16419912341118298 0.43966258196358227 0.3706227605396047 0.1285296150823827 -0.2549632406685689 -0.23424730125520848 
0.2167368895695279 0.040071358779952104 0.33501103270337096 -0.16071360870981763 0.2648835791902109 -0.15317698532273624 0.23671638090718114 0.08828473662826647 -0.04650525582152495 -0.12408791666359056 -0.19529841669163595 0.1381112190106138 -0.1614854589611585 0.40352207631496745 -0.49900891644668316 
0.1896938634639409 0.3429559867763054 0.07246435613740738 0.050788501207945765 -0.27052208062053423 0.09020291746694142 0.1232724475795471 -0.14654570564825786 0.05491468654263206 -0.11272976695705915 0.48499822446785196 0.31981209580903414 -0.11668620465823128 -0.2668514686676114 -0.13400412011967633 
-0.00024366158774646773 0.19363041200628767 -0.17715271062065063 -0.15235553173670305 0.20145406662779997 -0.053300018830098016 0.0694781656733914 -0.16127968111520635 -0.24400289975154976 0.08118183674681226 -0.013439371920850826 -0.21196855261091477 0.06573445990316781 0.04075730312161247 0.1902206795026758 
-0.21708765734032776 0.009000886254235374 -0.1685109146136157 0.12657923218931982 0.26301892692656725 -0.22036152047906393 -0.21530009976640074 0.11436212950773636 0.21032009576378746 0.022650931623829813 0.31074130652686305 0.19748641336382666 0.1383359646403655 0.40009606252018504 -0.15187564690998254 
0.09047360776205016 0.10258021062626096 0.12921671549707797 0.10680977458240536 -0.2869048800284837 0.07980789551501924 0.033879919212412006 -0.12462763861513253 -0.1467541650283234 0.07893046776444446 0.005329383041730973 0.2977817188302798 0.08408884948886679 0.28714748728521833 0.4469503609595048 
-0.12011003737792526 -0.011029324492230135 0.2460798436102176 -0.07771427077494315 0.2566482564940217 -0.05557324380149969 0.20077978707209543 0.2870323092681642 0.015544514958909591 -0.22283826411342555 -0.21031141643075935 -0.04870504244943133 -0.20710848029826678 0.3679914345626838 -0.46817822406780424 
-0.07962992463709122 0.13375861234575318 0.07174086684044552 0.1763080732230258 -0.22714279317658737 0.007907049002415047 0.09165144138865414 0.2747220841211783 -0.17983128521749198 -0.15254206075278384 -0.14359411221575408 0.12715686380922886 0.032887414847329155 -0.3794682494137308 0.13420980348449027 
-0.1748019823992777 0.13761892556460165 -0.13740574662146185 -0.2416906589797819 0.15478276217979242 0.2937104898862067 -0.021878004937598883 0.10033812417028085 0.006539046830537775 0.024139248350863462 0.4133371556717387 0.1425158084406255 -0.2883419147852639 0.13900359647966504 0.06672963650818167 
0.24614978686463235 -0.27417832219189137 -0.21918345024225158 -0.2605898565268907 -0.07394441493388883 -0.2495438985661954 0.05677191075589543 0.2911050013972342 0.11829668319338842 0.09642013233015367 -0.1012854672212642 0.33383875387668827 -0.02039057717260388 0.28846786920393025 0.07357740598884294 
-0.21779523606982262 -0.2752698931422217 -0.23381012675536997 -0.5414660209098217 -0.10521238096724694 -0.30710589636064334 -0.5852364902914525 0.4009050781444548 -0.06251816579454754 0.10345272447515193 0.0005480967239263968 0.18599225832998328 0.17438439596830227 0.025271423581845743 0.1464418205951739 
-0.05797773740134114 0.3830495508821964 -0.49216428927934897 0.15964186885211465 -0.06874349284253094 0.08133740550948766 -0.3526417542028122 0.1274477781020727 -0.3071072475376701 0.3913679379945955 0.3361246922597563 0.25777750584320386 0.36806941921261593 -0.2999835434250388 -0.20554501679011486 
-0.1399788154216264 0.35386691868589915 -0.1983979718315159 0.007887831835937132 -0.1370423008637376 0.311027312194869 -0.09786665506615734 -0.1033089835063706 0.05568704426451269 0.33316637273380423 -0.35700709795061436 0.2150316990538006 0.2786388335917107 -0.3599070958883684 0.015887743078413986 
-0.1283356524311581 0.18461446732609285 0.15939149058265753 0.31603187176971764 -0.05928638357786993 0.17571789574716004 -0.17679546170769259 -0.48736339238526066 0.24515337754196323 -0.1308853972709698 -0.00516397178560297 0.5409158881050532 -0.163427386719919 -0.17050048390213862 -0.14366506360760792 
0.32762654575109135 0.4394634385432976 0.18935803818825514 0.40726911430945395 -0.20311540999782637 -0.312399095015549 -0.22815089965462426 -0.09910127627172458 -0.3849925905211657 0.049965287334386176 -0.08503301024490681 0.3686667387994306 -0.20720762489378966 0.36038391114349777 -0.3373093991052925 
0.053946214310188985 -0.07721760074959554 -0.48224040246473887 -0.15224945380379346 0.11805894230358535 -0.001974373909493228 0.013693460550464153 -0.1998255764788529 0.015243915898904175 0.4674222713003963 0.22164666924284812 0.09833832750423843 0.4839389480601061 0.35727169538521064 0.001101577940781897 
-0.35583746993238646 -0.39634968049663216 -0.3632958787893403 -0.05182652607750167 -0.09123840521650599 0.3746427917929524 -0.2768241481891479 0.3529506907719188 0.31904013961316824 0.40051108523627577 0.07655242966288352 0.22272598102086685 -0.055816289262801626 -0.4385184655101477 -0.17638684418713046 
-0.0056976942190191645 0.2984660192799679 -0.12479656293584278 0.010735917862822637 -0.27308005578756206 -0.3945941904608393 0.1924922696711573 -0.01394550374431757 0.28672001400175323 -0.2239506926934998 -0.15023016547031853 0.025688566616104552 0.3396461168919197 0.05225551643865649 -0.29417188310728526 
-0.13852974094596535 0.02334848647149078 0.12065072931672507 0.2651591376490664 -0.27880388978995646 -0.363371264455542 -8.40791455853611e-05 0.3079167190735681 -0.47986554683292365 0.16064506159366268 0.11951081252833082 0.07846347169883544 0.42022810387711557 0.17465828453503587 -0.39080316230875023 
-0.011206198785429779 0.2290817970381059 0.3269789578458171 0.1969454238127714 0.11083941578648042 0.05392760813605384 -0.19073126495954967 -0.06288643824372302 0.25599619483851965 -0.034258661901051264 0.2577360737593788 -0.14381124954180982 0.13004731298770023 -0.21014999700503337 0.18531824101886796 
-0.05250772656327443 0.21881878129728616 -0.13254796409941028 -0.23343621076770363 0.1994114589170943 -0.14145210666755273 0.1733206620232771 0.19816011975614503 -0.2117603420277196 -0.21373891889993718 -0.22545171632287203 -0.2591279560842277 -0.11651434805436044 -0.39469435192552776 -0.2940001333286499 
0.12875362131853937 0.3003938990085525 -0.49713170114166993 -0.30073497712997305 -0.21874538094885013 0.4373003720526563 0.14913154776621398 0.08641138614385542 -0.2040439062601316 0.19981865694152823 -0.0469506819497422 0.32566771084917 0.2386023966627889 -0.08686591036789726 -0.2820295306055609 
0.3625460294933374 -0.3642284861800789 -0.20532536844952795 -0.12314175695636564 -0.06986675733400151 -0.2719004040432201 0.17032213162941948 -0.4117911414682549 0.30838167377760434 0.40393152609796035 -0.21634681956531668 0.20595627468406016 0.12014297182244929 0.12379069533992161 0.007146712305837856 
-0.15143472881385714 0.12233432053375298 0.4134551423122054 -0.061290462259498905 0.19595149724713995 -0.3402069243134453 0.24744753771684733 -0.3353715649062047 0.006562759413381232 -0.0759526284614891 -0.35461795764345794 0.5243373974630912 -0.16916120155050368 0.030672759528405664 -0.07820286998782973 
-0.2773773482486877 -0.5214100292415567 -0.16072013784589048 0.20381582516820101 -0.20271078101088327 -0.11474536059024153 -0.2962382163279941 -0.06878629482892841 -0.11948949179283339 0.4587244514075773 -0.26292872780557686 0.22435933007461234 -0.5938974765211648 0.26841884421477175 -0.2506163276381257 
0.020125353081648704 0.1297099985375582 -0.2752769326355565 0.06956073606237967 -0.24544453814317013 0.29824204184604963 0.1575188751010075 -0.39146213096633437 0.3906680502764843 -0.4400129732504702 0.2537243436370791 0.21687489336532448 -0.1720202722439026 0.3617038051290295 0.13835301333078567 
0.3714927047198395 -0.22258392696427792 -0.41039440987274495 0.4654200885894912 0.25682153764317134 0.2691716922331365 0.01201263203485784 0.1888273618015337 0.22004814663503822 -0.1244730110713384 0.18678576538018418 0.2803139900235896 0.10524216005325777 -0.08155110793791423 0.14924634914418108 
-0.04049744859655804 0.2464436629405109 -0.053529053984505456 -0.11349601912251348 0.1290612479747144 -0.20805735694392788 -0.02364348854850494 -0.1368163414134933 0.09294696313191614 0.28482269929394566 -0.037886436829565724 0.21263560528563424 -0.031119076609822688 0.11494480214176639 -0.2776275354632005 
-0.04865599598922843 0.27446816100012894 0.07704053272209918 0.17003592576853382 -0.022247397392867834 -0.1375525531087267 0.25792532361867876 -0.32788819264870683 0.021264702981347524 0.3728270683160906 -0.001083775038244671 -0.22891938468026277 0.2295892121147659 -0.1586992722147185 0.3584256988509609 
0.029099833041776775 0.3078922813980223 0.0910680362774213 0.22816776460126434 -0.5042415747706336 0.28146945526279027 -0.32008362001830487 -0.13125002262602425 0.315866968341839 -0.5026202999100357 0.23398374690882734 0.2722012577692044 -0.10250787139847477 -0.24021728885328228 0.4653654430660178 
-0.01595049003116912 -0.3613133852247515 0.32446500578467025 0.27900455082067754 -0.019056560481559282 0.0954151078537373 -0.05924938428590655 0.13547801854135608 -0.3024098717801483 -0.25074508768796927 -0.2327242090059158 0.35379155508584414 -0.20823351806726087 -0.5829835195616007 -0.09584792545822275 
-0.3703672762295054 0.14945204125258146 0.04680714686866508 0.2090687529671391 0.005087281845109533 0.20681443180814038 0.14479142238053005 0.20754161659309342 -0.08866688706683958 0.0928701749140307 -0.24028802179914477 -0.13148382937205824 -0.2781311328127995 -0.0665864845854291 -0.1912268821141401 
-0.06785455271506971 0.35798504607245335 -0.1326175055472194 0.36765713286645874 0.18077300163073348 -0.036280019672923554 0.2692924265743724 0.08752819440491491 -0.1845844223979007 0.33664497350977374 -0.048687552581003185 -0.10463494525465122 -0.124303093188989 0.24953023773375896 -0.22416086625437 
0.23104345602152979 -0.1693846412905598 0.03191106367171145 -0.013903556858342983 0.26763228426040697 0.289173033324003 -0.23672832255359907 0.062144954758652095 0.29840065331210364 -0.053753247195639856 0.31975525514550746 -0.16398327982128524 0.07123373710680642 0.1347134218828355 -0.1966589972091602 
-0.3706249453373609 -0.13970872068155404 0.3328472053313164 -0.14596513309432402 0.12537547870200239 -0.38640913387518355 -0.11631129396585899 -0.2676680597478353 0.20403207800009338 0.1257506915807021 0.1392857212402266 -0.18354029704040992 0.11368112056160606 -0.27563140601531055 0.05099898283961804 
-0.09385913223527098 -0.1826629525151571 -0.3358955247917566 0.06393606559257185 0.12938305331019015 0.009125398370911341 0.10900063976135246 -0.24793832604965915 -0.4457514105074736 -0.04049434443344808 0.27564876523187215 -0.23706245626707043 -0.08799495096409561 -0.06598585706037934 0.09219466233032476 
-0.25449266264354864 -0.15869492516125763 -0.17704667941390714 0.2520864194084556 0.2099908926786032 -0.26327388326142354 0.07818082362196029 -0.2669911553506261 0.10605559979232251 -0.3323729043429288 0.27098303413501384 0.1265161156908516 0.0722804629949592 -0.45211054227662967 0.08836829342347965 
0.37089493015395164 0.33576133473140285 0.10658078781348544 -0.292421948209565 0.0857399513963621 0.025562920382450217 -0.022612873223239304 -0.05228711757208588 0.062429506939967676 0.24898591602027553 0.18700173694777988 0.05773050161997086 0.31126232476892385 -0.3667358219627673 0.3746834699818903 
-0.3395746310585885 -0.3306066044367189 -0.05617442126378481 -0.3618786262531745 0.044968351480221526 -0.5035176306229254 -0.15969231684062687 -0.33322699290674085 0.08038577214277771 0.11039963534372574 -0.1063621050783682 -0.2337757679895247 0.14085924883927584 -0.09024919010246887 0.37432773865468544 
-0.008701734433893112 -0.04022406989554606 -0.3589537302880229 0.08425076331975792 -0.18676682384502502 -0.223461261027184 -0.04799420461665639 -0.0859986823137134 0.033198987235837425 0.49273687636880964 -0.11694420571679248 0.20489375912714972 -0.01920926328911075 0.421100477665207 -0.11236532636427261 
-0.1895786120306142 0.26251824464059953 -0.3470496470012371 0.3279692547084391 0.01241036175194085 -0.39205458662927356 0.3776259027250031 -0.33533689802900396 -0.1939658112882734 -0.675484226475477 0.051708903706329135 -0.23976500111087878 0.04383590969790682 0.18069262935845554 0.6463296461667665 
-0.034858535300644346 0.1226762791711184 0.207249111692228 -0.03814444160222044 0.015517283014371703 -0.46656631376826163 -0.09574230818276501 -0.2695220133219628 0.07803473361866094 -0.05199663599819626 -0.048999971070177985 0.29158539082868146 -0.00566072432594235 -0.08158176486176144 0.011621936848165306 
0.2764633038306805 
-0.181583253045937 
-0.29288940313272777 
-0.49754307431414363 
-0.17925629763962433 
-0.006763333797437851 
0.1618367529170497 
-0.4514437758909426 
-0.48215222598037627 
-0.6559150790144409 
-0.40242637503159345 
0.15396388023380428 
-0.05862401195554002 
-0.27802897917494257 
0.2951065354821216 
