30 15 15 15 1
-0.11098520598772524 0.011579799382275852 -0.3904462400335275 -0.11570469451614718 -0.1847115270236179 -0.19020659449498492 -0.20696621200227866 -0.09927859569674975 -0.06681501459823097 -0.00011032175724155215 0.07993023086915843 0.22344042861569302 -0.18978601499316458 0.25563636412427015 -0.297921888308183 
0.10246669967421072 -0.07497758104108668 0.02101767786424765 -0.25595844185064254 -0.18399451332781086 0.18746245368622816 0.3995541841722619 -0.16413316440417938 0.1158905048980977 0.34764849131224324 0.26937557831882725 -0.3040128121796441 -0.31669910043731353 -0.2787892955633564 0.3186074211559322 
-0.3272919482504072 -0.02376923541001609 0.2600357238242917 0.057745698536657245 0.16693107485194358 -0.14883987450905495 0.11070602746850364 0.20301731880610122 -0.2981604584735619 0.12830691537823619 0.44482150130183673 0.2446579403219546 -0.1701986212309869 0.27212632855149504 -0.2611664641926067 
-0.0888889759632124 0.4702548132826902 -0.20771462474721086 -0.3918861642795144 -0.3439735249161446 -0.697175334439658 -0.10701165435463388 -0.12254933676327563 -0.1483023902807657 0.037512696761579936 -0.2311473628455605 0.250516486971468 -0.014041213673403257 0.14147186189904803 0.001008803965186169 
-0.24446841739810776 -0.059229358944731636 0.2923762782117899 -0.17682511817221466 -0.5084987247637025 -0.1871527711963869 0.01360663884037924 -0.12884495741611157 0.2743826749149832 0.08184849492205097 0.5804189958295936 -0.02474589429657848 -0.1829794871162518 0.3351577103472556 -0.3062633149507167 
-0.20458171656972773 0.41885064425131435 -0.3047342861669226 0.12435140976125517 0.12417977979322195 0.21968218604415735 -0.014264197502629774 0.2750126499472204 -0.09635786376453136 -0.20211159375519122 0.39284196714694986 0.022048847018151296 0.44636702215513785 0.07249568893893044 0.12973446036079608 
-0.31670971922643326 0.5124567977420342 -0.06326271881328058 -0.20546350088409984 -0.1715813718283806 -0.4991341786112895 0.0775770684679474 0.11877689426782226 -0.3162801933704711 0.09507102652670789 -0.026261581319189216 0.20525635170058126 0.5741245328840592 0.04223091487634378 0.15800354811750894 
0.029069831601058298 -0.29060425321456707 0.20652749355833647 0.12779257391184143 0.42369838020373457 -0.5257868114919144 -0.32610667947516236 0.2511237687362505 0.11865878375206297 -0.37489836715563407 0.19189196692565696 0.19941018108258934 0.2771303904036449 0.10870307245127107 -0.25098601422749456 
-0.2971386362143821 -0.35444167178359487 -0.36865250862884097 -0.170729813116566 0.2844924795696803 0.023811946350809635 0.21837595168447665 0.10547641414294631 -0.2306077687406212 -0.13347571634251187 0.2039116154959818 0.3362966845935873 -0.16154745366358408 -0.4098314522189003 0.22014072043999156 
-0.1621840733775091 0.09040212820497434 -0.1742048590844103 0.13640210084379603 0.2797589582993733 0.024614464384039213 -0.0921472936673245 -0.3322634056913828 -0.23240158185022433 -0.2813250616065899 -0.23685330527042395 -0.09619146254512657 0.12863578819595678 -0.13570972891281288 -0.3018415437623964 
-0.2638014086373666 0.23091319356115778 -0.03494040017196183 -0.2545693724253341 -0.03565028433328041 0.23636229121586858 -0.0652981908562615 0.16744203479915123 0.2894403182687158 0.3248832381750664 -0.009901913188634485 -0.0683486387279763 0.22733018563239488 0.0880505575330792 -0.1686040761954852 
-0.29797562443301956 -0.22642948968029683 0.0715770182903121 -0.012850189587358889 0.08351279075562998 -0.11619351799930124 0.09654591722611983 0.12046457931329745 -0.07161119913161294 -0.0011239834026902746 0.4195941697191045 0.26431410020944945 0.03592654888756268 -0.0858403917020388 -0.1309971929414529 
0.05564350427996988 -0.3634904705995954 0.06294806910994545 -0.41131288508560493 -0.19121706372202255 -0.058436903360605225 -0.4081475836319495 0.08310597847916444 0.014552528580171947 0.4257188522224426 -0.00011209291592704948 -0.2971686330761541 0.3116793885061887 0.023324122031779554 0.11974283263998149 
0.2663197083706524 -0.25173069901120704 -0.35005994272929 -0.08780821920248714 0.2865660386749821 0.11483964609532861 -0.14314431232573668 0.33247701397993606 0.08152046970945559 -0.0597924558152298 0.042637376727793525 0.21667212494598104 0.2653721897660885 0.28506775363188397 0.24872750689357015 
-0.0626916680535296 0.2459380196199593 -0.4243916201343726 -0.21661995288375152 -0.18275069758385484 -0.03984028594427131 -0.23814231149612777 0.22783087759997322 0.19983885090239503 -0.2968259479757883 -0.23493304139865775 -0.21897625958781972 -0.27272127171926874 0.07330121278682393 -0.031032736232257135 
0.27151496132957087 -0.14743685163754913 0.372239991923518 0.15317820890538894 0.24904001542391035 0.0691261192374746 -0.22912814498262005 0.2641699119425042 -0.12943430905343517 -0.017093406654096834 0.12503638500981912 -0.2322538594789819 0.22322112671046654 -0.06178021099067938 0.09363013089032404 
-0.11123598842767314 0.301542739790369 -0.07925051658476152 -0.1794662269837049 0.2977907636845777 0.06686897674143927 -0.38025691458662597 -0.053143568299651237 0.10774294455287145 0.2181091620093258 -0.37210867889971644 0.35271658880484374 -0.10276368615378143 0.43219913293715206 0.15227572284882215 
0.16692147510533553 0.01886461433858793 0.0624319181001116 -0.13202895781567012 0.08168423596479617 0.15159377068104335 0.24757108100736375 0.3025147682140087 0.1194222061801734 0.18005074521342224 -0.20248712831737645 0.16335495690283688 -0.048472824712324766 -0.05077993936622453 -0.09066951276046668 
-0.058703764765955506 -0.23658438346810398 -0.06326495174331682 -0.023678550738818197 0.3183436386240059 0.20128907131891194 -0.04908823088494803 -0.07482576131175235 -0.09401208137908575 0.16412202035251514 0.30787525136002 0.3353625272348357 0.12899339688620062 -0.06321756354827814 -0.18840582811107853 
0.2173624513809832 0.10668835466079704 0.20688935495514232 -0.17715748914333213 0.24149128892263344 -0.20521160683339 0.11988737835626041 0.14328798775876414 -0.020255054387039208 -0.12487157197031065 -0.26236088056231893 0.12034037487344491 -0.23673748285170168 0.408289188896922 -0.4092660853914241 
0.19024558423754698 0.3555156511402943 0.0744233973730362 -0.06115654745833209 -0.18162516233705497 -0.006956498363733103 -0.08964350250822302 -0.0667173857428472 0.055080804611724335 -0.11306500167271821 0.4061288263882342 0.33897062086681046 -0.26732151513989166 -0.2409634971938421 -0.20049349261288546 
-0.00024441091818041253 0.07870895347466085 -0.17766980278418262 -0.15280342138209252 0.21532411363856907 -0.0522894140971055 0.06968742928220016 -0.16175258883952734 -0.24470178667144263 0.1311200316168621 -0.013480536578831947 -0.2125811759458367 0.06362403345483506 -0.028441406620295227 0.088510593798573 
-0.21771416956449618 0.01580263488738594 -0.1690040009584366 0.12403532099861313 0.37453655355330207 -0.2955661307490834 -0.23895998576762992 0.12886466139503158 0.21092823808881103 0.011583652938520863 0.508878041852578 0.22990187592965078 0.09810195917690066 0.4002776206592646 -0.20225730648186 
0.09074442097081496 0.09970770274323953 0.11351682731056555 0.13718490778659995 -0.342207479098156 0.10988852861441598 0.10262906548488157 -0.2580557246180605 -0.1471862861490137 0.07916753587691087 -0.059468846575844836 0.26188820691967124 0.04971417525139552 0.25157676840660914 0.3717525088242223 
-0.12046645045539707 -0.1820254944171236 0.24678427045694312 -0.1298847798548431 0.21026139004112893 -0.03843870017990427 0.2292977143435222 0.28205788995829123 0.015592097297546034 -0.2234803311304232 -0.23127318590307597 -0.05116224787619287 -0.20770788053755562 0.3999717002115835 -0.4392022853153226 
-0.07986904407658031 0.10161732364660409 0.08936202920589743 0.09339044310501315 -0.24172152732699395 -0.03443133793678419 0.006898701898209369 0.26784757616738003 -0.18035579417927586 -0.1529904746273338 -0.02103167919109875 0.08099015540327448 0.09037830700052066 -0.4248127996696382 0.24763164048163067 
-0.17531255623261666 0.1580515604388831 -0.1355626105293816 -0.2600574602554092 0.1818773642951268 0.24738517496645052 -0.042210286876279444 0.10154930605766577 0.006559117840108425 0.024212947746441622 0.3781854623285455 0.18322219734445291 -0.28915770055312096 0.21946997829577902 0.04038982713229283 
0.24781774438573648 -0.30089127909647095 -0.22918228785886663 -0.22816759667685074 -0.024882433425959465 -0.18742185956889565 0.07641290384152764 0.284622197190083 0.11864790110955481 0.11177800144764977 -0.19528581875902984 0.2607834665208977 -0.06231029333739083 0.2315625472603319 0.1059450396863451 
-0.21842366492498733 -0.27648702631146027 -0.2568128347826371 -0.4703274245021049 -0.06433097561972041 -0.3137244129171476 -0.5349903133335367 0.3062661319133385 -0.06270685639519266 0.1299314836847825 0.0756343665274661 0.1923219465055938 0.16209007102847728 0.10081953118507131 0.10527793241997198 
-0.058152961070564654 0.2949284755783667 -0.4660675647753156 0.10236348883742231 -0.1458285393565753 0.06621624337834779 -0.3412313260140316 0.08857834131144346 -0.30797165859812314 0.3395849206687571 0.3726880817155041 0.34186715652639643 0.32218477582495275 -0.18375818399345947 -0.2177482859951777 
-0.1403917950674399 0.3555643263703407 -0.19880877350737086 0.008049701122313483 -0.13744696111903648 0.31190181855539556 -0.09815896099461599 -0.10355309861530039 0.052724996455735716 0.33409749356017654 -0.35799843585955143 0.21279015801533405 0.278501527075887 -0.36090570641260095 0.01593637099748988 
-0.1287155628787901 0.15213649679829508 0.11918215045719534 0.2818342519928261 -0.06273001212815224 0.09953061407346857 -0.10894459419465492 -0.4191306352283044 0.20539809186159955 -0.11934243644741516 -0.005629569870441978 0.46363439872893714 -0.17529678589400205 -0.1676461037112784 0.030855481192366026 
0.3285435633882215 0.4288354061675474 0.2905728860192263 0.17601060212615496 -0.2037039189609187 -0.32196049025287127 -0.19279734089116607 -0.06438357078906587 -0.36440891037007495 0.10441291645945491 -0.09038478569222586 0.3963740540833211 -0.2518183925957217 0.2635397978544741 -0.29220856022898334 
0.05410944992071817 -0.1041431797512043 -0.4671259724066891 -0.12596971329962137 0.11712039864294704 -0.021902591412101317 0.0859088493366386 -0.2078065046621653 0.015192195578228004 0.4486494959431951 0.22108545849951286 0.061439195961569756 0.49193446650189065 0.41185116103521996 0.1637171691301888 
-0.35682587146393663 -0.4135138489162163 -0.3366417067956148 -0.08848724061472228 -0.09151144613774936 0.35577381661145013 -0.3699940433396773 0.370111152265944 0.31331077549913916 0.3121615919440221 0.0763838616364976 0.2358889441765385 -0.04234003041921929 -0.43951971540406776 -0.0459262923665588 
-0.005715187244466973 0.2905176378426272 -0.13220520470907263 0.02642775775590471 -0.27385592546967763 -0.38364875044261726 0.2819105417237376 -0.06268439905136063 0.3353311961943254 -0.2556910972484872 -0.14987224853379572 -0.012925193355987161 0.3286361364165858 -0.02570596321340178 -0.2780565685138763 
-0.138938617005154 -0.0556109265311464 0.10477892747473373 0.2787661347448434 -0.2795947688031234 -0.364378547707259 0.009758883558249238 0.2979992068128303 -0.4608810039629567 0.2084198294884576 0.12064413599139805 -0.030322750343175185 0.36032503136925603 0.18660793158962308 -0.2666336772407702 
-0.011240546501689734 0.28230154194727064 0.31311033323529774 0.15986582195864205 0.10788354019357678 0.0402377571842159 -0.2378942034425559 -0.030989527132106218 0.24622470969030166 -0.14725080259022927 0.25763235031929416 -0.18774695801742897 0.16673065539035692 -0.22698171885144397 0.25945930278866214 
-0.05266667773739668 0.2296363495563084 -0.10698011517477174 -0.2146803788561736 0.199989843260536 -0.14186925496365574 0.17382712382322327 0.18515246241692024 -0.21237239961151405 -0.21435635001429015 -0.22610083592981275 -0.26879729807494307 -0.09526322108720074 -0.36142931990035804 -0.29483063322154096 
0.1291347227501172 0.33513363081597475 -0.4345123688069118 -0.2877522131661544 -0.2193763822830836 0.33027085670476874 0.19525704927687176 0.10530877406263266 -0.22043163196369336 0.27300965462943905 -0.04709304725409732 0.3255819897660949 0.26606201190206663 -0.07946654896017885 -0.4072134520456707 
0.363551248177276 -0.3066419950795642 -0.27218033636108013 -0.19083671881576797 -0.07007716707657717 -0.2996234375574331 0.31429449330472703 -0.3844639428501504 0.2932536833549351 0.3597727264178319 -0.24835152857398363 0.21188056011805578 0.19110776573151086 0.15965317956669414 0.03996068433911398 
-0.15188002977227 0.14646743813967705 0.43798090131408407 -0.08975479631185652 0.19334747440891636 -0.3720487770874756 0.24649681025364886 -0.3432850524633538 0.028009984406651145 -0.12859262864366564 -0.35567127261555437 0.46908833241478365 -0.1782144938713176 0.09744256481804672 0.02055759016514823 
-0.2781644909202021 -0.47234056981863176 -0.23674502471325345 0.15143194136401142 -0.2040249182895667 -0.1052845947066646 -0.36783009662981164 0.03932733904058333 -0.10619962288271097 0.4724828649912836 -0.2618433972876203 0.1762468314671158 -0.6816403785142308 0.44140212947994845 -0.11093067854317455 
0.02018687222028077 0.11859941403986217 -0.23302466207291858 0.014833721686765215 -0.249479828093986 0.17784725939233378 0.18208764354576526 -0.3363354949844727 0.4442094066071533 -0.34760147240448314 0.2562639551224141 0.18857424856871902 -0.18918237405468216 0.3158232708983734 0.21170317573090497 
0.3725202578864167 -0.253733282169889 -0.41198744239154705 0.4451637346977184 0.254122726246572 0.15415217801838257 0.03433001322066705 0.18865283706315938 0.24169115070494493 -0.19570349060474979 0.18713016801878624 0.1966467567496146 0.09770210376198808 0.004483658235904841 0.3118228492776221 
-0.040620483933555857 0.2471490595622224 -0.05369104749016225 -0.1138334569049438 0.12944322579070244 -0.2086593416890509 -0.02371568514641238 -0.137220360922304 0.09322497714927673 0.28562931042307754 -0.038001629903062176 0.2132500406949665 -0.03121388637743654 0.11528640266220938 -0.2784153336266233 
-0.0488034569260717 0.2648598230464099 0.07727205390189633 0.17834004632138056 -0.006976562641093327 -0.06953653319836542 0.2586612248871694 -0.3288058773286431 0.029066740380244708 0.33238274982172716 0.007865971064221136 -0.2295778461564295 0.23353726001141087 -0.16899642216789665 0.3197699987032227 
0.029188544761751832 0.29513426243109947 0.09134058103236939 0.23450222586133285 -0.5011624465925031 0.28939168257026665 -0.3209813671911186 -0.13163823144341158 0.3099647648601753 -0.5482357788074452 0.24036478570613493 0.27297481884263397 -0.09852558901620567 -0.23637908381154307 0.43322005511768297 
-0.015999309073650027 -0.32979101509466396 0.32537395594915886 0.2830733786273732 -0.15441314088984479 0.06192244141717656 -0.059428383332987056 0.1358782412928924 -0.10027777380266102 -0.20200019211915038 -0.23339289986599424 0.3547748158936799 -0.20402778092813684 -0.6116120578104266 -0.2656121106153136 
-0.37139202570986685 0.1465442511133291 0.04694908304019851 0.20623991737373545 0.005102903684070108 0.20431244083544794 0.14521800611442284 0.2081421967598962 -0.09007594920146297 0.0900291494943983 -0.24097698391049882 -0.1318727033236564 -0.28040064431382905 -0.06678721101257173 -0.19203045585777448 
-0.06805902469328087 0.3572987942396015 -0.1330096033089691 0.36867512391340773 0.08373618283235486 -0.1183674206555226 0.27005833816862373 0.0877904188092609 -0.19302925142616525 0.2068626917881088 -0.048835107762870734 -0.10494684613582302 -0.13767900111804351 0.1312799120128816 -0.1723753941820477 
0.23170763080348028 -0.17165011483481948 0.03200826319162347 -0.015942804824262666 0.24204620348649242 0.5433048858940357 -0.2374077551915579 0.06233253978450576 0.3445903469011108 0.15457472688184148 0.32065216163706967 -0.16446374164952027 0.06854687310918468 0.36470206096458796 -0.4302791578383805 
-0.3716503368751398 -0.11262535807979607 0.33377751476809076 -0.14659035629168823 0.24579223736168884 -0.3332111558493022 -0.11665681756274977 -0.26842969434643016 0.21945402797600203 0.14679574987498203 0.13615843526374644 -0.18407505739387423 0.1165228492195932 -0.2543605842825221 -0.029177818466395517 
-0.09413979925883458 -0.20754658142700227 -0.3368335780052566 0.07040578531828831 0.1268709803098516 0.04115766144684303 0.10932513872770463 -0.2486477047033955 -0.44643822754263285 -0.017455016686270475 0.28247454937229904 -0.23774278419859327 -0.0877634734832965 -0.0474551317874347 0.08164552120611152 
-0.25521946426656067 -0.15584801883031837 -0.17756347775142484 0.25251740070848894 0.2894561903752918 -0.15902041433125852 0.07841569228032927 -0.26775100651529643 0.0822100535997514 -0.26967190283320513 0.2698264858118673 0.12689083808614637 0.07032314346616785 -0.37962526288079873 0.07692955783199779 
0.3719209943431034 0.3352636589193306 0.10689830778161459 -0.29417007664301315 0.08283569032349129 0.026476101882736726 -0.022681944275874298 -0.05244541135240571 0.06142878336469605 0.25055460785203476 0.1875460449784305 0.05790499094188402 0.31305283235776993 -0.37111799994484523 0.3757189629408346 
-0.34052201359016604 -0.34114812964122415 -0.0563442861858923 -0.3415266227574181 0.058792658491144685 -0.5033523234929721 -0.1601607838753825 -0.3341582678264024 0.06230191227667732 0.08359519939620048 -0.10454912811422985 -0.2344472821719567 0.14490739588646961 -0.10149468168486488 0.3978439611248809 
-0.008728426081233887 -0.05271652361423987 -0.3599499512021442 0.08446177505718261 -0.14797676265964704 -0.146045412564509 -0.048139688677640326 -0.08625644079677963 0.029108220514987588 0.533551604320973 -0.1154610777857267 0.20548712164061195 -0.00956123902671411 0.4613681093598912 -0.19142701588738628 
-0.19013001569211346 0.2551956315428729 -0.3480159277508713 0.33087107947288075 0.061204323352833524 -0.2999678484981633 0.37866870564101685 -0.33627353308831176 -0.11456170670971748 -0.6368070112894813 0.05186547405370958 -0.24045256425452258 0.04477652667394776 0.21313787212108742 0.5503777878350402 
-0.03496461857007538 0.08944628304067838 0.20784889506381415 -0.03701577445716533 -0.0238783935570475 -0.4368166632416518 -0.09602844785453168 -0.27028852911523643 0.05258645004035107 -0.08496039971649472 -0.05031681715702914 0.29240961677199895 -0.0064062734779468744 -0.12656321631606768 -0.11722226171216067 
0.2772480509358755 
-0.1621144224997862 
-0.29371701816858187 
-0.5009499595556611 
-0.2395199987204815 
-0.04724937372005265 
0.16231121810701526 
-0.4526663170997992 
-0.4604391218748992 
-0.6806787008461531 
-0.4055258659898121 
0.15441628820686848 
-0.06067412139762746 
-0.3334294924392578 
0.31499219914598386 
