-0.2879592875312436
-0.018224087782254966
0.13418833239603042
0.40889341914415384
0.1577767342439385
0.23231060347468213
0.35093542179840354
-0.01916636582593417
-0.21083413793916614
-0.2858581514881572
-0.19315795312394943
0.1790106565237394
-0.1916431098617378
-0.09188902948750495
0.36828567122666833
-0.44442937081938927
0.2116467197543027
0.34991396278401465
-0.1904217972836375
-0.36855782283706806
-0.21568396122995212
-0.1811227555264857
0.37607315410098924
0.06672483872517548
-0.14264373870832603
-0.34748674561562565
-0.08904011061774278
0.14754087687453993
-0.13085464436985594
0.029176862002723992
-0.3828040731648734
-0.16295409629692528
-0.4241789805725718
-0.2384300020981515
-0.1041415673408523
0.3718704477190983
-0.3493785428144052
0.15477262405063735
-0.07297227553695855
0.239705911407389
-0.3275030248364349
-0.3727948951088305
-0.14365555909413083
0.3200934536972437
-0.1992828525059335
0.6851568330423996
