-0.287965900373431
0.0019967958039809174
0.13278046510780958
0.4488148829962038
0.17730104393016868
0.2255566992202002
0.3816551481350246
-0.06044253013896949
-0.18797906816083104
-0.2762577812345649
-0.20112798974343754
0.19668950453885956
-0.19882533723341284
-0.2177169682477067
0.3177152405205335
-0.44442937081938927
0.21949189800347502
0.3552817893566149
-0.2325560421300456
-0.3703494139813475
-0.2777359268746401
-0.14151527543312492
0.35427871846899395
0.0865011815362938
-0.1691116400417228
-0.35171977101030666
-0.13156806486353811
0.11778591018147745
-0.14304675889035953
0.04290762795382633
-0.3828040731648734
-0.15940925638069575
-0.4241789805725718
-0.22172635653185752
-0.006229101577188475
0.361915229684356
-0.3493785428144052
0.15477262405063735
-0.05121969577233938
0.2328698282625968
-0.3308794876712873
-0.3727948951088305
-0.15169492039738003
0.31368439246459356
-0.20304246078115415
0.6792520030343493
