-0.2882906367721667
0.011247044341830518
0.1662487984575571
0.3961552376986808
0.21722534534163856
0.23039311325126094
0.3861600061698426
-0.030993271577972097
-0.18268323358042732
-0.2687775615856449
-0.1712196862707836
0.21130086362493905
-0.17119028405201347
-0.18516014567221437
0.35906220323854915
-0.44442937081938927
0.22798789687151907
0.384780692542538
-0.21153060780137256
-0.3735361077386984
-0.18215161341379488
-0.16022614945562808
0.3608372326143169
0.0876070214396749
-0.18911767061588355
-0.35018163739612673
-0.11370607319946688
0.10145739074794613
-0.14314188695201063
0.05306011713689332
-0.3828040731648734
-0.1203854496002935
-0.4241789805725718
-0.22048453940701232
-0.02388943819969565
0.3726244715697381
-0.3493785428144052
0.15477262405063735
-0.04320448208873075
0.1987511021386056
-0.32920690641083244
-0.3727948951088305
-0.1353879770422412
0.29048828935617443
-0.16439169113357613
0.688344041880606
