30 15 15 15 1
-0.11245797409287753 0.12936946093556836 -0.3081356745804404 -0.12711722490478775 -0.1779147356381571 -0.20896224242289665 -0.2596904728084789 -0.1422890348936335 -0.09277672438333373 0.0036802694127720486 0.17760390791409525 0.18066517893087986 -0.19085409578405005 0.2656563700968499 -0.17935956719407725 
0.10372959805023041 -0.072963200146943 -0.00972343971372737 -0.27335188466390425 -0.18629663124344326 0.17166624965762572 0.44292122245466425 -0.1500852805194963 0.11732341842101186 0.3665797335887068 0.17190452365341471 -0.3254062986222178 -0.311583963875279 -0.28553163698872397 0.3042331445033973 
-0.3318943876930407 -0.04386117558874998 0.28377083771488004 0.03438740905130337 0.19714807245662128 -0.2692190781216717 0.09448284034101995 0.20742953637083786 -0.3019216778386155 0.13610039231694934 0.4857960832002511 0.20431328155036133 -0.15658103743686114 0.19439562204993602 -0.28200664693258415 
-0.09039669760608376 0.432296943614434 -0.0951363858481297 -0.3318814324881624 -0.3207310958740022 -0.6326154052654115 -0.08055331387473351 -0.10558767501064245 -0.1775605984002836 0.0254938769046926 -0.20498887535389332 0.20925292866128847 -0.03886328633333032 0.18399032277544647 0.1269097285862524 
-0.24754495375520796 -0.003198316549867526 0.24732712285057812 -0.14195382183393285 -0.3223244177381935 -0.1256403843357999 0.1104540636253533 -0.05607364958908639 0.2636314879321964 0.10709429979329275 0.5236592415470642 -0.11077882666589414 -0.21722743819357104 0.2882612420971148 -0.30069282156872756 
-0.2071475678401781 0.391514733824979 -0.19016203791114186 0.14095730638927673 0.09781654748523827 0.23026655355862738 0.041668278182668064 0.2782021510625496 -0.10088486444614295 -0.16785074093864127 0.3261036172999642 -0.014378488668131378 0.4465420327120642 0.19192204607524024 0.08225742439188738 
-0.3207919573371849 0.45277408509731953 -0.24297813599591755 -0.1687245573375314 -0.15700274393931665 -0.43977509544412463 0.08827867348018544 0.20821135198997656 -0.3240748795205508 0.0858444352465668 -0.008050551963591907 0.2027655671483829 0.5213543865076788 -0.0053399403557572705 0.2533297271317148 
0.029105205660582813 -0.31615204807160435 0.20265133572113656 0.17317142105538214 0.45204676893853185 -0.5102034274536928 -0.26866850379836504 0.2289126167370623 0.12012683368596559 -0.38692677347173676 0.14125086966321204 0.13603854740174254 0.293188921255524 0.18632573480534212 -0.2125737486626473 
-0.3008868704129772 -0.3774258749559769 -0.46086916686136564 -0.13572175293350322 0.16904254275027153 0.13789126825863487 0.22584548384040007 0.08492187681935318 -0.23350695482289324 -0.1351322041694142 0.14603359671323077 0.3337245420199648 -0.07563265607318381 -0.5332033220510933 0.382418498107998 
-0.16420703516179533 0.18549666204053014 -0.08372196257939359 0.11424700614685505 0.15928815892169804 0.20047120003022778 -0.1187762286471025 -0.3172096398398687 -0.23532372930350093 -0.2848720888215756 -0.12004722312957299 -0.06229386682415984 0.1302306585783162 -0.014725328514070718 -0.30564952464074024 
-0.2671249744909554 0.19270546021602286 -0.12588423519863942 -0.19310245849442165 -0.09742337255042664 0.20755876232830875 -0.07053052826564599 0.0989124431442266 0.28920471042517226 0.32102407265256855 -0.060800376378572114 -0.049849572097654435 0.12567791881190205 0.11634885894699022 -0.16230883306464924 
-0.3017344951063867 -0.2968143386389368 0.13978659393435588 -0.03240756767161225 0.016727590654583475 -0.1185024023133316 0.18163070516690452 -0.009079165501557018 -0.07248619609047742 0.00787972332566432 0.35372548668972703 0.3055771683800648 -0.024022302326151285 -0.14163264728906375 -0.21385404357850699 
0.05483663043050933 -0.19902355105588507 0.14897628611424849 -0.34633650466783855 -0.28366859022857044 0.0712853844329583 -0.37012373934408543 0.06493884288527509 0.014726467481624083 0.3887742929267391 0.041003427601180906 -0.3243008087108523 0.2620248474573242 0.18231886421611154 0.4316198617991845 
0.2696754163470395 -0.3368093990411902 -0.10922966961007435 -0.07055572885845608 0.28825288530179016 0.14468380778031636 -0.10225809474876121 0.37018301490364564 0.07959256295129927 -0.09559518608051709 -0.12896300602664806 0.18180916890859955 0.20266934922012297 0.19485703364506618 0.2162349211810678 
-0.06345547338793402 0.23491141337014543 -0.4353982390174959 -0.1871411611038188 -0.18748212449872487 -0.04513239303049528 -0.17731146085978725 0.20546033631218913 0.20234393759888297 -0.279400391745813 -0.21038758311776953 -0.21980164418494363 -0.28436044319690645 0.08387388067983911 -0.014340925468413136 
0.27493694911934463 -0.12233761986684061 0.4199151592688887 0.13035131686291893 0.3206346049942663 -0.0030967113588632527 -0.06256601325251952 0.23796089758882855 -0.131039341410616 -0.016984233878938985 0.15177170126483788 -0.23535875167393797 0.23015320940798326 -0.0976640114455168 0.1106739569357819 
-0.11260988016464606 0.23699319738605237 0.0030969377457019057 -0.20234193893382438 0.39452713815333945 0.06768479645266248 -0.46375577048814104 -0.2057750765980756 0.10907259110390798 0.21730956441622218 -0.39021140451318403 0.270216647021637 -0.07467323260516257 0.40558833748705486 0.20533378367155183 
0.1690700480469297 -0.02579877747381356 0.02169247659657552 -0.12694389041346718 0.11676280885526258 0.1534813762866796 0.24797709882105187 0.2484665935382906 0.12089995002896098 0.17488909027822672 -0.08001035063822685 0.17286442560540025 -0.029429117426043542 -0.08561462196113527 -0.09900874040222712 
-0.05941801828617652 -0.1984816754323092 0.04130551624936906 -0.03437830722875286 0.38014257728797846 0.18701982646106213 -0.24240953867668666 -0.06970717553168905 -0.10517400179592527 0.1416017765306072 0.39984314444070523 0.3641022437622771 0.10239780597998382 -0.33245028156002543 -0.29845304247320714 
0.22009202982742881 0.1437185693096272 0.27634096721285145 -0.13489190343960217 0.17071106591859475 -0.10440342174273813 0.20294814858655708 0.06821436223382729 -0.046855075561944036 -0.14043602498734786 -0.14290979826720057 0.14202129409435124 -0.24066829051208793 0.39602619468169864 -0.4377298991916195 
0.19262777067310663 0.3317675079144682 0.07063295013900593 0.009989211481518177 -0.24433159509879326 0.037815391996295473 0.02532773736819917 -0.15728069674613526 0.055750133141078954 -0.11446207771267995 0.496060857199161 0.3587837737022977 -0.140515588742305 -0.2159359179251694 -0.1806813105284606 
-0.0002473116840509846 0.15844159055202187 -0.17989092948646307 -0.15470647927639655 0.21802758315330814 -0.05272886421616283 0.07053840383932639 -0.16377003274377938 -0.24778130751326374 0.08873938127485909 -0.013641581221889958 -0.21524950903513104 0.0687582129522928 -0.005882761450999039 0.1644559947676523 
-0.22044825297886528 0.07860768398998152 -0.17111420568844254 0.04135922427981452 0.36681229828528483 -0.312825911990801 -0.24910230265601946 0.17363722144293342 0.21357539632168226 0.001753198480662653 0.3548875891832009 0.2706335921305225 0.1363570741443158 0.22939700968797064 -0.22848786655426065 
0.0918594238381957 0.05302406149407076 0.05916858896896962 0.20339060006850618 -0.20101291185558148 0.15368030101060912 0.11026057374873954 -0.13551840332083234 -0.14901761052599305 0.08013709213590789 -0.05568938577961906 0.23463106044180895 0.01641187580008612 0.22682814358031667 0.3201249900375902 
-0.12195745693405241 -0.10394773416438272 0.24989042099608746 -0.13806118582516338 0.23167137552991404 -0.09831316924177037 0.17496673150617134 0.18886560464873411 0.015778552176974638 -0.22628826200999674 -0.24361982064309862 -0.1478847817672361 -0.2103137827460486 0.31663193999691897 -0.5052845066485722 
-0.0808473946416261 0.12803483881018818 0.0479893121516474 0.20608069770064638 -0.2329355385799626 -0.03484647390913069 0.11671238587917107 0.265844558595569 -0.18261131337542755 -0.15489592218153012 -0.1458081947666739 0.1061444007754676 0.06720190755958756 -0.35162229819214147 0.14620190429370095 
-0.17750350404828327 0.13909010986875764 -0.13969322003821988 -0.18911239975591249 0.24071449802695694 0.3037541088750359 0.0006329514362615933 0.0829308721279121 0.006637213870615934 0.024503622988807393 0.34116498312591487 0.14643960139907644 -0.29280444517514276 0.049073471814254234 0.0463649728589244 
0.25102296510912125 -0.3138010370221832 -0.2612241661346785 -0.23093262097816766 -0.017555353824898135 -0.20935843768671747 0.07474702868211258 0.25368504445638024 0.1201158128688273 0.10572711788689171 -0.07040077891275053 0.28813682039784666 -0.04745656767920049 0.24910063637183136 0.06471709847719333 
-0.22116683572256204 -0.31918588615251986 -0.19459081094026162 -0.4340362631926847 -0.03399341582894523 -0.26930020999080967 -0.47529207380524435 0.2650211696542187 -0.07296615146029156 0.0971942326465963 0.1284361253081738 0.12793495243830358 0.13426083441121278 0.08240790204921411 0.12197032818666866 
-0.058860378826391876 0.37086788265517473 -0.49140644795015676 0.12130106328978184 -0.11462480132965004 0.05850442323500201 -0.3766726229873731 0.07095347821886429 -0.3118574502322059 0.3779887487344629 0.43843237588195694 0.3118008690165467 0.334556614353051 -0.2571099080745007 -0.1731616420745357 
-0.14213642740668717 0.36055130364722415 -0.19554661690673214 0.009613874090716719 -0.1391540489486775 0.3158374549507825 -0.09936744341601829 -0.10540492676143819 0.05572496099011246 0.3383139788271619 -0.36251599923851563 0.2136972528529931 0.2825326824658822 -0.3654597899512676 0.016126973312264394 
-0.13031144839966732 0.22277974634438588 0.07958613775737422 0.28895172598152485 -0.059954643951016406 0.20365768001736972 -0.11516132144531328 -0.4078179046073148 0.2000667339538762 -0.11127460157997472 -0.006230549966988782 0.4782951235602468 -0.07535561178805134 -0.22653835352269217 -0.023339147380119277 
0.3326898807734325 0.47424040382683674 0.18271570554561575 0.3534093191461761 -0.20625852412660342 -0.29805464780613333 -0.17280041338488744 -0.06909129022392106 -0.44729591880449493 0.03791980182049161 -0.06389004824296515 0.38098389195690663 -0.1954774407065539 0.2962577308685894 -0.37050864943475925 
0.05476674898409759 -0.09774992784662852 -0.49918450014157256 -0.17306669648345133 0.11930561683830329 0.009175533413044858 0.09767588013920658 -0.18214815305299495 0.009769004048622458 0.427572800899789 0.23910749313121415 0.060363721152373824 0.5090229986440458 0.4048966459871145 0.17020737108195222 
-0.36132869900322245 -0.40065456032681174 -0.36508723580165825 -0.06811183355925662 -0.0926361081462331 0.3813683650926168 -0.34260728849978034 0.3693810438274892 0.3310916204588071 0.3377957681187456 0.09873937111470077 0.17079493526082806 -0.016771693315183297 -0.4525383588988429 -0.06053687072362679 
-0.005783206457347363 0.37920736090897555 -0.13718299485018526 -0.047608584171849946 -0.27730776526284173 -0.38834692438270463 0.16511553059201825 -0.007014800999031698 0.303091236112099 -0.22673787558941072 -0.12057814319770006 -0.009070765064059615 0.365864290687588 0.02618120732510459 -0.2588716433246327 
-0.14066472004801886 0.0041824330878910704 0.11197243783599621 0.29442873408092285 -0.28311975322716754 -0.36897622563600935 0.030192938689297434 0.34844985368667747 -0.5365925469444509 0.19133281910209132 0.1401340489236658 0.010826465680197458 0.38351865532785884 0.22080572499189463 -0.30404478667406176 
-0.011374688017516257 0.24151642144693877 0.35694627763881004 0.18245130664857298 0.11283557037354777 0.0486844929155202 -0.20282631275337978 -0.0639472727079526 0.29422810688043083 -0.15881826147954964 0.26343346785149685 -0.2296400969997881 0.12686841311249422 -0.24855908429811086 0.28065034373040065 
-0.053306121496178756 0.2218313613709465 -0.1364233473069782 -0.2375895048824251 0.20249686443690007 -0.14363273072252356 0.1759990564725846 0.20121908859527124 -0.2063988233043589 -0.21704742297317492 -0.2289423218508034 -0.26238740138881184 -0.11876637430743715 -0.4014447918213793 -0.2985495301664854 
0.1307359423803356 0.3018154232424703 -0.4424826192018944 -0.2719874325722481 -0.22213175536077398 0.4585561822636722 0.21553788142784883 0.07650555818248872 -0.18194410092853905 0.2282092354381258 -0.0476636556696875 0.39146612161655137 0.2391370081713111 -0.11846858509200693 -0.38298286817158617 
0.36813854407031465 -0.32561110274327504 -0.22535999095039602 -0.038935593408472365 -0.07093300659894095 -0.29017192172384665 0.34086151453701696 -0.4187495610195589 0.29636314036823885 0.34740718362528034 -0.21969589290539063 0.20196648042171747 0.144392468372637 0.07584511307885546 0.022511080916828834 
-0.15377129188787622 0.1368930831858995 0.43801439798151326 -0.032452387043993 0.19981697772712173 -0.3296029039968861 0.2609025998899713 -0.34758783953150213 0.03574417465332348 -0.12206420354481416 -0.35759797955948275 0.4909758037031469 -0.16240865877138366 0.0637772033784052 0.03479592241919178 
-0.2816712507428291 -0.5314193520408891 -0.23993058681401006 0.1792969744111222 -0.2048519579428975 -0.10862391005362743 -0.4478993577746894 0.04014140616255804 -0.14706341813531404 0.34402326666602956 -0.2691270189916717 0.05621443183913741 -0.6041987040656348 0.28269482660579703 -0.12233674855612826 
0.020428781414077953 0.1056188057669242 -0.25008109496470693 0.12407326980956992 -0.2499157280304508 0.32292847854425194 0.22020521037625393 -0.36806274303036435 0.3785385971733208 -0.43693194434610316 0.26631603135423504 0.147775765571133 -0.21010356753500672 0.31243941255489005 0.17637279015531088 
0.3772200068322657 -0.2476039703101657 -0.40636036687013943 0.48657395420389604 0.26107379183947355 0.28996499192797875 -0.07234996057493082 0.21403963154095904 0.23557776667845143 -0.12829809648062546 0.19362244384667068 0.20646511450939953 0.08655793951533838 -0.03537697642728014 0.28444799943281046 
-0.041111452796267774 0.25025987435624947 -0.054343167012827265 -0.11524027711645277 0.13104837163150831 -0.21127743328927096 -0.024000328645422217 -0.13892456054191735 0.0943712271825277 0.2892311485514539 -0.038460471747468465 0.21592694201523474 -0.03158973077512462 0.11671165182785219 -0.28192528993363897 
-0.04939516471620382 0.26037944433245697 0.07821786089470005 0.1642060548972729 -0.0024186922305558566 -0.07966188358838604 0.26191915706662555 -0.33295551043224164 0.035196058424346796 0.36292022298719695 0.00849555900717319 -0.2324638478429007 0.2331814664492251 -0.16197339720191642 0.3055249432260206 
0.029539703271158086 0.29514700076192 0.09246309110750021 0.2222947880620819 -0.5438214712086566 0.2725451095970593 -0.32503202693096095 -0.13327131930057437 0.32484315087622084 -0.5299286848397323 0.24466519461212027 0.2764154237600702 -0.0993405162343774 -0.26128615106157194 0.44211251118361533 
-0.016190669732983626 -0.3535517233893565 0.3294801957803589 0.273087457401416 -0.057161502507425986 0.1491301110446229 -0.06015163284439398 0.13756533681900063 -0.26351594869753137 -0.17982044461034094 -0.23632773545188918 0.35925185854195 -0.19030862241272542 -0.5254655096674155 -0.15615359231867115 
-0.3760776413595191 0.1518969649383078 0.04751791654364798 0.2123904290454797 0.005163617216642368 0.21038061142050155 0.14702420774111374 0.2107536631149941 -0.07954750675552275 0.09464230126943217 -0.2440088629142635 -0.13350877667288982 -0.2823706083857757 -0.06760201156727852 -0.1957060383723154 
-0.06888968217367045 0.3630383386314181 -0.13466015451740523 0.3722999218235994 0.21040870070538784 -0.0377006644051848 0.2734617467992119 0.08886824722375389 -0.18743862392339514 0.3474009049261065 -0.04942720620053847 -0.10624110708902779 -0.12826535224660127 0.2655121032268058 -0.23635909601619975 
0.23462089575069908 -0.1758864388243242 0.03239379998507534 -0.015003942348648023 0.2717759985182936 0.29891894187385254 -0.24039396978977506 0.06309187851923409 0.40348351260995163 0.06434059970021443 0.3246986541007992 -0.166515859894411 0.06916925340884517 0.21786665293674576 -0.3583709997878031 
-0.3763391886916745 -0.158533770852434 0.33798995947724786 -0.1553305453858874 0.23653067378404624 -0.2258327208610003 -0.11809945511241467 -0.2718123258917816 0.26397530438690114 0.24011676198387086 0.14143250776519933 -0.1863782068678651 0.11763741496272259 -0.16236177363873483 -0.12262362850392847 
-0.09529758005349637 -0.20063963680161614 -0.34108460314151123 0.06716421031778909 0.11710817528076614 -0.050378518499391296 0.11067482106717588 -0.25177767990420974 -0.4518344385797753 -0.08566891143923276 0.28665931628525776 -0.2407332856194755 -0.09165709009272488 -0.09512038104341722 0.11688255762546461 
-0.25843343000569313 -0.1591598257520176 -0.17978324312803518 0.2549715910683152 0.23147799472394634 -0.126708464996311 0.07937582609426824 -0.2711249786714375 0.0902444131802152 -0.2578364396475971 0.27517842174677404 0.1284635080208569 0.07299304946854615 -0.3274002118089215 0.08968208370737003 
0.3766132368003071 0.34040433471099424 0.1082172621344514 -0.2987980775570703 0.10368452974657198 0.03138309689305048 -0.022954056318791462 -0.05308211809911918 0.06442331769795791 0.25857115724001734 0.1898936516500746 0.05860933192419916 0.3199683739092936 -0.33541023715624774 0.3804587621657219 
-0.3448195715436521 -0.35108838220686633 -0.05702927177829873 -0.3715143442122259 0.037181922918095606 -0.5350304683954795 -0.1621578736183564 -0.338375520497039 0.05249606382782547 0.07378338502657943 -0.09680287006471178 -0.23739561221576028 0.14363474325634754 -0.10782900934797986 0.40369854705553115 
-0.0088324620071759 -0.06648812083924058 -0.3644920313991418 0.07717252966711115 -0.12587882536102804 -0.1523624972936781 -0.04872320569771829 -0.0873149811507417 0.07129994775921752 0.5152710148351404 -0.10765667470992067 0.20806457265038264 -0.014228415221984725 0.4551753904053036 -0.13988976732598804 
-0.19251072169890895 0.2616245765347177 -0.3524079218766979 0.32333590721938954 0.07217844583871307 -0.31494043649493136 0.383445411923105 -0.34051748981253666 -0.2040778527727556 -0.61099841334844 0.05249500878542944 -0.24347773461637076 0.04981662424847032 0.23521016398535266 0.5751893296239313 
-0.035386275766537786 0.10644061646166489 0.21045660385233017 -0.04033591074728252 0.05314084867891981 -0.47321685862512647 -0.09721004536796882 -0.27369487403604975 0.05859097515553945 -0.137254483149941 -0.043196373871694935 0.29609772894080205 -0.006532231543579237 -0.1753587791516542 -0.12766549855769965 
0.2807431316948565 
-0.1621086753413464 
-0.2974217561702299 
-0.49887384941746504 
-0.22572718438617165 
-0.02690269512897045 
0.16433580587874652 
-0.45836011000064875 
-0.46216218473403137 
-0.6771688366600619 
-0.41035195340843017 
0.15633995274627271 
-0.06050917206504765 
-0.343525536588959 
0.28748833898026765 
