30 15 15 15 1
-0.0832315216037248 0.2012559753778275 -0.3287097476564426 -0.20467933016953366 -0.19145335115080525 -0.23614153895376436 -0.2356754555554849 -0.08360695033057892 -0.09066066325553485 0.007109645482982826 0.1464405268759141 0.22060396366708518 -0.16121360509476462 0.37794252432085457 -0.13076578523064095 
0.10231421446582191 -0.09174795440952546 0.020724029645120268 -0.24745030182041608 -0.21130741846710865 0.18128481635586277 0.43366547312520937 -0.1687979618469656 0.11571871672856264 0.38045345927703716 0.22487001319132294 -0.30640916534174817 -0.30885276457877653 -0.30067207374728927 0.28985750632842916 
-0.28978085079807114 -0.03967684797098423 0.30640876380331444 0.024090367655085477 0.19386242253331842 -0.37857695624339244 0.1011795787409354 0.22891121240832035 -0.29774062920922756 0.18443169828022482 0.47036243734481675 0.21343539806699702 -0.1988495943824609 0.20640919594807278 -0.3801587211930111 
-0.06303618678334785 0.4442784413072198 -0.14623914044693054 -0.33912254919616597 -0.24363649049841207 -0.6462643027677413 -0.06087510960800171 -0.13267821916471836 -0.1737185642831107 -0.003117635564187051 -0.12010860783274745 0.1990239515327146 0.038447878270777246 0.07047533100412832 0.20767261564987646 
-0.2441190518785284 0.07714828124706936 0.25547083365058226 -0.25503767152872314 -0.36916911148444836 -0.13839379717958133 0.026948215418582243 0.10146917887612436 0.26063195965541713 0.13759229917696628 0.37883779511439125 -0.10878635244643758 -0.14117656077671795 0.3649463796099945 -0.28926271938429926 
-0.20428606586789655 0.3853365416151068 -0.2790228323353415 0.11681336217757707 0.13118184547985956 0.2569967060365001 -0.023433921593849816 0.3010809571899701 -0.0989859791667966 -0.18845832190719786 0.34667858232872395 -0.053211176431399 0.4174108306690946 0.02387700447651115 0.2566245138126111 
-0.27889109367052856 0.4832225936091905 -0.17575140527054464 -0.10592238930851297 -0.07795688706166946 -0.46019442200294497 0.14000333829943318 0.17067218307728144 -0.31880276946556735 0.12744272710995844 0.15331197196112326 0.17960174393408768 0.6302973207234097 -0.08013891439476803 0.2932424483045114 
0.046758842663245266 -0.36950597088417997 0.2578833265780671 0.1521597176838752 0.423799534650489 -0.5861159124913824 -0.28612924400850476 0.2626867476991141 0.11848303356715031 -0.37541830968456225 0.21303796906069003 0.1798211902438232 0.22962217035720237 0.09853691946462241 -0.20797256643148257 
-0.2967201287669333 -0.22897385008214416 -0.4217481530035137 -0.1591629893300037 0.10573910796822063 0.08967471946828924 0.2203055000036635 0.21773600781480448 -0.23027693413357916 -0.13327886734489913 0.1498639545029617 0.35088109617582813 -0.027797404062767372 -0.3960749262790204 0.19877703692591198 
-0.16194685255659677 0.19684196838371726 -0.12395628393108955 0.14109161568761122 0.23142894551908644 0.02771062132424671 -0.08160735207039868 -0.33855793245644966 -0.2320683409827957 -0.2809271042875954 -0.14710215258646844 -0.032261990731740776 0.1284458112559853 -0.08563513676526266 -0.30141695875815094 
-0.26342643187142667 0.12671324268444412 -0.2977132808902749 -0.21811025905909584 -0.15878347573904633 0.17243695612707435 -0.051641569947405846 0.023422662516275207 0.28608898797727067 0.19754275470771007 0.0032953655528379215 -0.0749428200664767 0.24235305755114797 0.2725273449482661 -0.32609691929169543 
-0.29755603421347643 -0.2206856131216274 0.07167869416356203 -0.04971901934139847 0.058224970740832986 -0.11705060382441547 0.07113274675126316 0.05734192580050757 -0.07150366087173024 0.06063973537771279 0.4149040655558176 0.2986846837971493 0.04101279466135653 -0.20386838233943227 -0.3717260140610237 
0.053319665451633184 -0.32765883292779396 0.11037166779473104 -0.23970763538465656 -0.11793227558613475 0.12967744738434106 -0.3046462883814385 -0.10406527080087127 0.014530299782599178 0.3719365466728877 0.07263148290191704 -0.3985167600525243 0.41880558275268354 -0.10577752479859426 0.48807140772183105 
0.26594141551335965 -0.26894422081662267 -0.04505185963955147 -0.04202336278075685 0.4483909019413537 0.19394087534666343 -0.14500840215707864 0.3049915678038344 0.07862402049648679 -0.090621649976024 0.03296967522848056 0.12512077762844098 0.2383430846859626 0.1390596839250235 0.3336779628475151 
-0.06259727543730083 0.327553472608371 -0.45137204315084367 -0.2765300437996136 -0.03835777831031017 0.050309272498810044 -0.17199515362355824 0.29072639083896157 0.199549667320995 -0.25957862096489204 -0.18731903694374458 -0.10311564493600038 -0.32922421791453776 0.17523452838975784 -0.026113801702192876 
0.2711298418276411 -0.21808498020166317 0.40174623170917173 0.1144094549582353 0.2866406891165573 0.009633538954912231 -0.13573640474375975 0.2233228012724858 -0.12924319699829753 -0.02243881201082075 0.10166860150849143 -0.27431257492535444 0.27931574391740155 -0.017857351824875394 0.1810218520184017 
-0.11107087624609384 0.19036457101406593 -0.11657943462833224 -0.25191258273221356 0.3946712359173282 0.06676841896799768 -0.5200919750792287 -0.23771234005377695 0.10758285431899083 0.25191923342896366 -0.35315952631390063 0.21682460325123334 -0.10312292534136167 0.4106602403654718 0.16229552549609746 
0.1783799034717009 0.12686627303677314 0.03773632189277651 -0.1545251734837212 0.11088345158128085 0.15137136554592098 0.2252271651549528 0.2297523506887097 0.11924536448708624 0.19330166268148688 -0.08205784732678002 0.17835701739375673 -0.029035064895348964 -0.011486882903677578 -0.12218544018875739 
-0.05861527200073806 -0.11392537880997479 -0.17451587736104576 -0.08443103884414764 0.2538608439617208 0.12718759646538746 -0.2721879715923276 0.0022751256507620057 -0.10242320078969382 0.1652454966320215 0.33977097070884343 0.3719611298662936 0.1970104054911055 -0.3830195925232643 -0.3706316632767656 
0.2170494588694069 0.06294204549688061 0.2699115354146974 -0.014781051717313795 0.25152753319288734 -0.143326959386383 0.1803435290602968 0.046497733412222825 -0.04557263626801659 -0.1223840011825953 -0.07359870090297665 0.03266890078622191 -0.15978387672120403 0.4186106774133121 -0.3425063806066228 
0.18996953436138628 0.2825515048091442 0.0698527124097387 0.06373711688556544 -0.18519219471188952 -0.0048183478249952776 -0.17068811031179715 -0.14269702784681873 0.05499768388472439 -0.1128972639809549 0.4948388248861778 0.22987183929058538 -0.10356259305607887 -0.2347222584996724 0.016566607139241005 
-0.00024403596537561853 0.13808285485214733 -0.17741107783949944 -0.15257931942567698 0.21501387858635201 -0.04997267287014759 0.06958272043079752 -0.16151596991184433 -0.24435211036618668 0.009327421943397403 -0.013459938577056418 -0.2122746564947202 0.07268302007069734 0.025992758738896744 0.09233647793685613 
-0.21740070156668362 0.04777037516978865 -0.16875728638604373 0.1089553292110912 0.4152700646787275 -0.18840153022265632 -0.026398798923171374 0.11153731137748325 0.21062396047162887 0.022685498681693998 0.2243252589785189 0.205865122754985 0.11870018525163223 0.22617705341317051 -0.11481623523732834 
0.09060891588412773 0.13640262423696187 0.05552020288519117 0.15037988210441688 -0.27121471007030795 0.14076038002802238 0.09431469681444572 -0.09031990028853643 -0.14697007349887511 0.07904891502251915 -0.11961428653570638 0.25141999444771534 0.0286343336654798 0.23281856034555862 0.2852682048056636 
-0.12028811652822735 -0.03431098901891013 0.24643182261251229 -0.12419967108621698 0.1575069642979172 -0.09305568282530792 0.1662568820374865 0.2637050676216522 0.015568288035057056 -0.22315908117275338 -0.3005593712550227 -0.0655090501085331 -0.2074079765637524 0.41154152399617244 -0.48262614831061845 
-0.07974939684371224 0.12775339181233283 0.020144934599407964 0.25101863171357564 -0.21607583871655744 -0.028675371132651208 0.16633113010913714 0.2393100811668746 -0.18009335854570463 -0.15276611038924487 -0.14380556436858133 0.03958051066734195 -0.0254072230690011 -0.27302082390421745 -0.0037926475099775876 
-0.17505709247162968 0.09645401833382 -0.1373652321093047 -0.1954450949226614 0.1270352016432049 0.3130475115580244 -0.003818585549051276 0.11694256791856067 0.006549074661602212 0.024176070169420624 0.39054440942944113 0.16877296565359526 -0.2887495424246288 0.07884450840486483 0.03072725337430571 
0.25591858681135127 -0.24577663886466414 -0.24762336173281319 -0.2237695082040093 -0.005900472941341767 -0.22303950557055718 0.057233826498217066 0.26656989740348347 0.11847216648765917 0.12348291310938783 -0.071664106457356 0.27843636744710987 0.0207323998061357 0.30168711998577596 0.15318294541123095 
-0.2181092380476306 -0.2623578772334746 -0.22629575407665675 -0.4615417533334804 -0.01894911895102274 -0.28766844095962274 -0.5425057337951675 0.23286762086259355 -0.07068189013627585 0.1260584557975304 0.15507413844097154 0.10599926505611687 0.13421603883438735 0.09503745623158155 0.32549914478089714 
-0.058065284280323426 0.32604679571293926 -0.4446188212273107 0.12437206278892823 -0.12015798186910832 0.08177278308839606 -0.39845651634418705 0.06475696759284673 -0.3075391748668632 0.37992226884384517 0.3951230906875214 0.3135627534082039 0.3572595137157841 -0.27052050479048123 -0.13454782886757619 
-0.1401851593241427 0.3554218038931036 -0.2043258680244307 0.007818794297497428 -0.13724448776834658 0.31146428452200386 -0.09801270219178623 -0.08127773598483852 0.03422208466179744 0.33363163766009635 -0.3575024562947655 0.19238225461018568 0.2850572247890948 -0.3604060887441947 0.015912038551034437 
-0.12852547251382243 0.14096942056963677 0.12400362305573366 0.3098409905323053 -0.03416833710916076 0.09417215753728733 -0.0986944591339266 -0.461090543243205 0.16606865268368978 -0.11620828386806276 0.012449583811722233 0.5020154531202677 -0.13320138564665288 -0.20633025482948325 0.04354421339140058 
0.3280847626903407 0.41266212254288104 0.2841032906824012 0.39490085107826756 -0.20340946387944198 -0.32389087081027756 -0.2642264759528993 -0.07625899711156076 -0.36034626152158267 0.03095640640386806 -0.07102521076571479 0.4069865976361575 -0.20112912441451786 0.2974925875878374 -0.34498922743990384 
0.05402777145852467 -0.09161647693373101 -0.5061173376446936 -0.19847300232032317 0.12104656927415232 -0.023250058168655524 -0.0394816676466651 -0.1992564510625913 -0.010234198980312482 0.3766517732758852 0.22768579323232582 0.0075484200160598845 0.5265184701489558 0.3792896805756132 0.16023248862296827 
-0.3563313608148398 -0.37130978549420113 -0.3669785719845585 -0.08882447813462284 -0.09137482642926216 0.35425845742061585 -0.40382494707902655 0.4061620859241061 0.27425765756868137 0.32061436264134374 0.0816610620771984 0.2017143670929605 0.01273082433215148 -0.4299605033776198 -0.06295621298460843 
-0.005706434040244868 0.3240429143352313 -0.15268097470091196 -0.11330645402825226 -0.27346773624715776 -0.3734244939394824 0.18780993514092373 0.007862679530595057 0.2679328271470438 -0.35116510524696576 -0.11892804720203357 -0.14388870650758012 0.3661217562069345 0.033334228948916966 -0.3309265889303066 
-0.13873403438444162 -0.015524938965368376 0.09603199223549869 0.3235339115177073 -0.27919907080614964 -0.3638745915419359 0.067673067474527 0.3189809645800997 -0.4960083988290222 0.17457589569496124 0.13821078424149644 -0.01518566849734729 0.40925765854793916 0.208250308059503 -0.27307824761764266 
-0.011223359548532158 0.2978021848783132 0.3714458411379879 0.16386218235718236 0.12828987789657628 0.03886840785545083 -0.2936497553340574 -0.01881377055011045 0.23809821972688225 -0.0669980377419441 0.2590477510091283 -0.11854663430561743 0.17658855082104902 -0.18817725805430674 0.25606114453900314 
-0.05258714303485033 0.2184081808911436 -0.1355168965669356 -0.2353525907918325 0.19970045352839635 -0.1416605335472768 0.1735737173553454 0.1991692423539738 -0.2043534997285758 -0.21404742525055698 -0.22577605761873729 -0.258071456715398 -0.11732660132108785 -0.3972684818189948 -0.2944151140779145 
0.1289440365022967 0.3181702491084251 -0.47260233565850707 -0.3289433933999052 -0.21906066840990934 0.31663019560593003 0.2752965997079693 0.09623363953439741 -0.14169346055946946 0.22773153281179873 -0.047021811479144714 0.43103589094549283 0.24571254305012777 -0.12920231449118688 -0.30802411358209036 
0.3630483248028073 -0.31085094777501937 -0.16438150504306667 -0.02206919828703827 -0.06997188475411557 -0.30087127041300166 0.25724919897192455 -0.36539100391389395 0.25243485250201636 0.35317550528800934 -0.2492720145785011 0.19094688956783706 0.13490346706558906 0.12856693440794834 0.09932342515522037 
-0.1516572229850221 0.17985343210191435 0.43994762699225404 -0.036233441617784 0.21118560211798268 -0.3734925978581159 0.26796466534472196 -0.31212867030022445 -0.011777261533419599 -0.11881058571565459 -0.3524378472742463 0.4960369663779781 -0.12197218796835387 0.07191525722434969 0.01324024054870706 
-0.27777066211418117 -0.5230303991891287 -0.12784065436741368 0.22868653297940783 -0.17755827547760075 -0.10512804496088597 -0.36324015698393236 0.047144520529238405 -0.14777598309288395 0.6041478694937337 -0.24267819716519473 0.1609019946079981 -0.6258509231800019 0.37879418747913307 -0.1115524174581778 
0.02015608932294329 0.0798547568845084 -0.20601997740446457 0.1352000879500922 -0.2121127997178423 0.18043129659722162 0.1345657847015994 -0.32157910303653087 0.40965176019625593 -0.3779143751772156 0.2621376346943328 0.20989436437163078 -0.21979405059076249 0.3333736876849356 0.23387928867787847 
0.3720061618142049 -0.24089767591527123 -0.4563147918701389 0.5033934232676089 0.26999749212836566 0.15618977247742954 -0.0071692073312067265 0.1688847128032353 0.23436361041066173 -0.018535467086414664 0.19013947778556686 0.13761655921320662 0.10927000561447088 -0.09066631500428683 0.31860217733120066 
-0.04055892017772793 0.24679612655487487 -0.053609990527008405 -0.11366461694298965 0.12925210106317575 -0.20835814469244623 -0.02367955952855263 -0.13701820815300586 0.0930858691862854 0.285225742092603 -0.03794399014907732 0.21294261466998254 -0.031166445778955037 0.1151154799409223 -0.27802117689554967 
-0.04872967148943504 0.2642313529020069 0.07715620845020889 0.17115481263923282 -0.0721600738385636 -0.10309783569677627 0.2582930309559657 -0.3283467429381668 0.019791406199103346 0.35250325589941867 0.012878091657407992 -0.22924839419433898 0.2356950608304594 -0.1609875631865245 0.32625652188939097 
0.029144155443642024 0.29745236545956166 0.0912042095774772 0.231304373158879 -0.5970650574924683 0.30973018592993695 -0.3205322066952681 -0.13144398917419792 0.32476292811149315 -0.5497866755704789 0.24002847114458156 0.2725877845590494 -0.09846937102807725 -0.20942755319264283 0.45242077342429876 
-0.01597488099353622 -0.38330976205623085 0.324919191062506 0.2856828586960073 -0.07750163188373446 0.13620620310443673 -0.059338817504402105 0.13567798813679546 -0.2131315964876008 -0.2348129173519398 -0.23305833025078862 0.35428287688176874 -0.2225010845129273 -0.5698106431086145 -0.10526171228988873 
-0.37087933216234414 0.1603606529119371 0.04687806198724692 0.22076535097221747 0.0050950867866511465 0.21863282176544127 0.14500456393715702 0.2078417024707423 -0.06828193502506813 0.10875554452587163 -0.24063227284261582 -0.13167812826979264 -0.24622060272658122 -0.06668677376860051 -0.1930046982090602 
-0.0679567133489829 0.3590883561752333 -0.13281341529650273 0.36816581122955594 0.08641237299375427 -0.11521459553199444 0.26967513073227056 0.08765921108304162 -0.19417742171569924 0.20952712399592083 -0.048761275169626125 -0.10479078320758163 -0.1362483511634036 0.13397593695482574 -0.17212400000536277 
0.23137532053292023 -0.19208436542220814 0.031959626834188515 -0.008700233480999959 0.26801280400792626 0.3564665829184311 -0.23706781159287413 0.06223867790546424 0.4563608769776648 -0.06321893316106374 0.32020342169972504 -0.1642233432919247 0.06766143503699272 0.14620959866272143 -0.2187411812089103 
-0.3711373221427377 -0.13754084791223467 0.33331206476968434 -0.17419856457319782 0.20478410804250796 -0.2629608720630169 -0.11648393199520807 -0.2680486265896511 0.2473951473495357 0.1717505664750232 0.13339768458922613 -0.18380749291196571 0.11619452086725597 -0.20053232148956632 -0.10831089320550008 
-0.09399936388385531 -0.19047906976761378 -0.336364254147476 0.062085762891108946 0.12096153557647758 -0.05269677168378177 0.10916277251098812 -0.24829277955040538 -0.46007253585785035 -0.04058590451508435 0.2822819238705687 -0.2374023926958977 -0.08416340799420005 -0.03605864833335028 0.12084749164434101 
-0.25485582271086676 -0.16010565754688158 -0.1773048998106157 0.2522008762230484 0.1970556309488843 -0.15430265052576414 0.07829817192025645 -0.2673708309689506 0.06293196893139905 -0.21820959731187614 0.26966685451335953 0.12670334345239215 0.0694757438410455 -0.3213324965423399 -0.005542111257820114 
0.3714076431214571 0.33627646393683186 0.10673943341331954 -0.2624851136167035 0.08829247221785981 0.03135276604122999 -0.022647382597109217 -0.05236620558351501 0.06537579311153116 0.25530572477559094 0.18727370373473323 0.05781768158801503 0.31557461402026493 -0.3645822685567481 0.3752008950475045 
-0.3400480227087535 -0.32742323281022995 -0.056259290688150415 -0.38582995110231494 0.02839962059956684 -0.5088865615036677 -0.1599263866940454 -0.3336923348403988 0.08558204569130567 0.07663385847506417 -0.10646109100718609 -0.2341113000807373 0.14794985410053615 -0.07378424497852876 0.4078941874492941 
-0.008715070065954983 -0.04767441441187884 -0.3594515289281854 0.07329068947435623 -0.1458840813233324 -0.1610486428164737 -0.04806689239442607 -0.08612746757360742 0.03980397757143479 0.5361853297087104 -0.11714929462781186 0.2051902383317724 -0.012888977188097228 0.46471321772880564 -0.22186287196046084 
-0.18985412446857655 0.2597551501491811 -0.34753248300386974 0.32885710321313916 0.10525237758685892 -0.28211371196579893 0.3781469810037583 -0.3358049186680252 -0.2223625602177294 -0.6597498230977351 0.05178713062226932 -0.24010855307088558 0.04204632554478309 0.24423679689103958 0.5225110230881531 
-0.034911537063568046 0.10174900847890186 0.20754879940967633 -0.03578147718558566 -0.045946069445815564 -0.5042121010087914 -0.09588527428378366 -0.26990501941262196 0.03852876909609052 -0.17542861091617812 -0.051998495065512754 0.29199723628511276 -0.007154223635447818 -0.207690236387055 -0.0545535254354346 
0.27685542056802215 
-0.16900924218469918 
-0.2933029422262341 
-0.5047552737343264 
-0.21031755914519412 
0.0034002323640911717 
0.1620738199555907 
-0.4520546819432088 
-0.5104135073692294 
-0.6651355678849288 
-0.40492810227162435 
0.1541899256476936 
-0.06017031508150184 
-0.3214503001729769 
0.2674408971440039 
