30 15 15 15 1
-0.10765525997061173 0.2005764335258939 -0.3933326637618134 -0.1698248466262328 -0.0870911082867075 -0.2475110099867664 -0.21690164683054244 -0.020307642692061333 -0.08869805821586511 0.0033014774186167165 0.0173495742228451 0.2475969186840637 -0.19955993436025768 0.29837701557893836 -0.1628495120811631 
0.10022910039346958 -0.11253641149022184 0.020984074483682048 -0.19020532007619162 -0.15324373928337137 0.28403992214183404 0.4090485692813749 -0.176178757527098 0.11338318801999633 0.3384713549717055 0.2259454284636239 -0.3937355677670097 -0.2792847342177037 -0.19763120315228977 0.33932311819305344 
-0.3201970353646192 -0.11344675078774805 0.27394489049482756 -0.004194273535010661 0.18624764719007916 -0.16372588051342582 0.0844591555706585 0.24469592783173597 -0.29238246857312916 0.1353402639282285 0.4669652631428993 0.28357250231794917 -0.19371364154533618 0.21982333795549835 -0.3688082566602216 
-0.08619330630755491 0.4934827283745689 -0.16299416488165788 -0.37610921486255505 -0.08337104278063996 -0.6861440605800267 -0.10073430813181307 -0.15316640804831594 -0.17076682523422543 0.03785003371545179 -0.2231173113689094 0.21758924211272232 0.058061286587303106 0.14939106014616343 0.004798560964795079 
-0.23958770744459457 0.16002784505147447 0.24713075005756446 -0.3244522844868464 -0.2793100767152882 -0.07511852170844523 -0.02812230692901496 0.22777677372963573 0.25599890159675043 0.09032464127194448 0.4604022945440146 0.021981184889431356 -0.15884721326446138 0.33037111917568585 -0.4217449681773416 
-0.2004005009239723 0.3490486198761441 -0.2120389391039206 0.18747389620734342 0.13713148242953113 0.2291732942799365 0.02652896091474345 0.3107479897821317 -0.09747773724406766 -0.18097440156108813 0.36672759168973174 -0.05960406619533394 0.44841486738021796 -0.03375393518047817 0.01863396409891184 
-0.309694041593606 0.5324066666304319 -0.20355837803023658 -0.20312899964651396 0.07483232339900167 -0.5314424168748466 0.07647936399343665 0.11364397615961587 -0.3139067368287915 0.13861730852137186 -0.027169229934468953 0.1838290513662391 0.6613955018060614 0.00839243671659343 0.22700465421366398 
0.02934226487724615 -0.46347119716847296 0.23539356343061432 0.11729325686618018 0.40947927535636636 -0.4863664893710122 -0.36467783460437303 0.2315387415792864 0.11609642944089814 -0.3642868540188878 0.2515029474174774 0.2231133084933232 0.22249348678941266 0.15608921068232834 -0.22449339479594352 
-0.2913772827462828 -0.3218702674733759 -0.3774556694411843 -0.19411695407514257 0.1530651648026142 0.1420695750063737 0.2078542519488133 0.23098805203481124 -0.22596676837349416 -0.13062206288172576 0.09802240610306447 0.3973669209561057 0.02191000863191297 -0.37117717743020207 0.12271139577298115 
-0.1587810178991595 0.15224086478217205 -0.07220636638887472 0.26304008167261833 0.1786088931217322 0.02547356935650688 -0.06902447259154693 -0.29115703436459356 -0.22772936176024977 -0.27582328374781073 -0.18452225278931086 -0.1744603073167178 0.12587668697508336 -0.05914799544397355 -0.29600375680826807 
-0.2585920392765489 0.12308585815858562 -0.05763466765078441 -0.20615776336485947 -0.13347684396538648 0.2132775839767411 -0.023253194167393288 0.04077178444786 0.2800300193874019 0.30317123214920916 -0.23597069833857875 -0.04044066425350701 0.24496632531786508 0.037451244131223464 -0.12668831519369497 
-0.2922006426297726 -0.22012133580775878 0.14604489592677003 -0.05588701127972246 0.08334934953980426 -0.06835754926208004 0.051426044227184026 0.11741367916316583 -0.07001234665985091 0.0022879514102360048 0.32877326753140135 0.2986732467791728 0.035251216924918935 -0.09679254147852706 -0.25558849708299436 
0.05343224981696019 -0.29972569010881267 0.24452039199145076 -0.27447731244732126 0.06819994553618693 0.028408618538955474 -0.37679649493498557 -0.16529365690995454 0.014212882007239974 0.39168626205358287 0.12963728344782907 -0.4827473353809823 0.30321048117802607 0.23369766726362073 0.5554170946132679 
0.2610680017414792 -0.2992594961157939 -0.19390700084621182 -0.10343622289069872 0.39700828411026495 0.14784521655023697 -0.0392265839026143 0.2529396186366427 0.07688237544232875 -0.0868200474993388 -0.1958420986554847 0.14415854769992734 0.2302451139378564 0.2610752952968997 0.20668695576813137 
-0.061282649599979165 0.2473468441394474 -0.544312941911937 -0.2641396809180443 -0.03313970380543944 0.05133362897264694 -0.18491672915429475 0.3197494390028618 0.19574284002821324 -0.28287920978018866 -0.31499141583877827 -0.15428355933336116 -0.26944402509356474 0.281875260609161 -0.038808977665824224 
0.2661762502836776 -0.17348473327645478 0.3897849019349997 0.13559361564305952 0.2794884849803038 -0.02944178044152412 -0.1158426140238153 0.27181913204472097 -0.1266595683756112 -0.005601805405210315 0.07095956040084278 -0.2298734323026853 0.31229240514691264 -0.0614243745171366 0.09617217916311888 
-0.1088216560572696 0.3442661584361278 0.04784441371213124 -0.27290183216999764 0.17659933320505425 0.06537075057002727 -0.3459751490201821 -0.10425587620336674 0.10539876538818312 0.21396286700601372 -0.3159234102091104 0.40843590120094164 -0.13231963350093173 0.46970743498126766 0.11737840867200465 
0.16465998733041895 -0.12414436759283763 0.0368199345005425 -0.19981165701242562 0.05027325662837791 0.14839115957514432 0.23320204129492553 0.26078450748314047 0.11684470840291426 0.17692640614511426 -0.25733895344357366 0.22207590575262692 -0.02840852492458942 -0.019544493260356555 -0.20523896244252954 
-0.05738041395678778 -0.07310407690432004 -0.14046854128014996 -0.04755247416197215 0.12729659929010112 0.23512960916494346 -0.12087102952571613 0.16277647158786973 -0.10162717767844813 0.17362704056144057 0.11331116412975785 0.42094170985248497 0.09794604910211464 -0.24478330621422525 -0.23683561931749916 
0.21295383037385454 0.09927351010404098 0.2414753231656878 -0.05215414393749547 0.2549985016269479 -0.1426657564777266 0.19208368056357175 0.10224086298048438 -0.0444773909735843 -0.13359221647155317 -0.16088555754179465 0.06327598988436064 -0.20286681095962236 0.40516457598956035 -0.37667777325557855 
0.1863232983982276 0.3011474797844013 0.0671246226082325 0.0501563248083841 -0.16465226562506882 -0.026414534267386314 -0.10893836108128706 -0.22449911843475748 0.05383571551183925 -0.11061406351245756 0.6215200942967377 0.2888237052126181 -0.173119418432313 -0.22411210267118364 -0.17048978058307374 
-0.00023863817323376325 0.12810581268656243 -0.17397812837173035 -0.14957778594861562 0.250224967713557 -0.05154591128688214 0.06812931570687257 -0.15835765072225708 -0.23981707040273625 0.1078219745251047 -0.013165632463446325 -0.2082572561933759 0.04127608622408004 -0.01642740248185929 0.1451698439953423 
-0.21329933511313448 0.08031442363277065 -0.16547319266813607 0.08748866350109208 0.3354138163529631 -0.300914148963389 -0.0191015471933618 0.13811629991776006 0.20663370307640327 0.011494178882012237 0.4242611194107192 0.25749832402543155 0.11758893742245731 0.45925473512604187 -0.18348634252692111 
0.08874631460571662 0.09732957840035403 0.15455353669165295 0.16356538885519434 -0.20610618835500588 0.0904994232678184 0.11804774456193497 -0.11433295008958515 -0.14406785239151249 0.07740973349765021 -0.112590957404928 0.23215151569900147 0.05782483134098542 0.20295234390993858 0.2808574505390114 
-0.11786826277581729 0.022614027149281336 0.2418638464676869 -0.11830711509712837 0.11581570325649215 -0.0671440820974729 0.20294948335655746 0.3145470872744555 0.015228497795080457 -0.218963966890677 -0.24097527133645114 -0.025381172514345143 -0.20347074745567117 0.41652483227130954 -0.4729178120247009 
-0.07809657053615908 0.22706595244832595 0.08853654100895543 0.14345606567124936 -0.2398758046590052 -0.0336404837453732 0.062246021289897736 0.33421801514759336 -0.17661458569177158 -0.1497612818469219 -0.14095968426100905 0.13356494940430744 -0.02485729975879915 -0.26803811802016775 -0.024725678167450273 
-0.17166447997213527 0.08391797703093605 -0.13409629148674201 -0.2012064439825993 0.12003278453257941 0.32177669163743966 -0.028923639024243268 0.11789152652289205 0.00640501682300958 0.02365225221758763 0.390516583965364 0.16992145012232038 -0.2835268525094418 0.1062766627177323 0.009630316972687259 
0.24412718815646947 -0.19830900213222027 -0.2491228822768192 -0.2980840867962468 -0.07958096449059403 -0.3540857107487854 0.04671053778094965 0.3087378879168562 0.11608576277707151 0.1103552557527574 -0.25462093005930353 0.3391259107042205 -0.027594497950748448 0.35703637947991573 0.05305330083322218 
-0.21399630373061287 -0.16124847114377616 -0.2359298401738293 -0.43082627271319995 0.0022227118342542903 -0.46504540982819975 -0.6953707786196867 0.3187088659603536 -0.07047694509083724 0.13555731039224017 0.18711781347886552 0.13814050979852888 0.23016488052925305 0.15429658032799104 0.14875818729030338 
-0.056841481730186924 0.4055019141172891 -0.5523813192973239 0.0646002891728806 -0.13244971431996289 0.06605463696204096 -0.4495565792521555 0.2364708692516291 -0.30203475745754454 0.33776857982854747 0.2702793182927219 0.4016100192550131 0.39970637985043306 -0.15245494726720044 -0.15103519485068628 
-0.13740401752763848 0.350834552251583 -0.19581190540144805 0.007544558400536984 -0.13451615224054134 0.30590167611053914 -0.09600893324491853 -0.10060366577869646 0.04957369100273636 0.3277445346156467 -0.3512735063506034 0.2078396540371694 0.27428468233912 -0.3541360742027326 0.015564847914693295 
-0.12595489852013958 0.1398954107003197 0.13945752373635215 0.31741290698833213 -0.03343416239756819 0.18740841164347638 -0.09888981144691807 -0.4543413066567011 0.24286348582772754 -0.08751767540337443 0.012177132455425583 0.43690420670783336 -0.16037968110799133 -0.10940436934796705 -0.11686837206327941 
0.32227820685387626 0.48308409996241797 0.30669018576072776 0.16324663328008085 -0.19953843908523713 -0.30805630009842794 -0.25278570194396266 -0.12460398518791406 -0.38280532911833126 0.17575432814847927 -0.06522230502582538 0.4512566247135205 -0.2450984658837048 0.29157231939976463 -0.22950739332645165 
0.052885414584862615 -0.1178045646702969 -0.5157677500025314 -0.2511768700504534 0.11861276880191296 -0.028195275292102175 0.049971421001591125 -0.2207558604352214 -0.0003363595402537067 0.4603193353257683 0.23267067303457128 0.24049844670994452 0.47091807816967274 0.4132118431463623 0.04257976354324755 
-0.3501190043213347 -0.36089989676922757 -0.3443896031742084 -0.10326358078605237 -0.08949755287966128 0.3690799124015882 -0.3932966984986069 0.40249516195763346 0.2667896776669075 0.3629143555265736 0.0934680920337051 0.27606547309338175 0.024385675379720455 -0.4257632890683825 -0.15588380980709335 
-0.005580819070469281 0.27066891722882586 -0.14356639800420232 -0.1006537514478383 -0.2684781578450095 -0.4744072229725842 0.25115828803607343 0.10839617499556507 0.16268390719124542 -0.5027417707693514 -0.11653323844313829 0.2167041144020484 0.2788480276204483 -0.03924192487194534 -0.2911245442063698 
-0.13597892567448383 -0.0053879205716629705 0.07353804781387278 0.24172363767147811 -0.27412163762141045 -0.4088621154120518 0.007348065502946375 0.3757931604994418 -0.547824516827269 0.14938813342970983 0.13385895396053624 0.18709135304500565 0.41534171306832596 0.22458057722321995 -0.384555547989494 
-0.010977483204911986 0.298450000555019 0.3550310301075666 0.17415690297865494 0.12572359180436812 0.028873554470748686 -0.27700360257399864 -0.0002596719062998788 0.23550233036774468 -0.10152532359008216 0.2627536000942895 -0.1678100038575718 0.1736787817019118 -0.1653805455634974 0.16972574031289353 
-0.051473969772742406 0.21488998101628343 -0.1321971518992263 -0.2287049395430405 0.1958911129213108 -0.13885297348632528 0.1702065823891701 0.19591937311477267 -0.19967377488076335 -0.2100009313666477 -0.22153853735137052 -0.25373394907034147 -0.11447295811229703 -0.3898613197535886 -0.289106917024767 
0.12636584778483131 0.31704324645747295 -0.4557093955966879 -0.36718274853374694 -0.21493221513686542 0.47731496293938624 0.19733382219523685 0.09706593093770985 -0.21534486289682572 0.2169444883259284 -0.04602199424155847 0.3516760661922684 0.25947583383998385 -0.08945278008348724 -0.27730221242813907 
0.35674103794138545 -0.28553958353097497 -0.289663405220595 -0.1428058386430538 -0.06851079117326216 -0.25152696456887924 0.24291713479658242 -0.3642190904852372 0.22645965165704468 0.33785007029832503 -0.21256961566437807 0.10779641439513826 0.20118733505314698 0.15175481877961297 0.024681956706861297 
-0.14867196701175553 0.19676919459159536 0.4536759252417443 -0.0339995198739065 0.20718610375545013 -0.3554121288963875 0.2735489646802808 -0.29062989991023525 -0.02384529629888646 -0.098145054721203 -0.3186830465293967 0.4879862335260469 -0.09650897809127935 0.10236196015460072 -0.05151806540990718 
-0.27271507631344677 -0.5213783430692981 -0.1726028036274924 0.26485183772881016 -0.1741228074900501 -0.08931322479559213 -0.31739509496519075 0.021705224935745455 -0.12633757462997688 0.5108277157054931 -0.23816972055842475 0.00022480900739739636 -0.6572077642112485 0.3443606928131713 -0.23260064961301563 
0.019717884545958884 0.100278577786627 -0.1977877058564607 0.09347317051279393 -0.20809805862611644 0.3395166118797972 0.14410605671684276 -0.38541329648847034 0.4679513838494339 -0.40570747214634373 0.26616675440399695 0.1550290814458578 -0.19729869788953716 0.3412203686564724 0.1288362383578232 
0.36557318267742206 -0.24804744874628742 -0.4476952148003216 0.46024860560485464 0.2650613620751319 0.2746942557526155 -0.002010287901116797 0.17090508848792044 0.2587485509177075 -0.11602824441378179 0.1970423319349069 0.12283455740805992 0.06525041096076357 -0.11923536936435873 0.1552329432046043 
-0.03969199076972363 0.24222238855991443 -0.0524760901805855 -0.11136716489404377 0.12666831056266295 -0.20440522800767363 -0.023166284688962646 -0.13429394430501926 0.0911758754024594 0.28005648253339965 -0.03713121726784006 0.2089142453847837 -0.030495105479386598 0.11279112239766059 -0.27296175717455756 
-0.04769496333958425 0.2621336438989114 0.0755539651218867 0.16512079757253004 -0.04108464433233417 -0.04674651732956258 0.2535386063949533 -0.32253637319706385 0.018434850600477577 0.4132329733518808 0.0002081900672808572 -0.22495479749228964 0.2279450709785347 -0.1195053114106162 0.3837003789526703 
0.028515318657201565 0.29773933127248386 0.08933020308990006 0.221535780702889 -0.500888560313384 0.37080312921100417 -0.31483601587418975 -0.12882040723229526 0.30044026902117676 -0.5986505215686547 0.2332126269731276 0.26761174089108847 -0.09546870660304219 -0.18340963086524972 0.49156436715408447 
-0.01562633792696617 -0.38998956440747184 0.3191587956157507 0.2731663622108614 -0.15616602674913246 0.18131950622943935 -0.05808942936449364 0.13297786475084944 -0.2878800287908785 -0.3281166815975095 -0.22870345214129487 0.34809958907541205 -0.22912212325645084 -0.619916347133233 -0.07497870517224171 
-0.36446210769411486 0.157222504610168 0.045881185761652704 0.21660913373608837 0.004982869325818805 0.21451134512425651 0.1421373100341341 0.2038973102956337 -0.06685426278927237 0.10654952341840213 -0.23615632850161553 -0.12905030253681035 -0.2416559682814295 -0.06529072583435966 -0.18930738899028432 
-0.06653548255274469 0.353250601817482 -0.13016503081993575 0.36178659208406605 0.22322604170343055 -0.1020538372627268 0.2647439754383436 0.08585326612872311 -0.18129333336532802 0.39611088441395326 -0.04772592224786897 -0.10265905543484145 -0.12308250081508283 0.2898610323532722 -0.27040596710818093 
0.22704748128993732 -0.16792705695240642 0.03127165414069595 -0.014013890052608197 0.2631073286589127 0.32077379892455815 -0.23264871888866684 0.06093121576589117 0.35929172371689766 -0.07808756593779292 0.314512053726254 -0.1610178683956925 0.0691269996110312 0.13214721313964636 -0.25811672899947924 
-0.3647164891837358 -0.13354393649410642 0.32742959071426353 -0.16275254817552642 0.2124007417019 -0.3720297016535058 -0.11413424558481094 -0.26314259737743056 0.23233179920863142 0.13686825935851984 0.1367223883942216 -0.18026551133272833 0.11436957586715463 -0.26710671849904893 -0.06986965090786885 
-0.0920719338100476 -0.1883620162617373 -0.33043762686476347 0.06808818157524886 0.12445308582043293 -0.037132878114896135 0.10694914349012445 -0.24369539408405202 -0.4215807497184464 -0.02319582001714693 0.2745528778811898 -0.23297795416870296 -0.08532888846466406 -0.039268099736363395 0.06863174497165504 
-0.25015518592018654 -0.1498410333509782 -0.1738737673031195 0.2483104919814576 0.25655004305291207 -0.15205245425383193 0.07667362971968382 -0.2624752848585874 0.11744114085957469 -0.33970667040888175 0.2664106998791079 0.12416596755764885 0.07056464389043023 -0.44344348242145804 0.16847315203960714 
0.3649830301081715 0.33507656698929805 0.10457114037262481 -0.2576653525204765 0.09982596309910385 0.04625948080980556 -0.022156053319041743 -0.05125751373378329 0.07012390826389181 0.25837239539243684 0.18367298440427174 0.05659885922243653 0.31644122446945233 -0.3258602641840436 0.3687233366644212 
-0.3340682759905008 -0.32894232580975646 -0.05507185660557373 -0.35703592215264135 0.0013481278963773278 -0.5231059523338507 -0.15679582780367454 -0.32780435276135633 0.11320742792357966 0.1205689288636423 -0.10398010663696658 -0.2297395306067731 0.14117897160066828 -0.07170233250984001 0.3519764429131867 
-0.008523728755612074 -0.05151802511476534 -0.35319500208679433 0.07257703458914405 -0.15713337384125647 -0.24989515827197273 -0.04704571347793854 -0.08435103798560824 0.0777798255243032 0.4794074932818083 -0.10495712607519131 0.2012896912832082 -0.015071933579286895 0.4040223600858615 -0.16669367605499696 
-0.18620983413001405 0.2540508822019902 -0.3414453789992427 0.31565988870914585 0.12497618059864032 -0.3650692130635724 0.3716284272440841 -0.3298863731813361 -0.2184250903018255 -0.5710943256469376 0.05069019180120654 -0.23564094802171792 0.040996652162155145 0.3164350602810407 0.5435832343584631 
-0.034161853198554165 0.12373174122536208 0.2036092441953765 -0.03480503516076499 0.01513760315056309 -0.31010239621398683 -0.09392191805565929 -0.2649703162501965 0.13665797862384574 -0.05208136077721475 -0.036278883325781504 0.28672547109239366 -0.005788131597347924 -0.09749203712383522 -0.14109075016254163 
0.2718138501783695 
-0.1652511929546642 
-0.28801149203756854 
-0.4935416034999535 
-0.2226020575925021 
0.12851389813198666 
0.1589057714935212 
-0.44454168600082794 
-0.4879891570726645 
-0.6025262253943346 
-0.39772338859552536 
0.15116000586994952 
-0.05410134823516878 
-0.2536552789462941 
0.30712532309052426 
