-0.2630468578965665
0.019959949863077003
0.15762131013564676
0.40068384344561414
0.16215780800044918
0.2293499200225046
0.3371427549776553
-0.034801741364963334
-0.21207646597229937
-0.2633587955684678
-0.20567303942465276
0.17410039170303349
-0.18987647781341885
-0.1366837027063494
0.3244170995352802
-0.44442937081938927
0.21966843617105056
0.3523326319144789
-0.18408467854521815
-0.36814043955059583
-0.2209521939781368
-0.22348624411568385
0.37119246628341157
0.057912426105995216
-0.15509596777958715
-0.35069179796361466
-0.1058728471115211
0.13338487757191414
-0.12425375013601549
0.050111266336202
-0.3828040731648734
-0.16123308728052665
-0.4241789805725718
-0.23701025330678266
-0.059275909060238136
0.37535424586432226
-0.3493785428144052
0.15477262405063735
-0.028869417778145074
0.21793769836377597
-0.32936401558574996
-0.3727948951088305
-0.15225009519807012
0.30606912512739043
-0.21452202246439833
0.6694213403897686
