30 15 15 15 1
-0.11268043841173664 0.16973386801143847 -0.3490589249934881 -0.1861847101299513 -0.24335225766480129 -0.22863151024245573 -0.27126120528671854 -0.06127521823971746 -0.07389165182445291 0.01541250211418273 0.0919949147739132 0.21600167929035607 -0.14142050605483125 0.36166438104114607 -0.2745377625505055 
0.10488421713209371 -0.07568288668213118 0.010933946676936559 -0.25685217329531884 -0.18825950419629592 0.13348307858375694 0.457221070895204 -0.15633440618370534 0.11861704537140905 0.37053516033549294 0.1627880501522678 -0.32828639689210337 -0.2668656323772825 -0.27710274381282596 0.28181916817224106 
-0.33267346616585636 -0.023004173216318487 0.3283666076964788 0.025642410415450522 0.14475502469322238 -0.36832406547756374 0.062449535331178155 0.2416054145465295 -0.3048933651774782 0.15187636853669262 0.484441047925374 0.24243600444050376 -0.12421749987756056 0.26606869350442935 -0.33169598982910753 
-0.08897587673359902 0.4483416468303047 -0.17109676526964263 -0.3477861848482925 -0.2992378295745637 -0.5985001455240859 -0.11353578753733368 -0.09179444007258468 -0.15735880418432457 0.08254192082564306 -0.18449474178415023 0.2052637505108971 -0.041023595217858755 0.0671601533914294 0.1823460192330622 
-0.25005792859505804 0.06585430863403079 0.24058572978487908 -0.21512683060521762 -0.4658094482890145 -0.12045067897308005 0.03915040608696775 0.13617512141240493 0.2806129722083003 0.10605366932633525 0.4453444527262317 -0.08949435550887429 -0.06849464581238464 0.37467570332433997 -0.14573543104541073 
-0.20930201006206298 0.3503128047013742 -0.25640323705331575 0.17033052827339867 0.14282521311103782 0.21925894417344563 0.053769737557213274 0.2702420583807132 -0.1037237455299127 -0.1992540721919695 0.4283507177650334 -0.0786271004261739 0.41785076937232535 0.03331446658289918 0.2118235969138758 
-0.3231391090085927 0.4787555233128388 -0.13293017088603362 -0.16482128258857692 -0.12668688502602352 -0.4434278536548436 0.07116600240973163 0.17419234426925936 -0.3291131287828435 0.16406382813141482 -0.027560811772952207 0.19624418228346358 0.5210565715968228 -0.08736657915828519 0.25919475835219036 
0.031810438125307136 -0.3512929761193744 0.2477100515708615 0.1665922015126452 0.4322201040224543 -0.49329765952681887 -0.29488216571854914 0.2771359724798679 0.12144881746763028 -0.41012867984609175 0.2265153774508175 0.16196455699835088 0.30146089419674527 0.1095704334439341 -0.2031564484441605 
-0.3038500656067634 -0.45454673813342844 -0.29837693820562544 -0.054586854301968954 0.3096349341836993 0.14771148780822294 0.14090373513577012 0.17023229296658735 -0.23589715265909933 -0.1366042209665211 0.09510393098836949 0.1757413988465164 -0.05262673774145897 -0.20581452351751117 0.33429153124523064 
-0.16596175369857696 0.10899031718229424 -0.06499665240971762 0.39073880318729914 0.1697688548308025 0.10096150827257962 -0.2492912291234765 -0.3682259703837439 -0.23772992291821518 -0.2877027187133266 -0.13825214684338064 -0.24435395128763646 0.13165398643543913 0.24389396275671218 -0.3086517315766536 
-0.26980612975842666 0.23790529749406278 -0.1671063624596594 -0.2367270253310468 -0.11434319294373191 0.14738312139912613 -0.13462482303135798 0.07330821424776521 0.2902796197434354 0.3020008903043172 -0.03337571180234256 0.0031212453864910166 0.12955719456767273 0.23260167323464837 -0.2519100162238522 
-0.30470464698454175 -0.30771242438574203 0.1219015449941947 0.011059147865534618 0.02605175538593354 -0.11856221221051619 0.10564040119789682 0.12570605039530014 -0.07331138255113019 0.029410242995886952 0.4073534316152264 0.2896328795155942 -0.05068408418349013 -0.2643068124160297 -0.21706824777304715 
0.05739824163559704 -0.3125470031951895 0.049182333136520096 -0.30747182047754523 -0.24932781262659828 0.1756291024439636 -0.3533189792369025 0.04923698559911924 0.014901741218577236 0.4293646373505538 -0.09419634118999308 -0.32107458227595886 0.35074506037539105 0.028748145332568677 0.303723777202454 
0.27237822292809577 -0.2846321198658816 -0.05829337149107008 -0.060449289044364404 0.2665385746673314 0.15801509991737522 -0.12960883245910015 0.37292953159138353 0.07911062540120103 -0.0887349135569839 -0.01826319029015851 0.20617193001980522 0.21111148483544742 0.1705805224818517 0.20866218254975194 
-0.06418270473540011 0.30961528100938557 -0.4079224223048723 -0.2914625948665469 -0.10478047868366332 0.05749942904838298 -0.26433552370282837 0.2521950419881854 0.20445465486981046 -0.2756471343792029 -0.24879965446870891 -0.1041164091836531 -0.3586844993295551 0.1639290962167991 -0.12488096710601088 
0.27768424012765325 -0.10210421918049237 0.4442973913577804 0.18249984575338205 0.2433137870486963 -0.019604136294699613 -0.09525783899359434 0.24473379295286796 -0.13247072336449756 -0.01743068975390602 0.11061056426027599 -0.3079419725339977 0.21667566797988827 -0.022450356433132142 0.2175989211068089 
-0.11385559214214869 0.24585084575231692 0.00481311180950104 -0.19257122680602815 0.2837962816143815 0.06845806149743905 -0.4572750670150492 -0.11796660360525156 0.11028214766523117 0.1974325506620553 -0.43035702811491633 0.3101405253758553 -0.11116905566084666 0.3747262219165426 0.20859145454125233 
0.17177378194270898 0.034112064590847105 0.0713030591970298 -0.14213434192045574 0.16866748731323705 0.15513299670124253 0.17074239057808127 0.23006869250670603 0.12222973561674567 0.15767845322013138 -0.08436789549732251 0.19015320962206764 -0.05590032973426084 -0.02397184869952446 -0.09540934050248955 
-0.06010103952048704 -0.13254269357431903 -0.02932401216138536 -0.04017861496154969 0.3146211847728295 0.20014255239125853 -0.18370482205624278 -0.026709917251599113 -0.10658021040825467 0.17745501081609405 0.3272976089093551 0.39892519149644423 0.14492449136505967 -0.2041119378042107 -0.3275743882025163 
0.22236311623168334 0.020114367061571128 0.2090747215478733 0.012011010799633853 0.1254481818332632 -0.11842577526743055 0.10745878594589918 0.04104666389995784 -0.02074062398621608 -0.1593860951472027 -0.14662850831013216 -0.02221378365581627 -0.1893175088053832 0.42330004095125895 -0.3111826324273413 
0.19464930295581187 0.316430407978843 0.07552918085359601 0.05388751382547114 -0.23945704321870445 0.07216366961368698 -0.004567681752628416 -0.12296078728990155 0.05639276380424284 -0.11572665367042487 0.34749440020764966 0.270810427378262 -0.19456952523642704 -0.24450492745964159 -0.1773415891770618 
-0.0002502901907325664 0.10812541394813445 -0.18179400523144382 -0.15636994480373798 0.22028018062341193 -0.06057255686953549 0.07134257036175011 -0.16552057714182244 -0.25029633354458153 0.1090117866502207 -0.013804084989560041 -0.2174771585735144 0.05380069726679112 -0.02280523360577565 0.12044340046516104 
-0.22272252534559706 0.056910678452428656 -0.17293460623126117 0.0793909000977893 0.3965732184498975 -0.3144360948875252 -0.06316399890627941 0.14924746139431888 0.21578797403515104 0.005574124942175881 0.2832745580829019 0.24613877545461396 0.15054377426258655 0.23197933947125848 -0.19945902780771185 
0.09289055933554397 0.1127340488525286 0.09921706413360878 0.1695566735953565 -0.2942298051478573 0.1323963529221367 0.09732012600028599 -0.2187109079212884 -0.15062591939595935 0.08104428268305579 -0.1929028613349051 0.24542031246437482 0.02220904820916731 0.2368079800912516 0.3696328424500282 
-0.12329790143603474 -0.10545813812826957 0.2524237278251477 -0.027307864113552897 0.18924251001012762 -0.1097649648674152 0.15267879919843175 0.1791177133291844 0.015966188588536583 -0.2286145854324988 -0.2631206775090932 -0.16071725035174964 -0.21249691438977733 0.2725121470120486 -0.508986437927131 
-0.08176215344752216 0.1909745801020089 0.07288654053535845 0.1779064495130547 -0.23699291251175997 -0.03525464631345996 0.0945582569943587 0.29987083096377565 -0.18453983932610193 -0.15656121776493498 -0.1473852134158314 0.10221483648018961 -0.026055411136675734 -0.27961800382516755 0.028032410049570747 
-0.1793841765755884 0.12410366599092228 -0.1386082192856369 -0.2137531784435365 0.12768720518028145 0.2733072545794643 -0.07267852098740919 0.09119065691628886 0.006716730452341633 0.024792991096688213 0.44826587797316364 0.1687506774064248 -0.29570100615009964 0.17188519904055916 -0.04374690128063305 
0.25446084013534 -0.18985888396889328 -0.20911810317915794 -0.2164011508322126 0.06664895249463723 -0.1958589094539684 0.037828203253064886 0.250643032161492 0.12143768537813382 0.08773423585551295 -0.07099737635336371 0.2885648574469126 -0.0701585193029533 0.29752726171838406 0.09504152026282868 
-0.223447531030005 -0.28380942971358575 -0.18156745840854155 -0.47716164104337566 -0.050526154535180404 -0.38692561186098995 -0.49085834509224274 0.27225036512067824 -0.0740307372255072 0.1375710289185932 0.0718151956051399 0.09245986696669069 0.16294650825780724 0.050736054593452734 0.18628481038863817 
-0.059537273380573213 0.2914459199716342 -0.3528127150554475 0.14027369138312498 -0.17531501685079015 0.07543991335774221 -0.3499802647217038 0.013832979025233186 -0.3149102295480407 0.3252560582579451 0.4538892540756781 0.25926391015941824 0.3777044220538079 -0.24392941976857402 -0.13302175509161043 
-0.14367749303821284 0.36448924247899467 -0.20372542545289526 0.009083255384356953 -0.1406657888951166 0.31892249347944945 -0.10047691564985496 -0.10591720219187972 0.05396294216662114 0.34157885453441617 -0.36597022721578687 0.21785448129030174 0.2867680820255721 -0.3689367566110309 0.016318699311274536 
-0.13173558126239363 0.21707894952476076 0.13810263179754506 0.2589749440855697 -0.03503859404554053 0.15808581921682807 -0.13311257361791787 -0.428379320483261 0.1822743753720981 -0.1317894757400362 0.00944615706612074 0.5304717751972525 -0.1360325340146886 -0.16497447579840685 0.007136513655667931 
0.335910125136436 0.44851379701294775 0.18557173929578108 0.27918696050735625 -0.20840489197470324 -0.3314084104764196 -0.21620154804945 -0.12176323419092104 -0.34741741456059594 0.05018833273625246 -0.08615142127630553 0.3099575273404408 -0.19073169032433235 0.2096641561223065 -0.29819213300177183 
0.05539851352757671 -0.07780145996291382 -0.48677939169337114 -0.17185395089096245 0.12407483129049268 -0.024172019127059154 0.0169053744008526 -0.21314824729754245 0.0035695243745164982 0.383910653412863 0.22807401235190125 0.05723214945954222 0.504458522820193 0.4050752646835265 0.1395133979273023 
-0.3647737382363887 -0.3950119263582973 -0.39647512788593975 -0.022082884864885192 -0.09367538483191003 0.36234013484970407 -0.30080068598279286 0.3814204107408877 0.28321108441886866 0.28422183437734694 0.07942927096868685 0.1676617215915325 0.013580192669637793 -0.4220234695288599 -0.08880808315428435 
-0.005852540119647488 0.3035763706792316 -0.13987849574756256 -0.04726232746665907 -0.28007502121756517 -0.3916904681488229 0.2097418600221865 -0.027456296914968883 0.292278728855435 -0.22861145480467596 -0.15277229269926093 -0.034494108376724474 0.3391406385628633 0.012827382244944811 -0.2980464164865727 
-0.14219132824946895 -0.010625922385785226 0.14276901551590604 0.26471913270646835 -0.2859357459690681 -0.372480272717953 0.05471153432849211 0.30763080445848084 -0.48215556101669543 0.23888565217474686 0.12411719093125748 0.0230003059161515 0.38617341903393143 0.13924765043634627 -0.29755501956313957 
-0.011510436640225087 0.24433758854715373 0.3300253728141488 0.21893348638958673 0.13149426799077954 0.03955317459338246 -0.18582958171708416 -0.05651027361708632 0.25757234954653146 -0.04060258603168083 0.2634268733238953 -0.17213192855644632 0.15442621712368132 -0.1427952432885422 0.2733462252872537 
-0.05392171732489457 0.23203579323649742 -0.11897795321154973 -0.21962235199049276 0.20460897743849776 -0.14518846786379924 0.1778655786758979 0.1845725629441779 -0.20902920384300022 -0.21929122722273683 -0.23129218893734677 -0.2719616772892539 -0.10089594916580506 -0.3694710338133322 -0.30149351141444675 
0.13216430360739317 0.35091214661711145 -0.48851678419593436 -0.3407253609818503 -0.2244210673340954 0.4115764211715341 0.19540852634371422 0.13172839005765938 -0.23742785964229324 0.2087611789236725 -0.04821646029109727 0.30531895670339954 0.2947167185864406 -0.1413473113350335 -0.4059514197823992 
0.3716361481056173 -0.38993717837298797 -0.20692951293415937 -0.09579860058528586 -0.07174143628253127 -0.30848787488587964 0.2101690761135182 -0.4004366605824301 0.32469520296588833 0.35874033837828373 -0.2554393668026756 0.22304854506145824 0.13697021347405575 0.21105794127261263 0.12847497839188657 
-0.1554257170247133 0.15033784055288502 0.4151524788870133 -0.05334718130532269 0.21636271474138818 -0.38260464495647445 0.2617950224215609 -0.32554859317096724 -0.002954358256562964 -0.1406243691822018 -0.36697513279965904 0.4617954760513328 -0.1472758864985367 0.10623624046959741 0.016316628191860902 
-0.2844751243047693 -0.47222208274178146 -0.19889147800409093 0.23235255555999343 -0.18194469269392816 -0.10800364531511977 -0.30277745811174667 0.08396588607412449 -0.13194922025120812 0.46804799344195575 -0.24858400628122612 0.2258842612354105 -0.631169855065578 0.36398980773266504 -0.1097961793672321 
0.020670813129749614 0.10005336070247267 -0.2400396679622082 0.08885602245870476 -0.2173115292443929 0.24780962193443454 0.13600422122800712 -0.34437125011627456 0.4060392335234164 -0.3746146331008099 0.2628867133321342 0.18693859374846067 -0.18925249310402087 0.3198454249439293 0.24483656897442427 
0.38078719562078667 -0.24980270447552522 -0.3938629695219926 0.5196129862804655 0.27652625276487913 0.22087588271060726 0.057083125850581326 0.19555973196566281 0.22431617482914398 -0.07834275188141122 0.18941298984121305 0.26320574829284704 0.06229174266249915 -0.05263341465697247 0.30425873641799606 
-0.04159067242273597 0.25279637916518677 -0.05497024622670378 -0.116512764957748 0.13247984347474895 -0.2134692761783084 -0.024283866549537337 -0.1404340393334004 0.09542865995208252 0.2920980755541931 -0.03890971121524818 0.21816068230461358 -0.031960699751464795 0.11799907677671609 -0.28473129027154365 
-0.04996729437230008 0.27417572684835706 0.07910456413224627 0.1835760024903193 -0.026412179249488545 -0.031595186773940465 0.2645559382723043 -0.3361778682151695 0.0567296420373425 0.39308283156298635 0.006269178691767283 -0.23484484720514484 0.24196945466491954 -0.16593373898168412 0.28470387337770753 
0.02988715744954813 0.30776738699522344 0.09350055498621201 0.24220780628722033 -0.537457624601009 0.3342971947819851 -0.32819110865777934 -0.13472488726976667 0.330986131986726 -0.5203426905266805 0.24612494387516443 0.2791751709569392 -0.10146520980796211 -0.23377414836146213 0.4482404935513636 
-0.016383143121447574 -0.35077987718230236 0.3326748600274288 0.296188270214981 -0.041263259768402914 0.08362364521147522 -0.06084270654595886 0.1390614096125835 -0.16525334184825063 -0.19619074577137574 -0.23874275516189128 0.362680800143979 -0.21918731736927088 -0.5505094416801519 -0.13458915472585462 
-0.3796361090290693 0.16433764871194256 0.048069092311954206 0.22616533119623053 0.005225554191831729 0.22398328120475863 0.14861309672675563 0.21294077238921819 -0.07000934536445662 0.1114835727010286 -0.24649108726083946 -0.13496470124507945 -0.2522076675055229 -0.06837437824556877 -0.1977559349825098 
-0.06967601029650612 0.36534916208261786 -0.13612749557000092 0.3768641188527604 0.11764816575121234 -0.09460712129853396 0.2761965900933972 0.08986794760395497 -0.19919282920847292 0.27756332117384513 -0.049999692994046205 -0.10742159901067438 -0.1407735795020131 0.1895023812945502 -0.23363552444362753 
0.23702090505657192 -0.16779630787908834 0.03277397164816746 -0.015186725873943816 0.2744965940811051 0.3302446815309799 -0.24284463632237704 0.0638151391565848 0.34641506214834406 -0.01033881071053417 0.32785506283935195 -0.16829259490613344 0.07299591210165661 0.18131615726712633 -0.2189459282811104 
-0.3798996538910512 -0.12496031528390172 0.34125227040954254 -0.14748077624005385 0.23994254878488164 -0.3086496069137374 -0.11940094222067715 -0.27453322875315095 0.24101996262582864 0.17612584094481396 0.1429666617469292 -0.1883418384129824 0.11919966289660106 -0.19907331248044483 -0.08276853024571336 
-0.09636468837538648 -0.20600635738838305 -0.3443713771861878 0.07250557572698067 0.11139694154610613 0.015934625101168935 0.1119007754979739 -0.2543273094988167 -0.4531599115792788 -0.039003727665478126 0.28862203063026853 -0.2431869196369926 -0.08667133978413277 -0.07054133887019859 0.09552183356185522 
-0.26104036234498423 -0.15760288275101947 -0.18168530973321353 0.25841208906568763 0.2425050331713792 -0.16895472947826284 0.08027489695603567 -0.2738400651856947 -0.02377462910905014 -0.25431527288454725 0.2779277484757028 0.1298692066342043 0.07118952989017308 -0.31104465431464356 0.08051967126270546 
0.380175794486991 0.34464698290638784 0.10941805052826781 -0.2688434178679711 0.08602297766606233 0.027670062353424462 -0.023225459336377426 -0.05369523118132306 0.0673613438461284 0.25677394632549877 0.1918899051515253 0.059283466637591535 0.32409097437911055 -0.378170696640675 0.384050626801418 
-0.3481357741043629 -0.34233563907095 -0.05768601300105361 -0.3473311872891445 0.04853824590095848 -0.4952835491712183 -0.1638929997931629 -0.34164088324712333 0.058922864748163786 0.0819533204961655 -0.10102337676530183 -0.23982000885486868 0.15265254395507166 -0.12545397041333986 0.40224090316310135 
-0.008938089116361823 -0.05210794623340468 -0.36796152969946744 0.08785820342972404 -0.15078486835169386 -0.15733229062211188 -0.04928784169397291 -0.0882983063797553 0.027215695602405315 0.5186881982294027 -0.112081944259338 0.21022733460689494 -0.011690284677487362 0.44501498546258095 -0.17260224877884806 
-0.19453117343874124 0.2707494560093642 -0.355783593199411 0.3428299036272256 0.010833040001580984 -0.2310292114927894 0.38705996687668254 -0.34379978626574975 -0.16432565757713766 -0.5720546077496402 0.05310161071281397 -0.2459553300012018 0.04805900086520553 0.28015475176366195 0.47356229049177345 
-0.03580059658739099 0.09850732425254591 0.21264102717788916 -0.0345362592409336 -0.048066124334705924 -0.4560680703077173 -0.09829709018936306 -0.27643168572271304 0.0363929711164596 -0.13202935099637508 -0.046481628855085645 0.2990215065924112 -0.005769048928590756 -0.17814073588114682 -0.08720719773960323 
0.2835392304551867 
-0.1714191474268239 
-0.3003564504268868 
-0.5138715007090985 
-0.15136496433395105 
-0.048158801341603 
0.16609175397718512 
-0.46252452986665477 
-0.46317134031783724 
-0.6581447862131715 
-0.4141980178341412 
0.15801918386850006 
-0.060837484975300886 
-0.3134690469440316 
0.29733094717690434 
