-0.26433890997409953
0.06066032454877475
0.14524637239299784
0.4150455449699717
0.22705165594245225
0.24893030304721292
0.3826521103030572
-0.026785288855803654
-0.2123780078371194
-0.26048885569596747
-0.13231793296875272
0.15689053548160778
-0.17902943428666226
-0.17837626821108646
0.29185151409312243
-0.44442937081938927
0.1865211900739388
0.34784527186571773
-0.18265951941357247
-0.3707461496139672
-0.1782886023597704
-0.14909658062396422
0.3755819848121752
0.06602450486302026
-0.16129972048593802
-0.34905433971828526
-0.11046761375100678
0.142051669074317
-0.12309757154398104
0.009587626947695462
-0.3828040731648734
-0.15786399041630347
-0.4241789805725718
-0.22064310956744035
-0.042430299839504824
0.3379425227531114
-0.3493785428144052
0.15477262405063735
-0.06559386302526804
0.22224181252172226
-0.32990438439184694
-0.3727948951088305
-0.15049341947631695
0.32249709475472754
-0.18727687780296148
0.677137232132481
