-0.28843764429885654
0.04695562336232496
0.12359372092834194
0.4271798401365106
0.18475726579740762
0.169002591781962
0.2846806353319511
-0.03782401282402511
-0.21153144833052662
-0.3063978334131635
-0.18342632704954753
0.1323224815864195
-0.20476773034789814
-0.19652520935783793
0.34790198204376427
-0.44442937081938927
0.24867718594666952
0.32212651196725783
-0.17831540433166235
-0.3455572978245103
-0.22519779232361406
-0.1944325407120854
0.39148981721200876
0.06647207930636312
-0.17684658247086707
-0.35294708313447853
-0.024880049213371957
0.1514831818897335
-0.11723029842422063
0.0020834500908401225
-0.3828040731648734
-0.1568005862113956
-0.4241789805725718
-0.23897513773926177
-0.031560594746011056
0.39881371426984497
-0.3493785428144052
0.15477262405063735
-0.07457040058437132
0.25437469089603615
-0.3346122347295365
-0.3727948951088305
-0.15375341929321812
0.31195842877976737
-0.20025644129120124
0.637734058936906
