30 15 15 15 1
-0.11057440693316913 0.09071373058784626 -0.3867105665234115 -0.17423610401036527 -0.19289258999339087 -0.18697853431688088 -0.20264740693543734 -0.1196425833157924 -0.09074156220906729 0.008519630029733723 0.07738483576088119 0.24643035044361764 -0.15680460682933997 0.28812826228824584 -0.21648612804343234 
0.10282335625358556 -0.06685411296202051 0.02059490889954481 -0.2648821304646524 -0.18462000705344608 0.17994440660038738 0.37913650107605007 -0.15246815728949928 0.11629230276849874 0.3509428229023575 0.2711743503020279 -0.30787210712963003 -0.3103701114805403 -0.29153590444074917 0.31530849013937784 
-0.3276966981454118 -0.10586477928763809 0.22526983878000026 0.06203359189909759 0.16353130984512412 -0.30576731237608434 0.11621412714386603 0.16575308814279785 -0.29914217500065815 0.13526796527200793 0.46640074484827165 0.18356745616107178 -0.14131926103017575 0.21569126494828436 -0.2647012693439833 
-0.08858675876547281 0.4479745923199608 -0.192260652833389 -0.36646265668838546 -0.33534857074644264 -0.635587642021705 -0.09342213342188224 -0.1008723577246919 -0.1747080460945021 0.05048136568485758 -0.19885522439519873 0.21556336752225339 -0.029644114649764085 0.16221639245411187 0.14064376695728922 
-0.2452854162336825 0.09334386675930205 0.3399469138128123 -0.30325549664624335 -0.5450397823362729 -0.13586549464852485 0.09165541105948741 0.17967901810712858 0.26052861805064537 0.10121574682097007 0.5489625430606406 -0.012535948393094243 -0.21842346607249521 0.4321248452400569 -0.23991155644948117 
-0.20527313670214936 0.3740819259455874 -0.3021227701845024 0.15781263579355345 0.12981743124064252 0.25882344292611753 0.06651467097995444 0.2652867765126973 -0.10105515740379171 -0.21689671748075287 0.34526567986882983 -0.05439696662528354 0.4111140759128269 0.159788412748971 0.15137103368706664 
-0.3168610426568864 0.45611150088909846 -0.1522352285830895 -0.1523532660508148 -0.18449724197431053 -0.47616253337754494 0.0881098487203904 0.23528289891957405 -0.32184566135583115 0.11485186350676727 0.011913790827124857 0.18131663326262326 0.5659444334499776 0.030936493647693752 0.21818690961199774 
0.029802733892989437 -0.3876841942949745 0.2004418986462543 0.20682053598300917 0.37535945852104 -0.5342892284833954 -0.3601649350513423 0.19664538068806092 0.11906984686107426 -0.3806562594287131 0.26209954085760845 0.14195265912593474 0.2823806359923931 0.18282282760895743 -0.16166404855587463 
-0.29811726301592567 -0.30798751579343936 -0.38340675683229664 -0.10572245639111655 0.20541027099186498 0.14953609668791293 0.2115293025236567 0.12239014534071055 -0.2313814459144167 -0.13393611820831536 0.1773002344035703 0.3382021422787385 -0.08172682396797526 -0.4075327743120287 0.2837144015616297 
-0.16273887776375093 0.23289163932862791 -0.14149810841381893 0.12313769495930402 0.2747406947959412 0.15538773189352265 -0.14070343454003115 -0.3069973520307231 -0.2331808844720449 -0.2822556519152255 -0.18251752007733707 -0.07216345081808268 0.12908012023609483 -0.10337861352215963 -0.3028343766967824 
-0.26467827925119064 0.1541119374272737 -0.03972937436060228 -0.1463164823615792 -0.11876457811213006 0.20374097240447414 -0.04683771715771425 0.16392932839400018 0.286155960325243 0.29691082997738366 0.014672181598575564 -0.06396897939921087 0.20345526438239475 0.07281376327035405 -0.23917085358531895 
-0.29895678219730665 -0.2659553162683334 0.10133507708768245 -0.04585683091881683 0.1520108931546742 -0.11944085621033551 0.14950201863320445 0.042032618484201555 -0.0718627377391829 0.0052523723760018355 0.3169133910135946 0.27154327654203647 0.018547760020382383 -0.14848928578762183 -0.23244261995131418 
0.05453859648751866 -0.45365804294711903 0.09293850036522631 -0.2155259192678003 -0.08613676963173375 0.0016704925777824599 -0.428408385168828 -0.08341081697830667 0.014604527526922977 0.4321912676188871 0.0734417686697023 -0.4720785925627618 0.3754153480871344 -0.028665442416849946 0.44560434427402373 
0.26720433086295126 -0.29542427181584757 -0.0720135189018028 -0.0608669974025721 0.2723005098194742 0.1582228110828718 -0.09124851219122374 0.36722152963507426 0.07742075868453453 -0.0832936646987378 -0.03520548681337378 0.174115531795346 0.19941345161261514 0.28946195081055115 0.18868507292482878 
-0.0629124610572461 0.22585031519351587 -0.5034361092223991 -0.2738859498413474 -0.15304392092543176 0.014281896272633501 -0.18183456731484227 0.2933815587473049 0.20051515088100155 -0.28926169609184027 -0.28772362307200033 -0.16038948221369703 -0.4150787328648245 0.2002826623905509 0.02816971727121671 
0.27241554202310164 -0.08914836287615636 0.42706179500998576 0.1653590934496776 0.3742584998658602 0.001659825579094206 -0.14238176311965095 0.27492040468020523 -0.12988129549521601 -0.005757229543202964 0.2147487785018271 -0.250673744131044 0.2473902454182843 -0.11306917295315028 0.19784548341947994 
-0.11162217423229345 0.3321183752753443 -0.2011056770544048 -0.16073632856466896 0.3387952596200048 0.06710418918139466 -0.4961507783963525 -0.2965124538263062 0.1081173862008235 0.21982809624015845 -0.23512824154087533 0.2825064138073858 -0.12419452377128294 0.34883635256834084 0.30424902337705423 
0.168177058576043 -0.09178045377548281 0.09357837885837636 -0.1443936882546917 0.17023580601188654 0.1521139319731903 0.23763609511774417 0.2816548319715217 0.11983582178693686 0.17788947967801533 -0.17822839509116878 0.20187870582478296 -0.06032467510145227 -0.03361373283024546 -0.2128921107181716 
-0.05891075868473815 -0.2381852060071698 0.06398607920669293 -0.018316542236886477 0.39293514222748777 0.156104000413245 -0.1823447569390693 -0.02876867715412531 -0.10280285306825708 0.1950047032043046 0.4412553579460295 0.3548669225009724 0.07236760206863697 -0.38823945823345624 -0.33833865730182017 
0.2180944158673428 0.13622731362477422 0.35733985248416505 -0.11856065392178183 0.23021426732698205 0.03652772442162598 0.243860972714961 -0.07043405973748064 -0.04709246821058752 -0.13278709732829647 -0.2184887770783718 0.08238297992406926 -0.14552963061838592 0.44664743509431803 -0.3126642785421157 
0.19089117701626593 0.3032118690322662 0.07637952437265703 0.015407822366011032 -0.30645507378208175 0.0014374545376083284 -0.08641376286928318 -0.11622340496007581 0.05527523380141089 -0.11345732736186478 0.47488247284837637 0.2668261981077766 -0.1811938934633937 -0.15575585136306172 -0.12832527346659886 
-0.0002452880498180732 0.08837818693717767 -0.17827488796526353 -0.15332755035108867 0.21604963139597472 -0.05294876110005638 0.06993235041247517 -0.16230598585454 -0.2455195120512758 0.14955672974708734 -0.01352872074870832 -0.21329800686190722 0.03706555551682799 -0.07637418644932285 0.0382231932764495 
-0.21844724569807442 0.008875770512141572 -0.16958100381412744 0.14598442393661773 0.41235921368288614 -0.3035396716980857 -0.08323261587269017 0.10724831573504894 0.211639827710377 0.02280110102835191 0.4619661147637373 0.19307754805868604 0.07399423876492876 0.3056813356572202 -0.1520270392628801 
0.09106136700302588 0.10043878073077515 0.1090973830731737 0.15558348367244385 -0.24271074395118775 0.11467188352322998 0.07411295391232205 -0.19099294181756057 -0.14769196744887192 0.07944499432877028 -0.02595149614055001 0.26067937571755767 0.06221350184605723 0.2587163925537567 0.37989381963190344 
-0.12088355565108976 -0.1697133337706077 0.24760847502988476 -0.12538573273279688 0.2106835062084468 -0.049629643778018304 0.20761084616484718 0.27019897014528 0.01564779327464623 -0.22423160070391615 -0.23031272146235 -0.06429654886179828 -0.20840924474112085 0.40205174834236657 -0.4631312919354302 
-0.0801489029824322 0.09945417866805732 0.041799081505294586 0.21368410915625632 -0.2109574159260844 -0.03455363137145025 0.1257539953576458 0.28289809622049494 -0.18096955546724816 -0.15351521688839395 -0.03624671717194267 0.06440527787789134 0.06574517087298633 -0.37359253835727674 0.1770060939732921 
-0.17591001626389957 0.12720984220301743 -0.13798862892083025 -0.18800893299637964 0.2572905285448088 0.2952896360220717 -0.04193792271101917 0.09511292416104146 0.006582611739270617 0.024299212732179776 0.3953943743317417 0.17749104175861224 -0.2901121357476175 0.039670156025229907 0.017012658041496848 
0.2493317795812882 -0.32719794428749127 -0.19701204886367704 -0.18375746824959666 0.07142877229028224 -0.18707594073471193 0.08078486120141769 0.2782763846851719 0.11905892782432884 0.10902927691187794 -0.166389511358831 0.2722298863432256 -0.07444536894317634 0.2623228954432514 0.10369103257150425 
-0.21915898283620502 -0.25700340802119864 -0.20258486787540286 -0.4461589155453847 -0.07369192715826428 -0.31803839587464355 -0.49605599668532546 0.2811993697417035 -0.07090831980668455 0.15646327016726658 0.06661069996259031 0.1277634808459642 0.1333919878839938 0.08508934741737718 0.10529436508643508 
-0.058358046503528764 0.24525448409022677 -0.451233801488082 0.1424190942309106 -0.201631858766313 0.06277896621383658 -0.3268249692767958 0.06513868878196574 -0.30898295438397055 0.3405807248901489 0.4484476314850611 0.3117343069258269 0.3604633898956048 -0.1796482239707848 -0.18120483949504812 
-0.14087508219560343 0.35723377429056236 -0.19582291058785062 0.009070062811078966 -0.13792051498664848 0.3129249190221068 -0.09850105634583485 -0.10470889541212056 0.05516157809816349 0.3351867922778924 -0.3591581408230851 0.21385549000075235 0.2805285890713723 -0.36207391426055785 0.015993290806195007 
-0.129160160157024 0.20636338670559956 0.1694039413693991 0.2843092212167451 -0.060989918847906506 0.1438285424334595 -0.15796168991254644 -0.42597918213951097 0.22680818854079332 -0.10089964014583619 -0.00642546879299663 0.5037463854428427 -0.1523289526677872 -0.18909961066303088 0.03624583038096565 
0.32961637189050497 0.4520863057435936 0.20985042782011532 0.35773228262970796 -0.20439254374137755 -0.3251148775980552 -0.22813776577566147 -0.09694413921095518 -0.41916812243417756 0.08067174340687196 -0.07146209125954439 0.45501742515450966 -0.20828638574816363 0.28512929852979313 -0.35002433075189787 
0.05430050575620631 -0.11363153118273425 -0.49096346715838546 -0.13668352086834748 0.11881970801242726 -0.02443394375963937 0.10404519101539686 -0.22180948388739866 -0.00446061894408406 0.40478731844345106 0.22797225484617795 0.010144094958064948 0.5105306730040163 0.3604609508775894 0.1492976632032493 
-0.35798214330011446 -0.4331018237953868 -0.3448294851071598 -0.03765723041025986 -0.09183099891892678 0.3546763093847975 -0.3959545153068667 0.36535125686576175 0.29372021505432333 0.3319796365720556 0.08209814388062062 0.26996855272871284 -0.0002786444188833657 -0.45729320233867365 -0.05257514974402034 
-0.005735663547410919 0.3247616062250057 -0.16638614229705842 -0.017770131943904158 -0.274763681986902 -0.384335713113492 0.285627562146079 -0.031839845204490555 0.2968494290042655 -0.29057996215549026 -0.11951698789517147 -0.06557422947930998 0.35809900027318226 0.003290318171250979 -0.2685870417160422 
-0.1394171031595605 0.013483775592469513 0.09854700657845596 0.3077834191404479 -0.2805200777805126 -0.3655568953144941 0.032029283675618525 0.29972520795494606 -0.4933073202506843 0.17178028933195552 0.13889138013920296 0.034725172004527106 0.4221816137793208 0.16771142902909575 -0.3176745793049228 
-0.011280751465708545 0.23634593398457943 0.3426370906799744 0.20666086492051508 0.11024834216011684 0.037984918841766094 -0.2897690045814277 -0.040498819634746455 0.24725998998061316 -0.05376696747313659 0.2550747880917336 -0.14232560588521587 0.16773821776458037 -0.18286080554009537 0.2883601448343857 
-0.05285271945478738 0.21891823496433177 -0.13668941161774886 -0.23538950341878465 0.2006666252231295 -0.14235741916204978 0.1744197735629245 0.20080997977444218 -0.20647858040409137 -0.21507880440634997 -0.22686035435576143 -0.258684897241532 -0.11843825811192053 -0.4002552522553205 -0.29580227488557587 
0.12958071346659872 0.34583224734799256 -0.42105990797302684 -0.29726938526254837 -0.22011470907344166 0.4020960515310094 0.1984061287566759 0.1155300824335893 -0.23635824951930134 0.23997008069538278 -0.04725967810590879 0.3048935394562643 0.274828995489016 -0.0912663979191311 -0.44006825376878084 
0.3647271819941365 -0.4332473616975954 -0.21478989445652386 -0.09347710915653724 -0.07032342945540752 -0.30370075332309804 0.30755116567695634 -0.40660599902552075 0.28779590875465877 0.35756718327438136 -0.2505726374368392 0.10007768685882404 0.1692407466671227 0.22254337817978964 0.08233826707462909 
-0.15240113024862 0.12380032142715235 0.4671443575415666 -0.037507063321324134 0.19615285892243622 -0.37626441449220205 0.242184394780712 -0.33295646615790647 -0.00916750847126371 -0.08204474396777325 -0.3570285995723606 0.5217929609705625 -0.13796680684429935 0.08110159476432506 0.04040232413257188 
-0.27908543051081364 -0.5131426700880428 -0.15932409296642192 0.2198758285692347 -0.20466268515501396 -0.08763786556848446 -0.32735030046606756 -0.017609906727429975 -0.12716998664192133 0.542240265442084 -0.26578359184885775 0.08431410090038577 -0.6215228822323325 0.3482136291381146 -0.08899710227292866 
0.020258880814047118 0.06531385262351187 -0.21013602766133152 0.0997818898540762 -0.2487168233478448 0.24185909680994458 0.2325121934717674 -0.3622202980433197 0.3949008299523346 -0.46199230285981924 0.25841222681857595 0.21948276042800388 -0.18215698747789144 0.348825313507631 0.2110930002453401 
0.3737223037908374 -0.2586797960739406 -0.41116774608329226 0.48224539050433 0.2570418259084413 0.2167574336494037 0.04733337386982263 0.19652426811608695 0.22080384506970965 -0.1863108190982146 0.1877368412717151 0.22161719838510904 0.11993503053894104 -0.07234192702267823 0.294457321067479 
-0.040764491911799774 0.2479743983263212 -0.05388064968091569 -0.11422836029795733 0.12989024186610565 -0.20936372894092037 -0.023800191193564146 -0.13769316514528052 0.09355034915309679 0.28657301679438674 -0.03813645950914954 0.2139689911289676 -0.0313248594819084 0.1156861766582943 -0.2793370397698945 
-0.048976051370137205 0.2625455447463306 0.07754302132616318 0.1636301485678512 -0.03478463212453901 -0.05499652226453256 0.25952223943202346 -0.3298794657793504 0.0340597125037617 0.393962951069256 0.012943912138403301 -0.23187208611864196 0.23700790759987525 -0.15402384722901322 0.30187565286545637 
0.029292380624909898 0.2965589877857423 0.0916595532271419 0.22146312464617599 -0.4781151637491407 0.3074064216477497 -0.32203164320818367 -0.13209253768176007 0.3226054924785724 -0.5077684122321324 0.23974450695931324 0.2723848402228277 -0.09362836544621067 -0.25458088380848126 0.466705752762312 
-0.016056452588409577 -0.37071315563507945 0.3264373314097415 0.2705431635148143 -0.042080366398581474 0.14319443310124844 -0.05963788703759824 0.13634660346826213 -0.26624870110898524 -0.20892723816288256 -0.23417530887515975 0.35445618571113474 -0.21885272131836378 -0.6018058060519939 -0.1427142426104097 
-0.3725907937530022 0.14914435791788705 0.04711521166147544 0.20925462327833075 0.005121189709069945 0.20727899898532454 0.14571720911676622 0.20884494110381502 -0.08022869486406134 0.09263853211310162 -0.2417831016785107 -0.13232778775415452 -0.2809035715977421 -0.06702214155269746 -0.19390191996245457 
-0.06829833845734977 0.3587006483362699 -0.13346845951629324 0.36986599045879726 0.08308258066099211 -0.09198973038074958 0.2709544491704278 0.08809731461794537 -0.1903458423423728 0.2676567971993756 -0.04900781250473151 -0.10531186958223694 -0.13789455438078063 0.18565342898934675 -0.18077239991343977 
0.23248475784301703 -0.1718145828391917 0.03212203328066817 -0.015014398433580328 0.2692848236234134 0.35352294317485095 -0.23820272758973704 0.06255209146042107 0.3532410000516033 -0.02683776319371505 0.32170145465516625 -0.16502597585538903 0.068290066392135 0.32974049221444385 -0.4620960021467103 
-0.37284985556489425 -0.13801562145226978 0.3348658647718606 -0.15575284833858874 0.1499150624241443 -0.3004085537588882 -0.1170611817235297 -0.26932080356281735 0.24243140624458304 0.16673978363833603 0.13337429962436947 -0.1847008105461225 0.11654666053268756 -0.2442460312067261 -0.09056878925822615 
-0.09446827563867377 -0.2040593158164936 -0.33793098235390634 0.07016998423287452 0.08237451195596233 -0.04164934205230018 0.10970490292586374 -0.24947770060219177 -0.48834362308346935 -0.07371190190711005 0.28203741348676625 -0.24027668335649272 -0.08714309292496514 -0.057702406716418464 0.09118835115085627 
-0.25606983672780725 -0.15697914330337945 -0.1781682192157841 0.25193700826101784 0.1528206273627394 -0.13153034752732443 0.0786905769336555 -0.26864003006570913 0.10413527475606936 -0.24454659005248966 0.2693672049103359 0.12732936537597608 0.06962760073193262 -0.330382777964636 0.0965942873599297 
0.3731212994471424 0.3336036809649884 0.10726990603065388 -0.29595452069032707 0.08863719205800256 0.026998044975909446 -0.022762792040328612 -0.05263068371293127 0.060307092596555194 0.251913671324725 0.1881829666735056 0.05810921697604451 0.31392794007402125 -0.36636545375796975 0.3769302914064783 
-0.3416303260631396 -0.340239020098792 -0.05654310031594747 -0.3617049418325944 0.009328170351083196 -0.5171215744243404 -0.16070898589919386 -0.33524774671696733 0.07707497713225894 0.07527132150856486 -0.10582075391573108 -0.23697679597588941 0.14753159855315806 -0.10603763790481771 0.3996047564055089 
-0.00875966955911888 -0.04564155032680926 -0.36111536520985504 0.0716086767706377 -0.2122440758021011 -0.14685106264991252 -0.048309969521177866 -0.08655811074730904 0.03471187973927746 0.516860157675107 -0.11643611423833211 0.20618142359323371 -0.016200920839647616 0.4471631214838671 -0.1860348336818526 
-0.19077523752931932 0.2712973402500793 -0.34914633626074487 0.3177080757843284 0.014663472862751865 -0.31486402589349494 0.3798885802461488 -0.33736927927797666 -0.20289280677378496 -0.6194123335893879 0.052048729454271025 -0.2412570458419045 0.04430551965032403 0.3949283733809707 0.4168612859487276 
-0.035088786192516985 0.091709382618354 0.20855070741066295 -0.035838254380987325 -0.0534593658315599 -0.49031455551828057 -0.09636332794039598 -0.2711853467031066 0.004779747438774363 -0.16583752571993307 -0.05160245350789498 0.29188797894377544 -0.009639079271009527 -0.141914619755586 -0.11548913721056182 
0.27816618907179874 
-0.16599716965718347 
-0.29468528634778585 
-0.49492544005218014 
-0.02359229566038482 
-0.043716384371223695 
0.16286643713437532 
-0.4540963047996505 
-0.47672034131885843 
-0.6532132241063554 
-0.40499721612303813 
0.1545799428320159 
-0.05580750600915385 
-0.3146150784506703 
0.31194618795402373 
