30 15 15 15 1
-0.11004330964851737 0.1515858814944834 -0.36705632718651143 -0.1700207842928639 -0.1502366173950058 -0.26657257608766655 -0.297565632268315 -0.053688278795973515 -0.08957682483686064 -0.01901177369581796 0.06744475591940088 0.222284939212962 -0.15849176607904505 0.32431947524541754 -0.1926177131449234 
0.10147774212645774 -0.10681621444613142 0.019986120152598947 -0.23731431127241892 -0.1849285670602046 0.1383513172116964 0.501309016666769 -0.18042470867085714 0.11478640728792626 0.388113724596456 0.12212517618786028 -0.3482349063021902 -0.26880135429421687 -0.27631103811190605 0.2793895700161784 
-0.3245949753562291 -0.07662103846179523 0.2857588049588583 0.023569735129887765 0.20743712376074913 -0.12691403905287532 0.1119963315960689 0.23211993540616951 -0.29572028394295197 0.19544675362158836 0.4958754246739333 0.22856307462558428 -0.18336054375185165 0.18786172933280737 -0.2945154495835038 
-0.08798737702769231 0.5138758289861722 -0.1853003185747698 -0.3835966815059179 -0.25752128572803296 -0.674738669246139 -0.14685597522059624 -0.06405187233288909 -0.17288365912032091 0.009166549860138304 -0.23624706083448188 0.24101253429412092 -0.028109990593380242 0.07081680385950473 0.060705090886235394 
-0.24238446429377014 0.07097817936984728 0.26810050208960096 -0.28509505013783354 -0.28236506365122405 -0.12415484038423094 -0.03548049941053029 0.15948639200384218 0.25760622152073276 0.18971379969151209 0.31959570558142164 -0.051033589262184556 -0.1819820059657241 0.381078813512274 -0.30251907506666165 
-0.20278063698976717 0.38153707569340345 -0.30041839774067813 0.12977832926167046 0.13285053851977255 0.19668872138485055 -0.027378606121044577 0.2890905070452674 -0.09543042312615559 -0.19631455946880697 0.3684392582341571 -0.06360234337734559 0.4387150182204476 0.022360632875075132 0.12168266785216468 
-0.31464391830049865 0.5274440700057395 -0.2126127432377536 -0.23013674669608364 -0.11916010081796029 -0.5135050679054007 0.055200792213242776 0.19951129717014485 -0.31374314460191743 0.12938244135951332 0.021570520063723547 0.20058458100297855 0.6038571774158819 -0.031118693797218717 0.18691889153653904 
0.028981597726546043 -0.3778344468684215 0.2734972869776123 0.1670402467009104 0.39368830541741584 -0.48935039251148693 -0.2785583867512763 0.26503604667019887 0.11753129183361542 -0.3819842344705301 0.27437778600853124 0.21595478279654026 0.31146034015839225 0.08988841760384232 -0.28702691535696345 
-0.2947050013202832 -0.4881252992145114 -0.36871998729141625 0.0033575089907092715 0.032329965745241045 0.07497637830742618 0.08606787281461745 0.1188491424678086 -0.22862022755964137 -0.13222496375134474 -0.013126768262214573 0.19026078612844244 -0.09111654520341152 -0.2275814386523282 0.287186171714604 
-0.1607033494676455 0.15619045391999542 -0.13175068354929292 0.42421890138718593 0.1987614796573566 0.042210348081117066 -0.26800630522173946 -0.2863983509539311 -0.23040145334221393 -0.27899377668891573 -0.2391287993608529 -0.29482874809871523 0.12742494205677798 0.18318869071046015 -0.2993778833092036 
-0.2615861352074751 0.17445377096307374 -0.07485648672159853 -0.20758986320460593 -0.1351142148772376 0.21002833422689507 -0.0044918549761625735 0.11177290780103119 0.28707354827042 0.25637046079430814 0.05319817537074695 -0.018589571487093826 0.14530069200152904 0.030842406096218408 -0.1636471398942418 
-0.29553663218149 -0.21282680511604427 0.11571427026513086 -0.024784047432666236 0.050947903780469324 -0.11508322492567452 0.001664942748866975 0.13561010271531443 -0.07089826704081238 0.07616382117176002 0.36835776138242055 0.2630407415637857 0.044729808874399174 -0.16779543093048924 -0.2370597675780513 
0.05756316281611761 -0.3521271562311821 0.1282867720046743 -0.29039355017112317 -0.06162414024245078 0.17933160070627194 -0.3473090925993129 -0.03403007153184197 0.014398321079463405 0.3803243161445064 0.0727275226029189 -0.38566566400572544 0.24719298190087707 0.08699857030971928 0.3892705775925138 
0.2640875902779407 -0.2995622166903643 -0.25151665560425157 -0.037913722257006455 0.29952985349424244 0.14882936464773208 -0.19860594472305512 0.328560199833402 0.08072420106815541 -0.10442779783773679 0.009877975122357663 0.15589660603579134 0.17521151217169195 0.2532900322689734 0.2304667727709435 
-0.06206170369684206 0.2984191340822382 -0.5200854619448481 -0.30746721024125573 -0.05645357102793476 0.08708732953606717 -0.17082114632259685 0.24882508549703533 0.198072551580264 -0.27759143541508385 -0.3478204090299841 -0.165470687994994 -0.4168211931593267 0.19507418350248545 0.055942030670307355 
0.26924827771921206 -0.17675267095792413 0.4033182826568338 0.12021489698831135 0.3334897731546518 0.13030539841339167 -0.13168693646265325 0.2733782110905885 -0.128216855406224 -0.0056752571239152404 0.27938390816575853 -0.22974166801487061 0.22142272936121316 -0.042228439413516325 0.11503876427206718 
-0.11017149216111995 0.3559487113708546 0.043486415304095166 -0.2661540418009409 0.1839872551220803 0.06619996950831401 -0.5661801643698428 -0.05074007082796339 0.10670839050216765 0.22056846385425338 -0.3666659996821415 0.42369120453313663 -0.12651363092857004 0.45820052229883673 0.09387824087835953 
0.16506336967162782 0.17695685749874343 0.019792269831160614 -0.184695039094291 0.09282227328029909 0.15019657684936727 0.2637694572404373 0.2464951208333504 0.11828828328849207 0.18026373363972978 -0.1681037811108061 0.2084421680001927 -0.055938714503739224 0.025500725248613163 -0.15522565479448389 
-0.058111385142208885 -0.32411403373969505 0.10257425686715661 -0.03192730274971698 0.4095066702682173 0.18024381961013053 -0.43883250196874196 0.013459013192626212 -0.0930971340606652 0.16311163301157047 0.5100096627815628 0.40683470924619763 0.15293798448573676 -0.096767572548375 -0.30251832459601535 
0.21546889425153226 0.03069076865056198 0.26483445123305255 0.01630605953654807 0.23487266192254738 -0.11729363051604083 0.2304860049284747 0.08599675247581416 -0.04639292754224086 -0.12328396565998545 -0.10089117973889769 0.046314001786808605 -0.09304133345584882 0.43352216433324225 -0.46139993754773073 
0.18855042211033157 0.3467004747277148 0.06978717891873963 0.027557083650808754 -0.2200143292086237 0.11638756084640925 0.0964742793149207 -0.07549170290568487 0.05452283914521519 -0.11198490369245472 0.44782901638471584 0.3104240042343491 -0.17041835333359373 -0.23360031540924334 -0.1735383129945391 
-0.00024177702743342553 0.10633194168290103 -0.1760695406468667 -0.1513966111811052 0.20057456231064377 -0.054263682990974685 0.06899226562082406 -0.1602752394259033 -0.24261622678838593 0.10370919652146407 -0.013337510866516649 -0.2107220048678118 0.0393163083543398 -0.022042649550811286 0.06702279907094999 
-0.2158180927070266 0.00011155471310687052 -0.16747025895973483 0.13181423893032532 0.25213836319161254 -0.3051715658099356 -0.23230891084965485 0.13887473805517866 0.20908101257773976 0.011642475357415293 0.27563469753531655 0.23445228420265113 0.11317633096543515 0.3365890076462805 -0.20301553881591403 
0.08985839775840737 0.0694413149560107 0.0895217878670651 0.16453642347433495 -0.33737721326199877 0.13126834357873124 0.05830981125142547 -0.23638618250981064 -0.14582429793026555 0.07838546712276966 -0.0656884903128797 0.2398669887083203 0.042247765540542194 0.249983134628238 0.3833309237284795 
-0.1193237453170488 -0.276222465528623 0.24468439617569462 -0.07011570696710187 0.1425135271943146 0.05275986347059202 0.26138030580128085 0.2945819355099559 0.015427072512083733 -0.22154313376400572 -0.1863044949476273 -0.0535151700665009 -0.20588401452894173 0.4158996168608146 -0.34207926737928884 
-0.07908060913426093 0.05164858298927073 0.07771608721090052 0.1774545251037202 -0.22034825894290683 -0.03407461920208148 0.09102275212709642 0.2026118255577614 -0.17873510252142408 -0.15158217916191158 -0.14268080358472138 0.025643178267480905 0.13904638278201487 -0.3466706590443215 0.2711072524239278 
-0.17373029619576444 0.15161156087876887 -0.12110711969337812 -0.28978013580712325 0.127133835008226 0.2530755894972917 -0.13729475399523622 0.08942975297520207 0.006488961267857437 0.02395919888690594 0.4300501323978236 0.19728683391671142 -0.2867754497622053 0.06413592966403675 0.03135070557925722 
0.24538819946268903 -0.18907898050985447 -0.25695784135572647 -0.237147845770135 -0.02971498354743629 -0.18981519343477676 0.12258464802260813 0.16778491690173525 0.11752050092923796 0.11137354459430678 -0.1609215617278465 0.314972464100158 -0.06958315189746932 0.29641741257507204 0.015082954424498828 
-0.21652250925127114 -0.3101144583210424 -0.22682698398445475 -0.4990759593241023 -0.09062304260438567 -0.37274895763517424 -0.6335307718128004 0.3282170907695867 -0.06207674947948958 0.12935565485924796 0.018189260188552363 0.15440507947110022 0.13615480787162682 0.13154513630084902 0.10460805310148459 
-0.05756579686732151 0.3273687646652986 -0.5666554884747236 0.1363702162369784 -0.13674361897174855 0.051029894412361616 -0.4458416943558573 0.09899050371483013 -0.3054691378409166 0.3429666313346416 0.3444011427052903 0.3099832597324989 0.35888379265820103 -0.22154577208691442 -0.16206373220499834 
-0.13908460160069192 0.35284443006003746 -0.198532379457472 0.008641747505942175 -0.1361637168369695 0.3093745463534356 -0.09720756507400725 -0.10187929414203732 0.0527307950835108 0.3314327555309867 -0.3551898836790637 0.21107475807953482 0.27842984959135514 -0.3580799463455834 0.015767769540099577 
-0.1275040562092842 0.21107615479128608 0.1677745885756879 0.26311963679676464 -0.03391092939448513 0.16177982028175864 -0.1751759228717715 -0.4266926133768277 0.263379584464614 -0.09477038275801658 -0.006772280188224018 0.5556572382533601 -0.1511719891160101 -0.18388547696878038 0.019467203140958057 
0.32591286013145343 0.4347969959295838 0.31134959117536687 0.2720188228574832 -0.20190925726914014 -0.3207104033816905 -0.22662689080658618 -0.07050475351661868 -0.39039996138200894 0.21651163611709354 -0.08644337878139513 0.44344908410212514 -0.19268680695184895 0.3641818164321065 -0.33454956105791334 
0.05356075533394132 -0.09267424969206016 -0.47458615476811905 -0.17575952878600848 0.09956799801912343 -0.0220979875764089 0.013589713590165257 -0.19421272467041129 0.001208871152737409 0.4611682512395374 0.21856451038957914 0.11600362205045371 0.48742317420589876 0.3958161025404603 0.15222581617111314 
-0.3540242767689498 -0.35956048051633177 -0.32638466072360167 -0.01873592180533754 -0.17544007071281145 0.3551174110256036 -0.27493045609710515 0.41006840551075496 0.2586194642745319 0.311455909658938 0.07482412288634344 0.28672711132079787 -0.011942590427373567 -0.39475541989792584 -0.08874393974710133 
-0.005653996504209439 0.2968528274532644 -0.08943947968029574 -0.06130862252921748 -0.2904710499835578 -0.3928658043340312 0.19133560305007874 0.05629784414657199 0.196726019149815 -0.2989712730554302 -0.14709222849066123 0.056807994799641576 0.32891594007484865 0.015237916119961538 -0.27935657733545516 
-0.13764322637399584 0.02593924532402077 0.1543117400401028 0.3030178314915246 -0.2912374131898379 -0.36153231123406504 6.739465417834879e-05 0.31731409743299244 -0.49012656755755146 0.22618604082639596 0.12099801420207122 0.1413868120983078 0.3889582977544221 0.14369331355282183 -0.3431276557098976 
-0.011120975318765193 0.26157608025531703 0.4178306700055634 0.20392494700075078 0.24853876331116617 0.03944192585911146 -0.18939844168676798 -0.09340832736756216 0.2339934022352317 -0.05298246355871563 0.25366455248101955 -0.13703559140177862 0.12165668225905728 -0.1813752743758799 0.2703431438351632 
-0.05213178807689533 0.2174165207596968 -0.13382025446184506 -0.23090813019668735 0.19822243275487061 -0.14055009182611417 0.17225624322662053 0.19892555198803583 -0.21051877792700688 -0.21248438324584523 -0.2241450672309592 -0.25685149519802675 -0.11588384183549226 -0.3952913479428419 -0.29241180207716905 
0.1279197469906565 0.2913175310319932 -0.45165140666306414 -0.34373637690430225 -0.21746841521805887 0.4137677895940653 0.14827939890282743 0.09615471267848433 -0.22440964929188667 0.16606364960247555 -0.04661188231097621 0.33996046243058115 0.23868275910952147 -0.11228726520585447 -0.3782453336546451 
0.3607098818181692 -0.29477378262582526 -0.25479572650082544 -0.06857281335182096 -0.09518077774075115 -0.2986073478146517 0.1692724974049467 -0.4378707855835425 0.2774994994480056 0.33817323434961327 -0.24773263858255046 0.17486207867112508 0.18376665766467068 0.16244424143033148 0.06477968923004783 
-0.15048055848737607 0.1920773930146167 0.4499791882600946 -0.013657390834095066 0.2796123836078899 -0.3700143749987077 0.2461750369711395 -0.2719560246625431 -0.05111604469719754 -0.13141286213234277 -0.35371757929772957 0.5283828288586151 -0.1071752887379071 0.11120644335267041 -0.019537121470864092 
-0.2758539246470743 -0.48310838508620113 -0.19074290301963204 0.2702534322876881 -0.15959271665257152 -0.10272149891932253 -0.29464129952303514 0.03870387603835108 -0.0876251921619971 0.5578435808624922 -0.26138214850851293 0.16126001313471958 -0.7172635193719716 0.3794113187894317 -0.07701186423249351 
0.019974343089865065 0.05709729421157675 -0.16383745055267343 0.012343306501126259 -0.2226052241178461 0.2516645144869253 0.15677060262784467 -0.4407509245686774 0.4933270309664384 -0.4011074975648815 0.25436202717334794 0.2121104355506034 -0.2553179034208005 0.35700213325748764 0.23316219751672065 
0.3696263498579156 -0.2575392544674246 -0.37040893963948973 0.47646317601687316 0.2939736414398285 0.22159638870990056 0.01192138750483143 0.18178154657155046 0.2578960973574733 -0.11001165340987416 0.18502373910585027 0.28924547265598577 0.04215863029235498 -0.10813729184081276 0.31038144158548187 
-0.04020251101019042 0.24504668221518905 -0.05314635203803566 -0.1127468194680078 0.12822569841299564 -0.20682856213315556 -0.023467007149344864 -0.13593896457251756 0.09231698048829594 0.28326995185625986 -0.03760947554731085 0.21138604431664182 -0.030889339040656067 0.11418742587431849 -0.2761031197390994 
-0.04830573802909479 0.26017515186043966 0.07650723070167303 0.1621020147538434 -0.00992655844100491 -0.057133443416859296 0.256480517728055 -0.3261735612335869 -0.0066880955508765915 0.3788140367895722 0.00782122170260054 -0.2275975470208713 0.23089599928053695 -0.16599861785809192 0.3091453008922084 
0.02888436608355852 0.2939401256574213 0.0904492673451332 0.2189526413990731 -0.5950460861252684 0.31461948038976345 -0.31839739152242436 -0.13040258932767143 0.29326792385613903 -0.5645733427825143 0.23706971263228627 0.2706984668341369 -0.09773005509249584 -0.21955405434990596 0.4688379569243486 
-0.01583005405543515 -0.36398856141633307 0.32276278340768966 0.26691481688907753 -0.058861224385313986 0.10292547387960886 -0.05882915149470104 0.13460780494445093 -0.15004533311422216 -0.13845561364643286 -0.23138582938371638 0.35198541513278375 -0.19037011298566422 -0.5962311893812228 -0.19231052792379824 
-0.3685046960990289 0.14583881802528725 0.04646931417094198 0.20544922758199544 0.005048228939462671 0.2086487522937248 0.1438718255409093 0.20631517365885144 -0.10822569279719588 0.06706434722233011 -0.2389171343050734 -0.13063513032068638 -0.27850699957890396 -0.08117393314840238 -0.3614993368009126 
-0.06737895517280881 0.3541407032975111 -0.13176267916156087 0.36580367217983145 0.08796789050533467 -0.09159005166013248 0.2678013209031892 0.0869306997396571 -0.19297252517658794 0.2753327045601414 -0.04833708310149777 -0.1039363998099428 -0.1360267186917437 0.19034667101378788 -0.22043217939967238 
0.22971236787689664 -0.16298344909008444 0.031675751704266494 -0.014197860307491981 0.2661478770769695 0.28612276034148837 -0.23537267210464524 0.061705947524573396 0.29406204950893955 -0.050433999942976086 0.31807023039761395 -0.16296522920689138 0.07129642396999493 0.1338473109395909 -0.19489983136947717 
-0.3687615003414917 -0.14124333466038694 0.33111473114126594 -0.15366879490728827 0.20801816288761876 -0.23918276293921872 -0.11554623219904418 -0.2661835079878147 0.2197131508531852 0.15455508613792804 0.12845783270482214 -0.18242622201975128 0.11413957215573284 -0.2554361835992203 -0.06284054537116886 
-0.0932237250885152 -0.19000711763109607 -0.33415216015112864 0.053802054057615324 0.15989059162580246 -0.026859470481991516 0.10827699830047754 -0.24653505781260412 -0.44302235712577276 -0.02828923502576015 0.2782014050454109 -0.23570537092613847 -0.08992538564171976 -0.05294816782692743 0.14248549883038827 
-0.2530620416182747 -0.1550149095142554 -0.17596402613547016 0.24953886673587083 0.2273918414136563 -0.10651467060202445 0.07764045627092223 -0.26550934080549055 0.14261025380824774 -0.32947646788763746 0.26309855142059785 0.1256944634441609 0.06943408393862716 -0.47196217799938656 0.09769455828054455 
0.3690305793586366 0.33168223618789877 0.10587102294920336 -0.2924567507603422 0.08143230517201572 0.025992236210358673 -0.022443826059954677 -0.05191264252588689 0.06064834376144606 0.24828468651711583 0.18587109461219592 0.05732017664129267 0.31037440519612364 -0.36896154399046793 0.3728064520071952 
-0.33781820012520464 -0.326927942455749 -0.0557742896827011 -0.3588520970055117 0.06669771558581476 -0.5292730814080367 -0.15869590438122863 -0.3314931586819267 0.08613089469896817 0.11351901069949663 -0.10687552251330588 -0.23243283912565188 0.14157028951921324 -0.07696068904465249 0.3953662395014522 
-0.008635304308290933 -0.05319973476988921 -0.35712984148958643 0.07623860702804751 -0.14830378621984652 -0.14031370447300803 -0.047648386856485085 -0.08541044037345037 0.04246847498370998 0.5019949874261066 -0.12090852693715685 0.20367943138320235 -0.018119314960655768 0.42734679386212543 -0.16116987833510854 
-0.18843571707693355 0.25623459609318366 -0.34526692671286313 0.3137489684987827 0.032782604690389426 -0.3790578593568542 0.37573910207010675 -0.33359552475724163 -0.1942956463975973 -0.6022774276209578 0.05133826857859745 -0.23839634553093095 0.03725453521153357 0.25577213944767074 0.5721950777774041 
-0.034602589424849985 0.10906641382941341 0.20602400377552682 -0.03500371401260299 -0.054277994391088144 -0.48569031460093154 -0.09509574208326828 -0.2680299829816441 0.013694096551363093 -0.11678652250007118 -0.053499638425374245 0.29000636306929756 -0.0071185821716061555 -0.16494272454039616 -0.07034695330743077 
0.27494350891733227 
-0.166794694965563 
-0.2913053460820551 
-0.48966553837660187 
-0.1215411690230976 
0.09083893261358295 
0.16082950030149037 
-0.4493262850764073 
-0.5110134339180736 
-0.6134563471196869 
-0.40015695229307746 
0.15299668669966862 
-0.05340727579174775 
-0.2653151615758031 
0.29502665647840076 
