30 15 15 15 1
-0.10915130911616755 0.19936777978135134 -0.3128537077541669 -0.19237697632685466 -0.12012388640904918 -0.2283125512879132 -0.24677115588508786 -0.12872688169094232 -0.09209318291619015 0.05685385572388464 0.08263919073247779 0.20285783788479525 -0.1336186401612272 0.2651545417034011 -0.20011179431479295 
0.10333495506770596 -0.05028308175840813 0.019536586767128952 -0.2168331413043432 -0.18551706524313968 0.2611439251758488 0.373680846138864 -0.13245942243875974 0.11686863517016466 0.31386882972469304 0.28176789870116986 -0.3552130034887816 -0.2871356613729929 -0.20342293209191098 0.32410448779458984 
-0.32766067100999086 -0.06412347635656182 0.274628459726346 0.02170386662762716 0.08998930366362776 -0.261455632460579 0.10692599951665555 0.20951117715153034 -0.30054977556311596 0.14309425465430065 0.46606143772517206 0.22370480882079752 -0.21311462619624516 0.14266288003713434 -0.2966518887629271 
-0.08765613743217238 0.4259109931109275 -0.1505388739268707 -0.33628209433856926 -0.2657154710359864 -0.6620990000416419 -0.0665410509404571 -0.1417819025698476 -0.17642986128368615 0.03850293165254274 -0.1705896648206563 0.21067533599961982 -0.038308565181334894 0.08022512158003603 0.12090735776797126 
-0.24645697066306405 0.10433928103032811 0.24789995767662779 -0.22133245697617066 -0.31783121648558404 -0.15080416828934404 0.053114758643702506 0.12977646323913253 0.2631424280867175 0.05683630056639578 0.4934875137357339 -0.07618957275256101 -0.1430667925280151 0.3344468007524735 -0.20798501128451893 
-0.20626469908676667 0.3521419909766175 -0.23962221771340989 0.14763420330760255 0.14127478799228116 0.2447741190030504 0.09949874188165347 0.22736774769081125 -0.1014410330333047 -0.2327367731759372 0.36663086446111615 -0.057837510206382246 0.4308696887934795 0.09311826469024874 0.21866285586937537 
-0.3166695760032156 0.45015824669682625 -0.11072122274543435 -0.08823374136539758 0.010692006296510112 -0.4703908205264918 0.10022614367299654 0.15240082103694422 -0.3234665424340411 0.10069610283546725 0.03041699851708363 0.1701851832708362 0.5681233280045648 -0.04608727293288692 0.18056284140066112 
0.031476015027415566 -0.3685508058985385 0.20173086465950427 0.1962178073121949 0.3031910710196306 -0.5348555055533601 -0.3025316440437239 0.21111870416197834 0.1196594653152995 -0.3537355035672679 0.23454677481909608 0.1323953038249678 0.23218605081511326 0.11040832979853793 -0.18481016056283564 
-0.29952043634514136 -0.2731565388461331 -0.39842436670005416 -0.10788193180068821 0.3029142952892942 0.11892219007641719 0.2171205619900076 0.15083335497016587 -0.2324909106842838 -0.1345964839937755 0.09667269812930426 0.32959673403746365 -0.1532263822648984 -0.3948291802562526 0.20084269782524605 
-0.16353459499834835 0.22417250271427588 -0.24625012250501757 0.1655491125693521 0.24168767996933513 0.026150863920176994 -0.08403145775525189 -0.28418153811462277 -0.23429841196675144 -0.28358999209226865 -0.21367522874234268 -0.061612307272818544 0.1297174438653868 -0.1516117969047779 -0.30425790569431943 
-0.26593563769599204 0.19900126991111114 -0.25117108771804497 -0.15414257791316852 -0.18222928798731508 0.22256737413737318 -0.052989946569199954 0.20388142193981582 0.2871262466143477 0.28576400848158345 0.022070033043632926 -0.04816591190574323 0.177292275846343 0.0993283770375273 -0.15833234766730572 
-0.30036358211603637 -0.25934923416280736 0.07045972661311584 0.01251473405629843 0.1471585773667944 -0.09090159933166407 0.08442303622514873 0.05840949705403055 -0.07222357929644972 0.0084349280452121 0.3828798189831747 0.25997487087464494 0.013806721101112442 -0.1903775721692336 -0.1728110494209419 
0.05750022109330041 -0.27097680174443467 0.1287291390957875 -0.2967419618723177 -0.04420787340800806 0.021323369554769874 -0.39039391331350454 -0.07909902476220228 0.01467913278139435 0.3883649156082444 -0.000853696245545067 -0.3705521463040569 0.2806361341725516 0.113777937383494 0.3868530233822489 
0.2684727982758081 -0.2580076653000253 -0.09749168144414773 -0.035031031014136516 0.34366138951522673 0.18333220560127622 -0.1481744056819355 0.37147364228392127 0.07822704700929134 -0.08458169811810355 -0.03199151821239503 0.22213410200045622 0.18567680951726956 0.271068322308902 0.20245136771008498 
-0.06322920390316458 0.3052740197637747 -0.2926369724986761 -0.2788087798102313 -0.12646978580037008 0.05277575769773461 -0.12372008386993257 0.28179443559409334 0.2014850395512139 -0.3137889869750653 -0.1948871908157616 -0.12125418150723723 -0.40515153200813064 0.19402775133729505 -0.142799536742014 
0.27370687827819257 -0.14776377371717117 0.42712078153152094 0.2344076547640356 0.21513875822502715 0.010384401877356146 -0.2072426076132862 0.29392063358377923 -0.13052242524537253 -0.016856290703076836 0.12830220877522228 -0.3298284221896807 0.24659939832219116 -0.010797049434026871 0.22861151076513253 
-0.11217611905191952 0.24086557656556523 -0.10118114320376509 -0.14087142250432325 0.21857506540938004 0.06744161420135242 -0.2917497443659819 -0.2913660354067982 0.10865448967149008 0.2512007646096105 -0.3379132306942299 0.27777995323132604 -0.13987371952943378 0.43735905969196015 0.22898905843435474 
0.1709230341763893 -0.1669411077163505 0.12237131091684417 -0.12345931425621683 0.136322552409153 0.1528599810079129 0.23255602769017528 0.20560226849619326 0.12042910041057987 0.19240833573612454 -0.11210920158514083 0.15122993031896234 -0.05921148525118058 -0.04474455273668062 -0.2051917011324599 
-0.059207708745008525 -0.18333540489200684 -0.15309905874217997 0.03353726004416902 0.2429576584695006 0.2338769740630589 -0.11542076332171074 -0.05092590978390166 -0.10519640002389051 0.18264189080509868 0.4177701757413574 0.3489059438070304 0.07187924062365476 -0.28794425311543254 -0.2868635511133068 
0.21914409371302518 0.028559974313747925 0.35316879292263326 -0.045656499773222135 0.1726173953935782 -0.15388263942111802 0.20875258704522148 -0.02831022267678364 -0.04596489817266738 -0.13762449557047837 -0.2714275744506673 0.07117578612524036 -0.1815366826528476 0.41224751088452183 -0.43520135077814814 
0.19181704767129004 0.3482531441266079 0.0710455223084903 0.0634068616664054 -0.19167382900647775 0.013333891531593514 -0.02015588624553461 -0.08187948648695778 0.055554161241319934 -0.1140200767862413 0.4514355613234855 0.33709661094443716 -0.17316219313159753 -0.2285453402333896 -0.1624001162386835 
-0.00024654655789615564 0.13020527281152366 -0.1791426892397624 -0.154079288007165 0.2508899639350763 -0.053892540872581815 0.0702837006218286 -0.16309968537008585 -0.24669210775206893 0.1007148990550108 -0.013597852963098123 -0.21432599291263302 0.05346752657090973 -0.005355898855586293 0.13229582963655973 
-0.21949851691318292 0.036721786217188086 -0.17040854603145342 0.10946050104705606 0.41012444785150576 -0.3105358478113834 -0.022872719976822983 0.13493900208612347 0.2126603010198715 -0.001153374073555022 0.1872369115734361 0.21299238713625862 0.08440503248053711 0.4611341338047142 -0.1644855917895751 
0.09151601667338223 0.1300566710050382 0.07419814705358888 0.17551172626625436 -0.30453177780573387 0.1373497589489872 0.10099050660257852 -0.10897987319432115 -0.14841725566447844 0.07984301147204868 -0.12132316169182882 0.23561982026457132 0.030211492531888803 0.22905709239261493 0.3175592282545542 
-0.121481838170824 -0.1282732464718978 0.24879035656194146 -0.09214753915454638 0.2141128659813061 -0.08472815565494843 0.1710294798431863 0.16431856504761216 0.015727702609690582 -0.22530894899313658 -0.26577238353229565 -0.18194243467034713 -0.20941506104246713 0.20439029294985353 -0.4932043910284271 
-0.08055036291256815 0.1657580834099589 0.05160511410497788 0.20061617934952478 -0.22050798018210327 -0.034729082297731785 0.12021975753906002 0.2776471552908426 -0.1818497945764572 -0.1542678338437842 -0.14522289087475337 0.08164009479397827 -0.02566660739324016 -0.2756144668200987 0.015831003710407816 
-0.17676688620897366 0.13592680687603345 -0.13744789249688208 -0.19352718474434388 0.2060740460668332 0.2849605530924429 -0.03589026759195111 0.06950099088456582 0.006616320212430657 0.024422977921036152 0.4049846883435317 0.18110301595700168 -0.2914806446034613 0.03575426607961312 -0.02059194313518104 
0.25244486721792136 -0.3558134561222932 -0.18429334616866608 -0.23549234199867689 0.033495041597728266 -0.22916845696683782 0.012680434078711287 0.25101279494347206 0.11964849409072681 0.12508478766665568 -0.10549765852370892 0.2667568788282201 -0.10477577067027966 0.327828297163498 0.07286250710487312 
-0.22021346727587998 -0.3222491663798641 -0.14347813474495155 -0.40293583420683027 0.13149521915569562 -0.4338901736879064 -0.5606272837334721 0.24563844997558326 -0.07312263931884692 0.1337728803686603 0.19597647177785343 0.11396772603902945 0.16198923686214656 0.0535167332310793 0.2532289785876911 
-0.058652259087067 0.30644240873497114 -0.3080754614095796 0.13464463719065328 -0.16019050859225206 0.05789302168990869 -0.28603146330664964 0.0004043403811175036 -0.31043293787545656 0.33651797889227625 0.3644862401875154 0.241773278822533 0.3269859928971254 -0.22900735314875895 -0.14279318960039278 
-0.14156826176331488 0.36116599785726133 -0.19773704870975672 0.006747628438435796 -0.1385997387506902 0.3143918165317029 -0.09899177317816832 -0.1040349035295178 0.05276707837503362 0.33674853560779566 -0.36082075058780005 0.21610198109982176 0.28478118033452854 -0.36374870497175915 0.01607495594993789 
-0.12979786410928099 0.24032178244679364 0.09671299346097431 0.28263822811261907 -0.03451623850632818 0.19772732888695463 -0.15179202818219004 -0.39290227230486324 0.19155303455794984 -0.1566689207546902 0.00930854524381939 0.551892330244325 -0.11164426199863609 -0.2032739567027365 -0.13021524763393047 
0.33115448951586546 0.46727997630005386 0.24102055169937145 0.3264436134486708 -0.2053800992110846 -0.3157771622725123 -0.25518721029108826 -0.11545375868895999 -0.41478267499303806 0.037087938934361984 -0.08558555301043073 0.37393742929579876 -0.19896249487695428 0.2870403426367476 -0.32676725346728047 
0.05457459446267893 -0.0870321194757673 -0.46047595781098755 -0.2338230780648062 0.12224755027162715 -0.019252086189430577 0.04896287892341562 -0.1915185982327529 -0.008653121044376055 0.4374503117978183 0.2267230803485689 0.035411513431627364 0.5106823087058985 0.3571065923901609 0.06006798658944905 
-0.3596398348465968 -0.4035042735003461 -0.3389922414044768 -0.07079792595703165 -0.09228938704117934 0.3887252846720212 -0.29262983598406805 0.375367729605362 0.3037014080248689 0.31629840004811277 0.07904157417761115 0.136047076366396 -0.033614794320320725 -0.40785036172520284 -0.12847939338019326 
-0.005765042512528934 0.38139511382240976 -0.11392035844159695 -0.08297208298954753 -0.27606530137966584 -0.3866055365993872 0.3000602333033559 0.019205937290843765 0.283283804688637 -0.38725485719365366 -0.15023280971611064 0.028953736524729594 0.38682502010393777 0.07135252363561057 -0.2916806134292353 
-0.1401033989885959 0.02358358598240675 0.08429235476361474 0.23772907660263637 -0.28184684990246595 -0.39837932637043155 -0.000252250923607326 0.33540237969272335 -0.5115947005727437 0.1591202740534577 0.12251250549674825 0.06411678159441127 0.42318048490737675 0.20095740281437727 -0.457249897083141 
-0.011338435856898461 0.24731791138682785 0.3307333491229424 0.2029119359280687 0.12956002472256684 0.029277393203920553 -0.20760032264725795 -0.05374427503562839 0.2597000828408416 -0.08367086194555873 0.258669505930786 -0.21137549046189263 0.1439932767081771 -0.17170729477108848 0.24192456679139954 
-0.053119615875742356 0.22030938946359852 -0.13695292208522464 -0.23628759039075473 0.20163720479132435 -0.1430575915311316 0.17526974747062635 0.2024939455552857 -0.20550923272850988 -0.21611485095055935 -0.22794952571111163 -0.2602174155895395 -0.11869551392303396 -0.40080925372543763 -0.2971954392264351 
0.1302204154574929 0.3189483787504484 -0.45683912065725896 -0.3499102930665213 -0.22117350623850154 0.47010886173596794 0.2033861996643535 0.10529352678661394 -0.22457821172574288 0.29578409506186604 -0.047498730960110216 0.28813894838511833 0.24093005968871928 -0.057199730127988416 -0.2851049351964719 
0.36641304056072077 -0.300515507140087 -0.2284062754235279 -0.05362910726205685 -0.07067670340453659 -0.2689018945699314 0.35224135391016603 -0.43611651935394125 0.2868277090185153 0.3419801417758214 -0.21874995785162474 0.12082781691356773 0.1404235538188012 0.06195476866274184 0.06422659187184135 
-0.15314852583308758 0.10530005397001638 0.4724586059994189 -0.02400862261782057 0.2132270465113863 -0.37275794524600064 0.2637957741345677 -0.35557227908015493 0.03972521208320391 -0.11060714145302097 -0.3604610626698896 0.49383429176453764 -0.18974813926012965 0.030597765289674207 -0.021081155557319944 
-0.2804059413401122 -0.4692980991788819 -0.2074134607390896 0.2002088622726172 -0.1792912501869507 -0.09438698954875742 -0.48318468845947227 0.09510863298662364 -0.17260876298731842 0.5465084987630145 -0.2450032592509175 0.1939912658285368 -0.5927125351998911 0.37844735252286277 -0.21267481956020035 
0.02036219330191449 0.09766653488378656 -0.328744611808905 0.1377004920771259 -0.21416266635439316 0.3224938817438234 0.11553993237580369 -0.3255975356812605 0.33673158980929846 -0.5207748288326446 0.2618583834711604 0.09075189238485025 -0.16020287521131307 0.2898576843550321 0.18769745123340859 
0.3754455685320855 -0.23504508605263788 -0.406987417313007 0.4890348290707672 0.27256457605349155 0.28717263539405774 0.0171135497502621 0.21388992031539886 0.21697763665302802 -0.07555782125862127 0.18889447279164842 0.14761177546811138 0.09021966238153523 -0.05564184024601302 0.12079772009762903 
-0.04097109281171406 0.24915790534725463 -0.05415265327468878 -0.11479480613173718 0.1305314141075488 -0.21037387846878391 -0.023921432972766714 -0.1383713140415511 0.09401708282603058 0.2879261518421459 -0.038329893958690485 0.21500001522939313 -0.031484070766036085 0.116259606867032 -0.28065864906487303 
-0.04922365867446084 0.26833996736587495 0.07793172882855143 0.17611924368630977 0.039906256250671436 -0.07267900238275392 0.2607568747131414 -0.3314187008557306 0.03212543218154604 0.3665691806900345 0.0130100677082914 -0.23145312277901828 0.23852585414335684 -0.1557183198605431 0.2958381589767346 
0.029441353003049467 0.30226137473408465 0.09211710870639944 0.23753750180387942 -0.5528196737895562 0.31064178267039494 -0.3235374775342454 -0.13274416314580692 0.3084055642496276 -0.5166039101160701 0.24491792719699032 0.27517762608728374 -0.09802555947234687 -0.24404814863502816 0.4112402100045725 
-0.01613843867877485 -0.38462574335631783 0.32796193400297363 0.2927737912644536 -0.03404072041739922 0.021268337214542996 -0.05993843705055153 0.13701838317240228 -0.3081502522903624 -0.21854593240747178 -0.23529728860283539 0.3575741584408161 -0.2261949626566706 -0.5489674179642966 -0.03794087821408169 
-0.37430936294568157 0.161933565967389 0.047353544089827414 0.22289360133563765 0.005147426152238439 0.22074178898252458 0.1464332088831801 0.20985273569548546 -0.06897007865902252 0.10983848655538982 -0.24293906142270377 -0.13298052904660218 -0.24857725504555267 -0.06735916224043 -0.19488009868195552 
-0.06864164603617703 0.3617023727343238 -0.13412660903936033 0.3715732406506632 0.22727106313920914 -0.030105662082500057 0.2722393801965935 0.08853755069845672 -0.18665345205698122 0.35548072022547833 -0.04925557802457896 -0.10583546697062543 -0.1266526871749093 0.2762948532198818 -0.2118326941022893 
0.23359916717146426 -0.1637229591153532 0.03228525701924206 -0.008789508262303831 0.2705624289301996 0.45481627241842554 -0.23934271362609558 0.06286705381761011 0.31542024086011594 0.12099832328264293 0.323205880574311 -0.1658323450056304 0.07240751106011484 0.3303637925195459 -0.37849888037732143 
-0.3745695000632918 -0.1371072755276432 0.336426248882253 -0.17837824209779324 0.14861731714040458 -0.2874302332100624 -0.11764119411961718 -0.2705985668077454 0.27427097933650685 0.19932401267509808 0.14086761767803122 -0.18559824063485877 0.11612117937482516 -0.1945893328813894 -0.18114317558356272 
-0.09493946137802108 -0.19096995492922894 -0.3395043385318188 0.07283254723121879 0.08933064850471067 -0.015216112624225777 0.11024963907095128 -0.2506678820646686 -0.4338589112223461 -0.07925586243366592 0.2863237996957892 -0.23968029049154357 -0.08390917392145117 -0.0612569409573532 0.11999976863760405 
-0.2572892206951024 -0.16081100432687642 -0.17903552774422804 0.25364498988543416 0.1704637184281479 -0.18073742847004215 0.07908490266236187 -0.26991480444501526 0.12471459919626256 -0.28084276861738333 0.2739470892915904 0.12795836558164697 0.07085699415518706 -0.39535538768110584 0.024441847797900124 
0.37484207048761503 0.3442509740992957 0.10780293197077698 -0.26498601101227975 0.08747019074547167 0.029953773599872863 -0.02287878555083467 -0.05289647655853171 0.07327624780067249 0.2558071863877666 0.1890964072202831 0.05840219686041638 0.3220378753836073 -0.3698649853182737 0.37866685335166106 
-0.34321931000937206 -0.3274669051123747 -0.056828317471846565 -0.3858973134761873 0.01401470970604966 -0.5418699244211159 -0.16149523743013394 -0.3368097481797717 0.09762615400562143 0.04404670135351315 -0.08991813332817468 -0.23635970578053683 0.14918074491148303 -0.16033785804696654 0.4238614163788349 
-0.008804496682710232 -0.046089100220370334 -0.3627861535731591 0.07888125290438144 -0.2108968200635726 -0.19888777386305703 -0.04855425809954102 -0.08699085205091793 0.07354046506303132 0.5131325650972164 -0.10063868148262643 0.207177116822725 -0.015578034109295015 0.44193975452960016 -0.1819170520106354 
-0.19170057643790586 0.2642472796033398 -0.3507669759535469 0.3359947959976874 0.04290931319475603 -0.3454051272394918 0.38163738434605926 -0.33894025983914566 -0.21868278911318897 -0.5558848442450269 0.052311629140855555 -0.24241066060231503 0.048592923132052254 0.3417677484650777 0.49948823935266184 
-0.035266925719513974 0.10652497509944883 0.20955716608005562 -0.029034947747388674 0.015723396160260868 -0.33492219387823124 -0.09684369734012732 -0.27247129029491446 0.11369264682733872 -0.1033095986830069 -0.037450729855839165 0.29475657342448586 -0.005175287688466569 -0.132290322874811 -0.1598214908091231 
0.27948268542315813 
-0.171457256510443 
-0.2960736167983413 
-0.5206496890436693 
-0.13462630382835242 
-0.04629957546911249 
0.16366274883064844 
-0.4561460525237665 
-0.531258559524694 
-0.6483153764787923 
-0.4087681993656008 
0.1557050194123055 
-0.06043683348825265 
-0.3747597571160533 
0.28017522603897876 
