-0.28800108966050875
0.05050697013356031
0.18981220192722018
0.4166839173020843
0.17139608019286803
0.22601722180533412
0.33417163979740727
-0.02183843824774506
-0.2126899988501869
-0.2627728402196998
-0.17882327216732014
0.1730235450172646
-0.20023992721824088
-0.17259785148361226
0.33620477677428645
-0.44442937081938927
0.19996807508313869
0.35001857665004305
-0.16479392736801365
-0.36618614423632523
-0.16113469023677032
-0.16314560408386142
0.3573511610544744
0.07382426125906014
-0.17015140935104173
-0.34635479462927277
-0.1137025736106216
0.131046637256827
-0.12983443547414872
0.04889485313342533
-0.3828040731648734
-0.16791460820541987
-0.4241789805725718
-0.24205568577248446
-0.04824709795910271
0.34091783281320953
-0.3493785428144052
0.15477262405063735
-0.017356970154120705
0.20735835572198097
-0.3239634546932222
-0.3727948951088305
-0.15478976913905995
0.2971071787181316
-0.1937069480199825
0.6935919498105775
