-0.2881024814925023
0.04128851775550427
0.1337969398004863
0.39610701950038923
0.1809136684163725
0.2560229040942238
0.3627461407284461
-0.017083546274950036
-0.21259287662741866
-0.2513804518144002
-0.23912112049543255
0.17617029498008074
-0.19555318264090135
-0.1935608881751606
0.3020875237642268
-0.44442937081938927
0.211597237701576
0.3608918851119674
-0.16625371599612293
-0.3663656529940066
-0.2186802393328631
-0.18916856433959325
0.36584781146172435
0.0695227230270472
-0.17381739798008555
-0.3541357485463294
-0.13523950237218146
0.12123908367382653
-0.10530980779157985
0.08111186401133204
-0.3828040731648734
-0.16565316873612726
-0.4241789805725718
-0.24396355484251672
-0.05412987453371871
0.34606196622211216
-0.3493785428144052
0.15477262405063735
-0.0494076613174056
0.18791379500824515
-0.3405245932923179
-0.3727948951088305
-0.1554448170207797
0.3094348870379046
-0.21348593949994243
0.6928991472253955
