-0.28739274004169685
0.005580524447530045
0.12930218831357107
0.41827999868835136
0.14407203036129052
0.2392302725868714
0.36966662539940315
-0.036172701865601724
-0.19281308023711327
-0.28512956904718345
-0.1714876121331367
0.19181553906652293
-0.20460904839204944
-0.16383362367356089
0.36453319189996664
-0.44442937081938927
0.198471718920925
0.36576028039510533
-0.1859983365623983
-0.374177896175425
-0.27490924740084327
-0.1705977799648544
0.37410396760724024
0.057031404710667054
-0.19192627563080283
-0.35264743716797764
-0.10037434350018096
0.13580284234631723
-0.1502580246806232
0.02715336931825834
-0.3828040731648734
-0.10832277289790623
-0.4241789805725718
-0.22721607679697012
-0.03597806160549488
0.36038923092586916
-0.3493785428144052
0.15477262405063735
-0.03589016854588362
0.2445845895732118
-0.3271309903693119
-0.3727948951088305
-0.14928071013199146
0.32272733434263634
-0.16355357276515137
0.665528019567243
