-0.28713509323048825
0.043191263544017484
0.15806949467575543
0.40068815259148116
0.16227997628878216
0.2244040631213532
0.331300821838881
-0.036794661291797
-0.21127734561022601
-0.2557052141532144
-0.12257688527452314
0.18281257363054862
-0.16159480798193757
-0.15807275370480933
0.3371402720404524
-0.44442937081938927
0.22186084039747342
0.34828057995913364
-0.17493644717237927
-0.33919614207328447
-0.23321112892054854
-0.16457337132857267
0.34543849597483695
0.06298965825529171
-0.1988286610409324
-0.3529681343047154
-0.1142596386360319
0.12352173323537165
-0.1406071179719812
0.03938729470337906
-0.3828040731648734
-0.15879730555581864
-0.4241789805725718
-0.24021199372583937
-0.04836665840812281
0.3788142868007657
-0.3493785428144052
0.15477262405063735
-0.03262158306870235
0.22046876721382366
-0.33472092962863176
-0.3727948951088305
-0.14695721153305294
0.3023468576165626
-0.1882697384312694
0.6709014302061684
