-0.2636601773878684
0.05082579398982003
0.19135675106642536
0.4075525535477983
0.2162959260270809
0.24679954861033787
0.3718907724861117
-0.06036520211393879
-0.21147383777161913
-0.25473888096540254
-0.15907090483936362
0.17894295320715337
-0.19138393985258578
-0.14625523018133474
0.4084906179412541
-0.44442937081938927
0.19787449899720047
0.3400579930756457
-0.17799004344277236
-0.33919614207328447
-0.27507275263348246
-0.16042675225782346
0.36653545794722026
0.06323959334533862
-0.15885250418818503
-0.347051350685487
-0.0920973714332407
0.12537816381791275
-0.1113918256664099
0.06089189017803192
-0.3828040731648734
-0.1534861666603497
-0.4241789805725718
-0.2444578000612189
-0.06180620955382668
0.3480150340241464
-0.3493785428144052
0.15477262405063735
-0.03752132372308254
0.2090615804412133
-0.33244051527891766
-0.3727948951088305
-0.14841686729169656
0.32842526994142607
-0.17683029632462136
0.7004490898907979
