-0.28762915409579154
-0.026458903443452406
0.15789396055116076
0.39902451917459325
0.19006164193361627
0.2522872023702027
0.37351092499796806
-0.007265548827101736
-0.21219063759801382
-0.30765442308375174
-0.1779800387408954
0.19346802121098117
-0.15040119598068344
-0.16426657286373023
0.4154954070622035
-0.4576089664898272
0.23609466768736123
0.3775850947089707
-0.24034717886148152
-0.36838285759488076
-0.2763527118084497
-0.13865543555526377
0.3619777018065284
0.052357694424995056
-0.1628203844992763
-0.3521541594997941
-0.08290162309883364
0.11089625795550363
-0.12596255205566742
0.05742424746723738
-0.3828040731648734
-0.1572400133523407
-0.4241789805725718
-0.2334984189505296
-0.07937587608859467
0.33617795200709233
-0.3493785428144052
0.15477262405063735
-0.047027706296866444
0.21454438272118115
-0.32707336310205154
-0.3727948951088305
-0.1507032285316871
0.29549219214521144
-0.18872686555650242
0.6844703465363866
