-0.2889917514155911
0.04686847039925842
0.17426246991860317
0.43273826968310586
0.10177348293097313
0.2516575365830391
0.3449970058499973
-0.06739781885499284
-0.213848251026476
-0.26237221584381704
-0.20142040492154314
0.1629974828113592
-0.19278170617435764
-0.17894489001355893
0.3452289158992621
-0.44442937081938927
0.23921441522598771
0.31462694772885325
-0.20856900132717196
-0.36660104418487144
-0.18430658769006575
-0.1946750370319848
0.34493806723152975
0.06883373947719382
-0.12411168964715731
-0.3527047835111184
-0.07827336019182532
0.12263609339529477
-0.1590037952057142
-0.09915047911676855
-0.3828040731648734
-0.14932508448074427
-0.4241789805725718
-0.23514791373670932
-0.06488702650911372
0.3793757244254977
-0.3493785428144052
0.15477262405063735
-0.051541671404253725
0.23845887111049935
-0.3341436945506769
-0.3727948951088305
-0.1553265051638913
0.3015725729134031
-0.19691580795900235
0.6302517389159382
