-0.2885411432905741
0.01547208823949783
0.1575814425280479
0.4162805294432324
0.19187471458553537
0.2270172327325252
0.33036686864819487
-0.03104073970275386
-0.21197688676934903
-0.2748928474646216
-0.19348715551634318
0.15476600390084444
-0.18404343208802626
-0.09397880366230502
0.3991189801712193
-0.44442937081938927
0.21224169706512327
0.3492865914156512
-0.1875131820665923
-0.371381626248216
-0.20714841187523275
-0.18376681062236636
0.3526269559738014
0.0689348228983665
-0.20458320646174222
-0.3512325688513145
-0.10090231594848884
0.12354078928585831
-0.1323579765300528
0.038989564903508134
-0.3828040731648734
-0.16390116563157484
-0.4241789805725718
-0.23661256293430732
-0.04589410187597183
0.35528967747808404
-0.3493785428144052
0.15477262405063735
-0.046644595646052035
0.2103775790650924
-0.3245168288458453
-0.3727948951088305
-0.15313140524692148
0.30557637649445696
-0.18206243505752262
0.688860324894013
