-0.2879426144744902
0.032420767407096235
0.1635932088045827
0.3885669187933341
0.1859129338714261
0.24502466217824023
0.3687676977936544
-0.02990894694157687
-0.19359586432854822
-0.26759889427087896
-0.14760603638269965
0.17963514583466725
-0.20021290670130618
-0.2339439204252955
0.3499173473802525
-0.44442937081938927
0.25778595348768885
0.36494514276165674
-0.20098446073539128
-0.36649000858839637
-0.206940987499434
-0.2221625681757945
0.36393893327915816
0.06087838611737957
-0.17977526851717424
-0.35158374565796446
-0.13789227526324638
0.1391966070568468
-0.12806599289545356
-0.06490277074366813
-0.3828040731648734
-0.05311578129723307
-0.4241789805725718
-0.19182356305907455
-0.07698474119295586
0.3370918853349367
-0.3493785428144052
0.15477262405063735
-0.020203811667380438
0.21965216595502202
-0.32832397244094286
-0.3727948951088305
-0.1489744884982078
0.31364076805343233
-0.17927701345773056
0.6683669487463346
