30 15 15 15 1
-0.11266422842013606 0.07331254803099854 -0.36591623083793035 -0.11052917018986237 -0.20431739661630705 -0.18061652023593674 -0.169519492479399 -0.06994659348114442 -0.09279528653006527 0.07875181247776009 0.07461243748850492 0.09740564519474632 -0.1335631816106516 0.27461939183293704 -0.17255655390243993 
0.10428304180304117 -0.07838148842050906 0.035403782880629446 -0.23598091262763732 -0.18723548238867238 0.20034018311865576 0.29456773557148963 -0.16733161348096373 0.1179432571958027 0.23501154062984364 0.29651220517888477 -0.27900274654802565 -0.32826251085976516 -0.2685348783670565 0.2709544265257671 
-0.3328944375457613 -0.07106513677285281 0.23205484239965596 0.10331630911499398 0.16065340468688147 -0.3175917673668107 0.10243386792374454 0.21641226330074573 -0.30333957521269483 0.13129015029202834 0.446532942342965 0.1424783672403816 -0.20587405041294068 0.2744281581519964 -0.30230512888929717 
-0.09045009424327712 0.4143851613415835 -0.23798726122783556 -0.32746095986837315 -0.3384495999403248 -0.5844099554946778 -0.05324694315683966 -0.1390826733870716 -0.17808646239825646 0.027607725883281573 -0.18495220980591853 0.20754774986500987 -0.06620356628675399 0.08992031917839091 0.1159150521412218 
-0.2487452816138159 -0.037847501226495134 0.1970579082048737 -0.2201829852882147 -0.48616801555195543 -0.14907611294438639 -0.0072351969510017 0.021613600861749165 0.2640133773276342 0.023474905347736667 0.5051456216818092 -0.12508256088898423 -0.18954014113035236 0.3639290870443987 -0.2648586141526109 
-0.2081775490645778 0.31811619423735643 -0.2812980113771696 0.1783418173201089 0.11812421675657529 0.30191585175973834 0.0803079480363832 0.24142701698540217 -0.10201075074080034 -0.24324659940099783 0.4244188607971359 -0.053359979114290954 0.4286071227791345 0.0951806472763537 0.12856108289614634 
-0.3219030549041341 0.41831617832345186 -0.22509273890016104 -0.1204200630914396 -0.1483370569441921 -0.4328049196796295 0.09361026538352371 0.15963121046953233 -0.3262252194769868 0.03446622712309542 -0.004895577695237852 0.15638752382336893 0.5281037120435376 -0.08685357140484935 0.1797383904580713 
0.029732962663952086 -0.3948248217407945 0.21000398174491391 0.21074091998143432 0.41452475497879937 -0.48055386196081634 -0.3102201438086669 0.2541875251666244 0.1207602108487075 -0.36108425087846147 0.2507950956522027 0.13755224646551975 0.2588699890785959 0.1564206269489813 -0.23586545034210576 
-0.3023007435740564 -0.30277191650044805 -0.40188025074301564 -0.0532016070520163 0.20209541516752844 0.1264885124050413 0.15746841638693124 0.18371659314468175 -0.23464897853762592 -0.13583717918327248 0.08103620686646376 0.20973109139028506 -0.08603465398265032 -0.30328045197445247 0.25478551871289673 
-0.1650467750298397 0.21119929529627485 -0.05796639354874249 0.377805225921906 0.13766353373525686 0.10615815031206063 -0.1859649768074319 -0.30299430650833675 -0.23647335080616236 -0.2862231250964795 -0.20343513923472356 -0.25258377033655643 0.13091240447230307 0.1609756610353057 -0.30708188337495523 
-0.2684051185414843 0.16783822068349094 -0.13007596581065636 -0.20854850563219585 -0.22558180112225695 0.16150909048680856 -0.02086926931645276 0.07704703518868776 0.2898929904209723 0.2720374481402834 -0.013771150449728523 -0.013085432386045155 0.19273667270071176 0.010825553432615898 -0.26460700882673077 
-0.3031516648743694 -0.17018606316605578 0.10376243104806346 -0.05246939577799341 0.10941986079895986 -0.11984933367721225 0.17464459122357956 0.17498353520573384 -0.0728820970707337 0.007799203776498058 0.3165360621635607 0.2809752119410559 0.08392718817003278 -0.15895262265733678 -0.26985160021426213 
0.058927144725973206 -0.3506534813696404 0.1707341994852041 -0.37163748720716405 -0.30174962538747857 0.10895677107594547 -0.2893822573386477 0.08912613629564772 0.014810718505107102 0.40600147001504977 0.0189488629151951 -0.30419026162574636 0.3177473793478993 0.049536027630930034 0.2617674916423321 
0.27096583177373146 -0.3035027835584366 -0.10455632061805199 -0.053455920095446675 0.2795610461484298 0.19669069281263027 -0.1264557419923825 0.35369449193970165 0.07950269109365413 -0.1229584862157596 0.016484873083690208 0.1966943147793729 0.16842776556474584 0.1959191182192521 0.1899196584287775 
-0.06380447565502219 0.2913292007583021 -0.41945844405177407 -0.3185584693523023 -0.13980846251608245 0.026565490521977143 -0.24239521662395022 0.28441652300773784 0.20335312571340072 -0.3054736434251936 -0.23061340564294733 -0.12523229717676934 -0.3862699611004906 0.14790515320565817 -0.032249175007848026 
0.27624846508360246 -0.10329236405921685 0.41156601119734165 0.10449178805379668 0.18484398516388945 0.05006514984571288 -0.22132655763363643 0.2759420790322521 -0.1317249302430289 -0.019501787804113924 -0.04163578492368449 -0.26024011973701244 0.19518005672882524 -0.02331518217233456 0.1891918565459138 
-0.11320683845120283 0.2436489747413025 0.02749336669724128 -0.27747807292930154 0.2730033405158921 0.06805584177242623 -0.49150082496681485 -0.07502233438889282 0.1096522806218508 0.25054615511299155 -0.2638685983035879 0.31518318768289943 -0.07508039651157357 0.3645342713829533 0.1288758098513153 
0.17017592531319517 0.04730734448223127 0.0739692915352042 -0.10467812645938285 0.1746954382241785 0.15427199041992834 0.24733786162453994 0.18816230122167396 0.12153705166083908 0.21874557138606343 -0.15195646260912493 0.17403168687369266 -0.07547480648202584 -0.014797653194056485 -0.12069873795988353 
-0.05974584542288324 -0.14944829222697026 -0.11570031924555407 0.014314134556345873 0.29797747539067515 0.2245787001713289 -0.19965352521338492 -0.07613156001081058 -0.10645346802360589 0.15030707661542136 0.2563008886535174 0.3344058517459385 0.09164126187960474 -0.17671344511253964 -0.21686178673734194 
0.22117746055106866 0.14873064998215216 0.31946303110950897 -0.11751675812915349 0.09983131458726892 -0.1390156908046811 0.09982153154546375 0.15032899851226428 -0.04796495696145574 -0.13439605679491065 -0.24052946055540303 0.09422032086772118 -0.16079805445998877 0.49367405808190273 -0.36965305496299944 
0.1935945346986604 0.32173368180006456 0.0697097487254979 0.00575032316398508 -0.27911712717837645 0.06963244198978208 0.0066360490312663886 -0.12766728081105708 0.05605861001515304 -0.1150680446501046 0.304152769073346 0.2831209415514173 -0.24904718608343426 -0.24058320955976745 -0.1447693919806322 
-0.00024874414626052053 0.06806405076509649 -0.18080131850443637 -0.15550273878753812 0.21910422664868676 -0.056280493066622465 0.0709242430723039 -0.1646077841278805 -0.24898260917927678 0.11348432709768103 -0.013719696940174412 -0.2163142943996272 0.042267976038575766 -0.04185453226842045 0.04183536931754003 
-0.22153519782130535 0.03944836490667145 -0.17198523007274943 0.10741274605289537 0.42292185796155896 -0.22917476794851793 -0.047974836096045706 0.1290166142755347 0.21463301718372854 0.011977419671291113 0.3157376850226075 0.21615770901804227 0.20312221050679874 0.21291729099973952 -0.1818371196143752 
0.09235384713063063 0.10823753258777578 0.07795155296964795 0.15661667904090879 -0.3459720940166225 0.11620266781546258 0.08129370031062691 -0.2037954574420896 -0.14978757962273342 0.08057223551076706 -0.06361428718643752 0.26071960797952354 0.053754416086670184 0.24995558468312742 0.31860356985591426 
-0.1225996467381467 -0.11948498051081766 0.2511004011356698 -0.08936210080305912 0.21889988113549355 -0.10132642684815131 0.1558628313942657 0.1703635211763968 0.015868742376900443 -0.22739994095742566 -0.27489193388174293 -0.16802536079073607 -0.21135740481740276 0.24864330648911853 -0.4895367646573156 
-0.08128615886598939 0.14780989020412316 0.04238808509003203 0.23988720354539475 -0.2559463155918645 -0.03504253949068133 0.16495021603445478 0.2642255790487395 -0.18353381708565583 -0.15569305386807214 -0.10541733586547036 0.13284159935135775 -0.01615322913235591 -0.27122041902440525 0.02927381732494795 
-0.1784032275972876 0.12640496669602092 -0.13928615152798762 -0.21996644345624475 0.15942474564951983 0.29523542325343227 -0.05063030771715443 0.09146170195943866 0.006675447135299108 0.024642669784151496 0.40879114200071714 0.14377104076618547 -0.2941867373857697 0.1500581848115449 0.04397422933484797 
0.252470320259831 -0.3109856471375351 -0.2203501660543108 -0.2042288266458932 0.04423285930299227 -0.2084118370107897 0.07410617581483378 0.1952677406469335 0.12074913691068845 0.14773860331497288 -0.1437907665609847 0.2681840318762509 -0.09670759473328856 0.2731678055509509 0.10583575124890686 
-0.2222568329831657 -0.2863538613188857 -0.20877976751841687 -0.46734882105848047 0.014998328059731555 -0.37386758649401064 -0.5219433188599882 0.2165646255821633 -0.07407613549247949 0.11237185120594083 0.036846310192878214 0.04650698771658905 0.14063109997644485 -0.008346777067558821 0.2672309572455446 
-0.05918527108203255 0.22756478251230752 -0.45007561101874216 0.16042771896946553 -0.11689413577212925 0.06531052553119425 -0.2538039914347019 -0.06970857870247338 -0.31331376831762187 0.27525612549494294 0.42522744980414223 0.26228660406332727 0.4087802738264455 -0.32113591488508253 -0.13828825890519525 
-0.14287433544097236 0.3615177230222006 -0.1975549749269281 0.008599725259967692 -0.139877971397834 0.31730905382285823 -0.09989931313757795 -0.10499816532587634 0.057676627684494865 0.3398707298334484 -0.3641623459619794 0.21973403262300384 0.2854151794075174 -0.3671168917601883 0.016219128102601173 
-0.1309935784016798 0.2262650570385293 0.096164004168257 0.2265687086240247 -0.06177738102628136 0.0904380451568107 -0.08949972240125105 -0.3175975543754737 0.17912925728605453 -0.2080939829297415 -0.005245827642427226 0.5266379835537527 -0.11739167571835464 -0.15105701534493052 -0.007709728537950959 
0.33422550443389265 0.4103170320164667 0.19566732537588888 0.3866256193811024 -0.20728466594399206 -0.32890897212327125 -0.20727240963627114 -0.1084735760669277 -0.35468536644242765 0.026764875902231592 -0.0875938268524673 0.3052984253047778 -0.20440142736750605 0.1957204069093982 -0.3376787709096434 
0.05507001938464649 -0.12454474119258498 -0.46645947749204025 -0.17296940847032416 0.120516116197055 -0.022747587455496376 0.07737536372523912 -0.23993423988773066 0.018996784928849174 0.4273631534669341 0.22749336739317683 0.0336512813079894 0.4711328559341615 0.365957523986123 0.14599057084201728 
-0.36297069932581555 -0.43423330614766675 -0.35104046189440574 -0.05191830421299142 -0.09313442380192681 0.3615911251889896 -0.3577175226682032 0.33787796183920865 0.3458889987672035 0.25793376946030916 0.07956487967911861 0.1553494946863636 -0.04232984240863275 -0.4751006904344537 -0.050656780148561814 
-0.005816544585415522 0.31671932903836725 -0.15583263158150937 -0.04923424406160509 -0.27862875006253074 -0.3901590097415899 0.2958038232199702 0.007726867626724114 0.27431228214342274 -0.24700632890842553 -0.15463597938390025 -0.04183416182862656 0.3511709782852636 -0.0011192550064813372 -0.3163266673294881 
-0.14139573350536405 -0.0033490471909998092 0.10733167463714416 0.2959292152077154 -0.2844638493511429 -0.37064613496474813 0.0026948675313760184 0.2849411892820591 -0.47115641918883566 0.17878749010110898 0.12082631295341656 0.06699796415179889 0.4075403117371092 0.15361269031326502 -0.34160940500622755 
-0.011439947764387115 0.20057886900893226 0.3570117643063772 0.17231318291198283 0.11190500777365561 0.04055142861601512 -0.24385249306002182 -0.05633859481092039 0.3096348332616302 -0.10972518176035635 0.2623698993190221 -0.17961625350452598 0.1039779033261291 -0.15688749283400333 0.3014092865238242 
-0.05360164411021241 0.22422438844970197 -0.13627937076804808 -0.24157742171212548 0.20350671634515258 -0.1443776349234386 0.17689204292019642 0.20324261026806514 -0.20715333230093558 -0.21811988706659552 -0.23006518664771541 -0.26469635321309964 -0.11803431693120989 -0.4037509639990595 -0.29995429782799155 
0.13142008991882748 0.33090550345357245 -0.3726420672879006 -0.21328618464605764 -0.22322584744326288 0.31909405322090323 0.15983473635082363 0.1077768400565123 -0.2206555359505758 0.3029111300208401 -0.047929083054627446 0.3324406500483111 0.2495545097725526 -0.01615817064001569 -0.34950565883627993 
0.36980540631256775 -0.365236260650684 -0.20915060499159413 -0.03824138506577628 -0.07132088659998163 -0.30630354278338295 0.2726490167507438 -0.3962354414442421 0.305119458411413 0.3334705918081928 -0.25424428550233774 0.14969987385875066 0.1206132398289169 0.1883392891731715 0.07494499888032881 
-0.1545632427803591 0.15493392271983733 0.4590353459566061 -0.029753916638966364 0.19856947168598252 -0.37932497827890815 0.2836337298800042 -0.31665154879390905 0.012476523237578235 -0.1734402235292589 -0.36098579573144307 0.4863750477311766 -0.17583513119818914 0.08360055510576653 0.04423956844106057 
-0.2830096002924373 -0.4544772251258352 -0.2519679157142413 0.13327543371096798 -0.20787098274715657 -0.1071506136321957 -0.38172174187276015 0.14410966227738078 -0.21785839465443588 0.4476967927077772 -0.26746943998976214 0.15562756743678388 -0.575782801747293 0.40451299325306095 -0.18989886662694788 
0.02054509858627823 0.131303911544182 -0.28195942504925625 0.11751902722681312 -0.25088371839566115 0.18148922204650697 0.21687595751985314 -0.3649963528166221 0.39201085636814625 -0.4379542920971398 0.26251712230923036 0.11698726629995504 -0.14515603205007235 0.29305521905723453 0.14575006992474915 
0.3789197738243748 -0.20116746974557848 -0.43632842960407847 0.42979065114641746 0.26082755768511257 0.15757449058037054 -0.01802364338686845 0.22449564124497878 0.20845945898128335 -0.1515281408806046 0.19180919644931899 0.25753093888113787 0.11225267219752033 -0.05710288692279918 0.26096052059679165 
-0.041341597937361106 0.2514713726092903 -0.054644192351674635 -0.11585002217982526 0.13173400335292923 -0.21232519691614368 -0.024136576280601344 -0.1396474045492599 0.09487822279299381 0.2905993932094121 -0.03867623786252762 0.21699462252699442 -0.031767945231938606 0.11732852932271827 -0.2832646479609287 
-0.049669855544691034 0.32548292852405203 0.07864320187040681 0.17426134004214575 -0.0658159087132837 -0.054667310744443864 0.2631782472103494 -0.33449213461190747 0.05107736926490053 0.400948690779215 0.013126619164286398 -0.23360150216383405 0.23829204515071284 -0.14196436948187668 0.3157239978445502 
0.02970663275654546 0.3536733644520621 0.09296054006113114 0.23291256828791748 -0.4528260603831142 0.29330186223188043 -0.326538691980972 -0.13396749318525059 0.3390110142358793 -0.4978887632431135 0.24035767345876746 0.2777328474486979 -0.09801105670483845 -0.1900162029820585 0.43387798392468546 
-0.016283183555386074 -0.4441472178212432 0.3310037088646544 0.2838670362382354 -0.04367619111386214 0.12040713634307114 -0.060483317225018915 0.13828178668250785 -0.2593537170682267 -0.15171754422070238 -0.23748154901145652 0.36088624411732556 -0.2046130124690719 -0.5094020919341122 -0.12792396766178238 
-0.37777328481722117 0.1525135521741577 0.04778256309246979 0.21279485006903892 0.005193399417901163 0.21079522643937187 0.1477849186705922 0.21179917627664516 -0.09046641458451839 0.09449713147445428 -0.24519459089704762 -0.13420607483495794 -0.2832989407957322 -0.06797262676140006 -0.19524536657313774 
-0.06926698167706766 0.3627486262220429 -0.13536289901459417 0.37501238549970967 0.08514725266722259 -0.12058664485531312 0.2747673587588415 0.08934763956917174 -0.19807267306518833 0.21049606336777704 -0.04970206821308276 -0.1068069122348377 -0.1418579944922136 0.13356144230789732 -0.1754151349332758 
0.23576757984878885 -0.19653731165261357 0.03257643047715748 -0.008868122823566164 0.32636586873864537 0.4262614113542244 -0.2415647126064757 0.06343897916464629 0.31398296501756406 -0.03579072164560723 0.32620405342068043 -0.16736608735663297 0.07247060192166803 0.23957796328584452 -0.3846970934689488 
-0.37803577663612137 -0.09489819462444067 0.3395454964797949 -0.15409940384830348 0.17166591254258023 -0.25256647134505156 -0.11872304675483572 -0.2731113254876474 0.25144327108693115 0.21463174004183364 0.13359375864335546 -0.18731741903528457 0.11809182818283118 -0.191335852708311 -0.08970902420546159 
-0.09580920095488696 -0.15064919306992203 -0.34265171897536617 0.06209589020701057 0.18101843534930756 -0.0016595185324063506 0.11126234303429616 -0.2529954084116801 -0.4553394619409747 -0.08824859947327433 0.2833026809868114 -0.24190543762656083 -0.0889743059516873 -0.08493357005593201 0.11105211975737819 
-0.2596783557497427 -0.15944537764357306 -0.18069315175021594 0.25670328406923787 0.29028466272291925 -0.10363014974123196 0.07980708463823806 -0.27242121928862817 0.0697570326543115 -0.17907376465057123 0.2705436619745337 0.12913684174054774 0.07483831240693481 -0.32488654842012893 0.010507929877922146 
0.3783108141228095 0.3430064272058295 0.10879276326079261 -0.29826019337954895 0.08728229230006015 0.028374406350570345 -0.023084477522083608 -0.053376450958807345 0.06402006429339228 0.25650991375096527 0.1908483877607586 0.05893290209265836 0.3202290911094025 -0.3744798597994587 0.38217019574377253 
-0.34640061502736313 -0.3255521454539141 -0.05734450921776227 -0.3656665381774466 0.09143024178513184 -0.522106009251097 -0.16298827969686086 -0.339932502037565 0.0718080369710748 0.034897942449684555 -0.10793304399735085 -0.23855387928282282 0.14754296812024537 -0.17049517193468502 0.4158288538402308 
-0.008883245760690817 -0.03595815865199591 -0.3661456008736422 0.08224278821116907 -0.16981285921260705 -0.1385702555514436 -0.04899430456535169 -0.08778654259162373 0.03304728416313789 0.5128693333786287 -0.11815072726296685 0.20909850980673003 -0.01293946567451026 0.45257020151439203 -0.1699401899123062 
-0.19347697161911778 0.21696196900909653 -0.3540171055497858 0.3299156657754472 0.11685571244517011 -0.18924913661435955 0.3851675724438815 -0.3420824864007207 -0.15150757084694572 -0.5925078083188493 0.052786221362474656 -0.2446612646719224 0.04408904275766528 0.35344655755220566 0.4017652861598507 
-0.03558529114002569 0.18110081377656592 0.21150084003342137 -0.04252726685139552 0.02853688508115723 -0.4702476328452616 -0.097731195947468 -0.27500141963269853 0.056996117891421914 -0.16927559546042462 -0.05326644557403507 0.29749292136264155 -0.005408554738702246 -0.16091779650396795 -0.07944347591765083 
0.2820777945041749 
-0.2779729486213406 
-0.2988221224742319 
-0.5064651494793342 
-0.1398132721476849 
-0.09929329440767412 
0.16517613148009586 
-0.46034196761728446 
-0.5390219079927452 
-0.6597038229135221 
-0.41020993542286277 
0.15714372563420403 
-0.059352523042833935 
-0.37328035922163316 
0.2634796289757325 
