-0.28870389528614687
0.016132837354799045
0.20194556994708934
0.4123346626082162
0.20176988636644744
0.23931328385822767
0.35780494965827553
-0.04198124546942921
-0.21231354124139631
-0.2518687362825073
-0.15220786749803542
0.19506986187678887
-0.19797499513143096
-0.16711007233555755
0.4183060715877302
-0.44442937081938927
0.21543609931723215
0.360214170489145
-0.20219338564104442
-0.33919614207328447
-0.1875482248183724
-0.17798892468762526
0.3418110726025228
0.0681017284764899
-0.19149177929245645
-0.3467264906633668
-0.16527428946811948
0.13339203663173585
-0.11069790200960752
0.01643898245852664
-0.3828040731648734
-0.14998049623490126
-0.4241789805725718
-0.2559563780989683
-0.10161536903098929
0.36293488137273683
-0.3493785428144052
0.15477262405063735
-0.03755728713081958
0.22568093254433555
-0.3299594987539667
-0.3727948951088305
-0.14598949031254607
0.3171050932458441
-0.14102111093784483
0.6817843134958461
