-0.2866965427289065
0.06789405072330092
0.1388046172995136
0.4634199282272114
0.2705436874563883
0.20478334437457646
0.37731113272864725
0.020073784643071198
-0.21160358117414524
-0.2624328375933362
-0.22170804111035927
0.11789091612259671
-0.201918841736437
-0.1904991747516672
0.35217612965433265
-0.44442937081938927
0.19465341559282293
0.2955489159151338
-0.19285188978184087
-0.33919614207328447
-0.17726088251990535
-0.18936937039461577
0.3423630659198643
0.08042232520527529
-0.1336782346530452
-0.3269679407821385
-0.025718401176424866
0.12587602060857034
-0.08821833816140186
-0.08874761663583093
-0.3828040731648734
-0.15666138936454094
-0.4241789805725718
-0.2374449229368688
-0.09690403484372564
0.31022841697428005
-0.3493785428144052
0.15477262405063735
-0.06164688316546769
0.2022955916878748
-0.3328144638067535
-0.3727948951088305
-0.15170480531510175
0.3057648442911076
-0.22999098593697664
0.6718860930353344
