30 15 15 15 1
-0.085329467436082 0.11371673169525405 -0.3798481216859289 -0.16818308729901726 -0.15284143431112177 -0.215221363736575 -0.19942048651336533 -0.034649308377434365 -0.07268074292003252 0.07043701611049268 0.09834028652106583 0.2307027697551915 -0.19355899688843367 0.30144788241591286 -0.2887717965462622 
0.10461254524517237 -0.0922584460380203 0.03551167060357007 -0.23733359836195708 -0.1878444930371984 0.21711444128651358 0.2955471942784422 -0.16081758680987493 0.11831805855274312 0.2357848281167775 0.290923773215886 -0.2947075059710374 -0.34728954984464355 -0.2973189377541056 0.2810710556745532 
-0.29731088515384596 -0.013947234951125017 0.29196213488286143 0.05367039787914246 0.16267842612807182 -0.2625620004267824 0.1276019901193929 0.24271922765945098 -0.30434944490681876 0.12114754163094922 0.5190757193057721 0.20309051110829823 -0.1580710987776255 0.2628692431924801 -0.40944770151093884 
-0.06577807099373886 0.46031574353819305 -0.18366606478925923 -0.38569696236884426 -0.2364899424394284 -0.6053197406701046 -0.06273808651241232 -0.10498852158101218 -0.15581674196709333 0.02858260507852024 -0.16551030984733492 0.25686548424014904 -0.04440080690016334 0.09899536799249457 0.07627703963485374 
-0.2495660268790284 0.06883935098538421 0.293914254586115 -0.24058418338335918 -0.4335232218565741 -0.15330953057676575 0.0931847403950243 0.10986685202959084 0.2800904096225913 0.013895460239525863 0.5011880602941872 -0.03671380387867482 -0.107428904018373 0.4125630046992266 -0.16749765559954607 
-0.20885837861361212 0.37510920267583153 -0.27728076795611106 0.13775291136930556 0.1661942848077325 0.2627518819190696 0.08790170292843184 0.2822442187404115 -0.10233494173071034 -0.27200591323016016 0.3637969359572717 -0.021307566191353638 0.4408535984385802 0.044002849556407646 0.15208039199917897 
-0.28617744491830127 0.4889248352887276 -0.15446776145751887 -0.18201699305324825 -0.06459760226809279 -0.4428728294435101 0.11184898674089563 0.11636000634173112 -0.3273167162011587 0.02444632008185356 -0.05267893355529893 0.19022401405720732 0.4952163916209554 -0.08421862806511737 0.18210845555675 
0.0468370867826234 -0.30409721694744263 0.22673839060078219 0.17427433081864915 0.4497860389172745 -0.4815640322413486 -0.2572984590892406 0.26685931843614075 0.12114439667732041 -0.36145909551011574 0.2642890523540744 0.14126775162042618 0.28071373968019214 0.097728298468591 -0.3016456964320872 
-0.30330701172182306 -0.45041878868590746 -0.38724593604357754 -0.069582485045475 0.13561060989157495 0.09459312646313342 0.19129133524896538 0.19867594286466692 -0.23542101424226838 -0.1362718223001467 0.1034264330482488 0.24201429428096183 -0.10423375099963117 -0.4442014466897489 0.2207884147389349 
-0.16558012653113993 0.07919845673001158 -0.09455309641423956 0.2523296039191986 0.223824592883653 0.026158896014231745 -0.1657813104522937 -0.26030752057845047 -0.23725168594418564 -0.2871736568011381 -0.1990490993587811 -0.2061022008863557 0.13133052521178684 -0.009600864376506483 -0.3081047272145143 
-0.2692939091041183 0.21052611416293754 -0.08085167659043521 -0.2004857556741305 -0.27730534661821665 0.17546806249440713 -0.061384702960972606 0.07178186613385643 0.29085398919749017 0.27678584485874325 -0.010604518993790255 -0.014796765634161414 0.17931969204374953 0.18070281240562416 -0.328859128036585 
-0.3041608830989977 -0.20468277800426185 0.12675389538286108 -0.07807500136294732 -0.027708493129495977 -0.11223732202816009 0.15555348705850178 0.2171165828370146 -0.07310898934264189 -0.017106481296653743 0.36485958496674775 0.3151695434425911 -0.0756046223506728 -0.1686372975082232 -0.14404139218976614 
0.058865691897228144 -0.31266249559785725 0.27224468883533665 -0.3141837108175638 -0.2272732248892206 0.23457617631769914 -0.27846653041132036 -0.02064355380764711 0.014855235984167527 0.3834330980448584 -0.004668704701229376 -0.31644422919965604 0.2804889650777149 0.081592208657386 0.3345877389601225 
0.271863492309483 -0.25389985882206845 -0.11085791025047322 -0.07942489144005363 0.2324396414808507 0.18153645299491367 -0.10260648440310437 0.32514511696360066 0.07974891957756576 -0.13621054191589663 -0.12622171355169157 0.1877239958400798 0.20843473367568843 0.20720055532463968 0.24605391604860655 
-0.06400216045594148 0.3612854282934282 -0.33056919234240006 -0.3147402032304967 -0.2261448259421552 0.034078055133169485 -0.23104849897855875 0.33503433330451426 0.20401738018366666 -0.30649091172130977 -0.1742097796569818 -0.06888072299094442 -0.3492210544411274 0.19372186208306855 -0.18556258057570688 
0.2771644277565008 -0.09541194355230201 0.38633466244245307 0.12525265088405044 0.25913475725743573 -0.022312517535129896 -0.0037461510875695546 0.26085651812020333 -0.13214577432397684 -0.024832880934610176 0.01159334233742858 -0.24498683203620683 0.15396992643666774 -0.0740547809143978 0.09078729918802897 
-0.11356589330723184 0.20185669586065477 -0.07308257687603538 -0.28822341275936597 0.22828935232128525 0.06826717746086813 -0.479280255773194 -0.05867453956769362 0.10999954581610527 0.25529532410686956 -0.32794001709243253 0.3398681259527678 -0.07531439506194781 0.278656718661401 0.06693474948187395 
0.18140950815813034 0.15970417201838027 -0.02880238116508883 -0.14486613697761966 0.13460591364565352 0.15476879917475087 0.13633348165720802 0.21635414372850764 0.1219238279536465 0.2041113632798134 -0.11119873281183576 0.18956995460141163 -0.029685289955175654 0.024688095047681446 -0.03819680642855441 
-0.05993054581132711 -0.1446509307625268 -0.014191841911652806 -0.05658365878435611 0.264415946893066 0.16751816354348542 -0.23256668284591153 -0.04763093300897983 -0.10679215566756742 0.12308226587540896 0.2875339990540741 0.32990030510655693 0.11490299476938765 -0.21741761144274918 -0.2162347320186816 
0.22190303060808353 0.034037940423895456 0.25887652553055873 -0.10005106190188646 0.19427707573797454 -0.17998218435528612 0.07320454763420109 0.10164112286153763 -0.02067670406002822 -0.1465143141655486 -0.1754778552162744 0.06265275247455343 -0.2488643109643986 0.4150923418240963 -0.24676479265000642 
0.19422531565390236 0.33499189394685386 0.07606300187771085 0.021724136916439037 -0.22247832457606934 0.051123175671669456 -0.015363343114157985 -0.11138113769536462 0.05623155575431977 -0.11543328224845728 0.414903670296235 0.31548614289536403 -0.22428166876420302 -0.24035637104299462 -0.13974394894536749 
-0.00024948384611791065 0.1403345179550541 -0.1813883388557597 -0.1560037143635346 0.21982265446009647 -0.056088471092122165 0.07114481702886756 -0.16513964406664158 -0.24980417517821235 0.0865505834270891 -0.013760903218490536 -0.2170231149821201 0.023223418504982815 -0.001462325335919928 0.1740769142197236 
-0.22226200052679462 0.07285509018948444 -0.17254218528725465 0.06205290332539577 0.3789467789001153 -0.23137074006022032 -0.06932716778761078 0.1408466072162394 0.21533605053427274 0.02319323228567442 0.19597273120854342 0.25423308701758235 0.1802277749039683 0.21793696042246027 -0.20295938946713382 
0.09264410195985741 0.08406789656962309 0.07809391233460136 0.19466538486860316 -0.341060036504325 0.12780358741624875 0.09198743735827587 -0.2477660622891978 -0.1502692226474836 0.08082404121886257 -0.059522071691366744 0.23417599457434804 0.054024557045081543 0.26872632831294724 0.3548970696832864 
-0.12298996808562371 -0.09918754623863334 0.2519292918006086 -0.10528299254070211 0.33698062029398435 -0.09339628888134384 0.17063958311575622 0.19621366210912886 0.015916475562452556 -0.22814696180282737 -0.20147515055311457 -0.14063834647099788 -0.2120491681417571 0.3433835570661304 -0.4450724107461792 
-0.08154028500314543 0.21661709907647772 0.08010083916757818 0.17929022931065788 -0.27050325922145196 -0.035149302048434236 0.0934465194037317 0.31709791317812985 -0.18413017165853168 -0.15619467394741166 -0.14057809323025222 0.20475212719499947 -0.0498727806989813 -0.2950265796827891 0.038007408807120294 
-0.17898206203715614 0.09181761019620646 -0.14004221803426486 -0.18986095219729385 0.140085813759146 0.27135952271591574 -0.10075935253557089 0.0843664187515219 0.006695394375471261 0.024717241861058326 0.42069691531768383 0.15512948415815495 -0.2951648752563241 0.13251289469571245 -0.01570857442770068 
0.26065198211062984 -0.20388945335752126 -0.31581252280677957 -0.19495417152454958 0.043639534997745574 -0.13421039702900414 -5.862289488344299e-05 0.220114595937452 0.1211332858196703 0.1347385314846301 -0.10773984615757623 0.24337214456249756 -0.04317415135343072 0.31550790690591807 0.20898736245168148 
-0.22298612243467766 -0.2549757443772564 -0.2491953874138791 -0.4710596079787927 0.012248194409929932 -0.32618267933905076 -0.4495817959122697 0.31232692714750887 -0.07430887658559318 0.08207955882955337 0.010939923863408963 0.16443968845243806 0.12587589650184852 0.06060416398401944 0.12431641793301454 
-0.05936818181555799 0.361582688663731 -0.2570516557804966 0.10560187845837189 -0.15681961118114593 0.05874225419568387 -0.3530200760566775 0.10178533653704358 -0.314358216261834 0.27344306594990053 0.4211064710992168 0.36478370612660277 0.37426575279747337 -0.22088355855274117 -0.126496256850375 
-0.14333265220401972 0.3614863668728707 -0.20869200340774463 0.008060489933197147 -0.14032619911757088 0.31836735099341923 -0.1002143583176216 -0.08313235608650518 0.03448210649640512 0.34100719935732815 -0.3653828684866524 0.1966001844233643 0.2928861986431999 -0.36834762650053593 0.01626792723707304 
-0.1314119711640546 0.2513724134214107 0.076339896785372 0.27096380661050307 -0.06302566936742059 0.17982966738740375 -0.10613992811562939 -0.39417480248577647 0.18694496282278827 -0.14677947326337623 -0.006923037711323387 0.47846182079549604 -0.106761238790893 -0.19659201508403387 -0.08869548962521796 
0.3353424214984188 0.47401936713798704 0.1652074016061847 0.29504227210058326 -0.2079624266038697 -0.3296128293351554 -0.2734930569445821 -0.11270464732456868 -0.3220190289486332 0.0176048533716433 -0.08608127124173016 0.3183061828181078 -0.19627233502080652 0.20583324681166154 -0.3163844183369863 
0.055239820450804805 -0.09285967202462073 -0.4839846425303002 -0.12581452446089947 0.12089948828365196 -0.020787473570692612 0.030102497068664223 -0.24135650744609868 0.0072635443109377845 0.4527016550230802 0.2272717415800562 0.04469864965356713 0.49052542815460093 0.3782423013002952 0.09486820667341367 
-0.36418710223810996 -0.4535330788343303 -0.3481861728172061 -0.047791128805561904 -0.09342723738820687 0.36479556999342133 -0.38252802179708395 0.32665344051699763 0.32523741042423554 0.31747048344736695 0.08027549254565249 0.19087413139720955 -0.04489583397514757 -0.44894338065000916 -0.06971808204898719 
-0.005833914242820985 0.3631301213510191 -0.1384419166237297 -0.08252875213779418 -0.2795529609007143 -0.3921594970302277 0.280155215305592 -0.04149096191833085 0.2908343857437005 -0.3063185977020957 -0.151464595627398 -0.0314717870622491 0.35644106295788575 -0.0226169038687646 -0.29492726539896 
-0.1418490700362181 0.025205757613244235 0.09941077539504513 0.30997109303876963 -0.2854082831270519 -0.37188906471369015 -0.007244429113928878 0.27888959447801154 -0.4723741807624694 0.16440940585744307 0.12477257113884914 -0.014882491398653724 0.4126490203385323 0.1818757651566198 -0.39957842215690575 
-0.01147425100297767 0.24395954668348355 0.3521622412225098 0.1623268070611371 0.11122683659009375 0.04268576169568703 -0.2529526627090104 -0.06179953630653827 0.2683352990519529 -0.11759796969308153 0.2603539525156551 -0.1393209673589884 0.12618104030094587 -0.13830783294313254 0.2891409366083277 
-0.05376677978388254 0.23124590051444804 -0.11916857513782533 -0.21916563917769727 0.20417149824159314 -0.14484101833169533 0.17746572185384415 0.1832484281894858 -0.2077429323131894 -0.21883492473476393 -0.23082140167783866 -0.2712928106913991 -0.10094434967732609 -0.36888158776692515 -0.3009524310275976 
0.13183991214283475 0.3000644429006061 -0.3984100680387471 -0.23629502071773578 -0.22395847656790976 0.4389018183599631 0.16035039351136784 0.07875376117213957 -0.2129396702450767 0.2896611790694289 -0.048076258182664054 0.32266809039733585 0.2283883733033564 -0.01620678429298563 -0.3374416889994846 
0.3710454313586427 -0.3471288713550913 -0.22465896454313095 -0.04476903227020999 -0.0715427397682762 -0.3055198167460961 0.22346646551949334 -0.41443917515804674 0.28921061702081324 0.30804720636129646 -0.25329626378778225 0.21763082332358263 0.15356424396527094 0.23065393475166773 0.12875627161003453 
-0.15506103742368116 0.14127861729680316 0.43502510865878297 -0.020393541755274303 0.19864080843837403 -0.37865443562810525 0.29260303698268403 -0.34730958770195164 0.0027445295793303765 -0.1270812019739852 -0.3646889448092362 0.4532753218902617 -0.16157214426773633 0.11676592748112907 -0.012774075946489487 
-0.28394899364652143 -0.4498606824041952 -0.1998700806434665 0.18592487282005682 -0.20763661806473416 -0.09625388760327798 -0.42337408629071327 0.17723233708009495 -0.15238631106167938 0.3081880747037447 -0.26920799186455824 0.12378703745804617 -0.6235794985187172 0.4035805021095751 -0.25983334832175403 
0.02060709881808815 0.0397127477822295 -0.23723604720938526 0.1129801380714586 -0.2540060746075255 0.27381012963974444 0.08891238275524181 -0.413584071498146 0.46741540355294464 -0.3889088693083311 0.2602918100885307 0.19191724740783164 -0.26488709478203704 0.35142593004388406 0.21246489138664196 
0.3801912760732054 -0.2384178962730627 -0.39222992619489716 0.4919662942144647 0.26060808103859867 0.24183201468159782 -0.05363157024632953 0.1465497368944682 0.27937349078694024 -0.1438789229030628 0.18932749656434616 0.2796955596732593 0.0673196745728195 -0.04242456884558397 0.25040315852115363 
-0.041468044920213554 0.2523015464828601 -0.054812639785521054 -0.1162178593520806 0.1321548778501765 -0.21302028928782937 -0.024209592103975802 -0.14009485647469205 0.09517675751327752 0.2915650948994855 -0.03879433902459252 0.21770578540817973 -0.031864529515268275 0.11770128465426317 -0.28420492529289126 
-0.0498225316100888 0.33757963285265885 0.07888874406308606 0.2103748273082491 0.0029087707689200324 -0.021260156529672686 0.26404893690406284 -0.33560997528979447 0.04211144473523528 0.39638260917568746 0.0020575674055376665 -0.23436992169043006 0.23757389861701783 -0.14617565956190806 0.3014390372053236 
0.0297968297348367 0.3683010861962809 0.09325278353247753 0.26804187979919286 -0.4897357842794455 0.33556824131337054 -0.32762897688125103 -0.13439585911079138 0.346826963047118 -0.49967146320964334 0.23976112541698605 0.2786539537075867 -0.1002388543360115 -0.20981784909977014 0.42964232736890956 
-0.016332177614144905 -0.40649574317918014 0.3321094646175715 0.3237488291530434 -0.02769451760869446 0.13080300237799597 -0.06067037341494897 0.13872464530140963 -0.26556212497258963 -0.1625601848365515 -0.23826336602613882 0.36209543989591975 -0.19999428661851534 -0.5359828796617409 -0.12345906613559786 
-0.37904082916377185 0.15040751902297805 0.047929275648969816 0.21239818556085638 0.005208901022272962 0.2103993175754413 0.14825979761795474 0.21249245914651935 -0.08904395745363913 0.09372730702456732 -0.24600305944511064 -0.13463524146016304 -0.28639488880520003 -0.06818369477209828 -0.19735346602854545 
-0.0694822153745789 0.3632226353258798 -0.13579594929394345 0.37627039677313984 0.1642248527834891 -0.06784635016045187 0.2756781895360587 0.08962805281609362 -0.19896464557848237 0.30153281899562795 -0.049854846162654946 -0.10714475764383691 -0.14140941459944728 0.21839409454077893 -0.2337224276300522 
0.23654347782981358 -0.1924373358042607 0.03267552417900248 -0.01951614981384813 0.273979819190075 0.38928437248828734 -0.24236063552919396 0.0636354927369357 0.3715220149872077 0.002392348935781741 0.3272931787180014 -0.16790732286951357 0.07387242405402555 0.2127662558015957 -0.3179981492165878 
-0.3793042271969143 -0.10775868415402284 0.3406808397080682 -0.1499833555393068 0.19334594639160171 -0.3124535223946074 -0.1191004445017034 -0.2740164186900537 0.226989286798597 0.16217998320707933 0.13279693588922606 -0.18792670996888533 0.11775255106866411 -0.23548178813358214 -0.011499694325618481 
-0.09611079281638733 -0.18736278073143772 -0.34379781830194617 0.06290783885361263 0.11910985360391908 -0.015571689961935252 0.1116149454434014 -0.25383085446851095 -0.4154440250063218 -0.06701208921614343 0.2819310105742814 -0.24270253794679156 -0.09045113458227236 -0.1218369496311655 0.10561383901517794 
-0.2605369288184811 -0.17407938677335363 -0.18127980275151862 0.25083313013192393 0.2019743346297777 -0.10034049450291449 0.08005640481474602 -0.27332392165467734 0.01768261923525627 -0.19061463132238632 0.27254454882378315 0.12954901503842822 0.07095431804963208 -0.28306443963813926 0.05250450768040337 
0.37958021418345916 0.3427329714715247 0.1091371812885649 -0.29992419383935237 0.08704347667850719 0.026589278941517133 -0.02315426124301154 -0.05354087171904624 0.06334703164182018 0.25537034050628726 0.19146976294024393 0.059115007428689186 0.320197485546789 -0.37622301249066786 0.3834529164796508 
-0.3475596931602503 -0.3147586992744218 -0.05752154974157564 -0.3409828383403643 0.0453669172183979 -0.5344236897505725 -0.16351463897432383 -0.34106918547860626 0.07789316105215072 0.06757443685745217 -0.11625098188801834 -0.23933940014408767 0.14643127357865232 -0.13002073871269523 0.3879363364611186 
-0.008909833303593169 -0.007482079103967456 -0.36737297870207797 0.1167981987246501 -0.18511443284240742 -0.1589189270205106 -0.049144844711702614 -0.08806185337102497 0.013379681288694215 0.5121353377847191 -0.12734442417466113 0.20978250532706963 -0.015008097413456368 0.4421094240248681 -0.17077962979130168 
-0.19410734978062935 0.3349883620068186 -0.3552025421476351 0.4176621867219788 0.011163740594804916 -0.2891602347165981 0.38646063481586224 -0.34322661476020555 -0.1736289417404304 -0.5969980835888322 0.052948769077453814 -0.24546788961365043 0.042522788187724245 0.2525171714703008 0.49449798218023716 
-0.035693744379934236 0.11307376985500195 0.21219309671264303 -0.052345982133332004 -0.019065890801574035 -0.4838044527793526 -0.09803910521708438 -0.275913061385721 0.08710704753296682 -0.17494846334741637 -0.06134409297606933 0.29848252121196023 -0.006196186169709126 -0.15618157703898522 -0.0322960941994945 
0.28301395834478493 
-0.318961228035395 
-0.2998163305212894 
-0.5606178965865941 
-0.10119920936938569 
-0.05928509824089404 
0.16570992253920558 
-0.46189303594341363 
-0.5344695907608579 
-0.6464901570461891 
-0.4074778295876616 
0.1576502599290224 
-0.05753064848204965 
-0.3006229943011307 
0.25411962949315126 
