30 15 15 15 1
-0.10915881948716352 0.21950860400606703 -0.29114780546991764 -0.2212151816720616 -0.18457281107067347 -0.19429413339732615 -0.26776640524323386 -0.0051377089266913725 -0.08924787023645679 -0.00591125117215231 -0.004752386104689279 0.29461095880308114 -0.17099080057542582 0.3439506611251724 -0.21755856655787467 
0.10200024022378683 -0.08880985434766842 0.020549356877380933 -0.2676795947347949 -0.18323513348680842 0.19832697174763034 0.4065466322967659 -0.16414578594270895 0.11537175413609992 0.3587654599253332 0.21928747441695623 -0.29917058040197625 -0.29415755893986234 -0.2478386184589732 0.30719888752507357 
-0.32435064499150407 -0.005543025789803781 0.26779078970687137 0.035366276177391624 0.13052991662843366 -0.28562772816551063 0.0655987103396192 0.2539083630885306 -0.29707147302845754 0.1671573866482703 0.40469051498722236 0.24928922298339296 -0.1831296142945312 0.20275715039928688 -0.3455873980669628 
-0.08676588467847764 0.5003606728728585 -0.1806354446310535 -0.37577199733843164 -0.4201352543986195 -0.5967547818160376 -0.14242846737874837 -0.0708700243703907 -0.17310998928305535 0.044688737532863614 -0.2490517603313664 0.2561232570211689 -0.05229731298420028 0.07848740341473072 0.025826400377680196 
-0.2435245465429276 0.05998375607862389 0.25900706620671127 -0.2722123862594059 -0.2991659835291312 -0.16491294098322773 0.15863523901928508 0.1139936794300101 0.26003697187185987 0.10690567383714986 0.3738840134949034 -0.034225569268540076 -0.1989112182528909 0.3012556410244269 -0.2296040775637617 
-0.20375676054224548 0.394408048238318 -0.2954247106830722 0.1253771264291287 0.07950083175530206 0.24291481190331965 -0.024238071580877363 0.30796688907929926 -0.10076688992392267 -0.20856715963859151 0.4511348199324581 -0.015963600971154627 0.4654185576110542 0.01787527512447232 0.11831500576771452 
-0.3142894279905825 0.5111986595121019 -0.13667562513423692 -0.18212432380392707 -0.31777365644629163 -0.432162480614365 0.07971374242066578 0.2253466844896074 -0.32020889746666975 0.1197349803383186 0.01877372085171305 0.2274935333133069 0.5535662026551756 -0.025187119620223377 0.10313007550994555 
0.030624649173578378 -0.3786399760339436 0.24351324078450484 0.20141231848507793 0.40538339503961035 -0.4542899518119343 -0.22174557751905932 0.24917406444081638 0.1181294650308306 -0.3852603130282361 0.2091355848516644 0.13516983903708973 0.2549068022669526 0.06001943765790225 -0.19656967818952725 
-0.2960522674745968 -0.3182960171577834 -0.42241499831758716 -0.07424749757264466 0.30701035648887476 0.05415027229191916 0.21266312619270825 0.11775049680744624 -0.22970406682127786 -0.13289103867952068 0.10905922546189463 0.31778027607792897 -0.14871610508971178 -0.3584056824188409 0.4001013157877774 
-0.1614975924523457 0.26327931907392876 -0.1487579423351364 0.09284616334413968 0.35990305897661634 0.025567904744058317 -0.08075117715790177 -0.36681767318872077 -0.2314926142381893 -0.2802798782995149 -0.24025564715712824 -0.035459600123384984 0.12806897370259773 -0.029841737617738454 -0.30074317562031994 
-0.2628034331368722 0.17382738836972475 -0.1639265954563698 -0.153751996579515 -0.09889414964055948 0.24199241002727057 -0.18809329088284663 0.02774940291012787 0.2835925551479234 0.2718631091438336 0.03228392250647889 -0.04975087323032539 0.08506159996389721 0.2985818224153664 -0.20644262614116302 
-0.29688711192112915 -0.3164103244214152 0.12686912291718233 -0.018575747984529208 -0.01696822194392261 -0.07401417078785524 0.15498664417217017 0.13107891176913541 -0.0712719261652741 0.04861737532425093 0.36341752491889434 0.27244985255150417 -0.005941664472375788 -0.11582505220725645 -0.2831633712370388 
0.0543935656057509 -0.16521858112940552 0.27164463936829536 -0.31618683732038505 -0.13183172609415952 0.15946038105525887 -0.3842550317063012 0.032910425576636884 0.014477946781502906 0.37665506806013477 -0.021077000671901682 -0.3454030181056429 0.33478623758276427 0.14876710960690445 0.35757444898477964 
0.26531484392605337 -0.24029067923560912 -0.3234355727127683 -0.0759294472000021 0.25749883782408384 0.18985858553866827 -0.1523545854688176 0.36405111261687817 0.07629486509736359 -0.11451928022217799 0.008938169772114356 0.20579353988549093 0.18754871418278501 0.2289179505669124 0.25054086334693054 
-0.062391109397787047 0.2139931392137665 -0.5116245541033342 -0.23886842249010917 -0.15139550586574016 0.026809818291257836 -0.24285741460088184 0.21276308166123603 0.19902873584937184 -0.2764267134935349 -0.3471900759416282 -0.1740328000582513 -0.37840543736584653 0.21948570930658667 0.0642653440437118 
0.2704959972548539 -0.19439923600130354 0.4110984225111525 0.18405801911866868 0.3608207041712493 0.06931434639009156 -0.031485105136935664 0.1782275029157214 -0.12886453289802446 -0.015487495225393156 0.19162172254708534 -0.3265925088526769 0.23274921911696828 -0.07687464858621612 0.19758215885534086 
-0.11073517071326042 0.22286983819823963 -0.0747238476033783 -0.238160209376634 0.3384665038575159 0.06655017284835726 -0.4454801844822357 -0.11997093632032152 0.10725572221093692 0.20210408635991434 -0.3429851615614163 0.35149455416470293 -0.13415997912628627 0.37656999461650975 0.27547897244373654 
0.1675440249103682 -0.11744960236761255 0.031206553908649164 -0.13483008757398154 0.07285736583643772 0.15094403992926445 0.23592860807149085 0.2603095427675261 0.11888998577008529 0.16798270075637126 -0.14914849060103086 0.2311121622622382 -0.028933301588273227 -0.022457548901144517 -0.16709587855006486 
-0.05842081490621038 -0.18690340094513158 0.12002646677718042 -0.03463449714163795 0.3706423770423184 0.1658953870693458 -0.12616535381901745 -0.019340710791427147 -0.10253391732022078 0.18428729220260576 0.4233306150602587 0.3686094606673893 0.10431915232658676 -0.354847973349231 -0.2590573993087311 
0.21649826722355484 0.09116069305612358 0.330431573654464 -0.10234225020469594 0.2341317683342455 -0.1779309909739409 0.21723478979601213 -0.08423477468931509 -0.04535041826857468 -0.14072265110184526 -0.4277600451118063 0.11191753553607191 -0.24116444304127155 0.3780723693665578 -0.45346881362329233 
0.18946597168007984 0.27205115344166403 0.07132403994533805 -0.003502534856133591 -0.2535100028632847 0.060332228340818354 -0.1264764787929184 -0.12587104844456973 0.054814016361553586 -0.11255711232859535 0.34635050093572284 0.27185944340613044 -0.15973616517785658 -0.229849295595896 -0.14258470670940293 
-0.00024313201655823833 0.1922760999474548 -0.17693118816019035 -0.15214944648601203 0.2144661123673566 -0.06548729716959648 0.06935642905149472 -0.16106758749044395 -0.2437572495619931 0.08106426702732267 -0.013411342220371393 -0.21173153839913486 0.06969721652398385 0.04754011126172106 0.19794570250711876 
-0.21684892131801092 0.06629921099345305 -0.1682943303560532 0.10558944702704164 0.2595284981070275 -0.13188126389041283 -0.22457733148844386 0.16326540572849507 0.21008366497425904 0.009653241743763093 0.38448669619972753 0.2489382966428468 0.09463852799591259 0.3909433250160807 -0.2037252759675831 
0.09032509497062913 0.1614202736651042 0.13676426065051506 0.07875357417338294 -0.3410064952479812 0.07406322941998711 0.015098977616044687 -0.27439449283989603 -0.1465521225655414 0.07879617036962297 0.007530003244136573 0.33237165582872813 0.07373012508691974 0.27743031271779645 0.3409188055936683 
-0.11993026981584608 -0.009036899956876523 0.2458338024863631 -0.10993404634836292 0.1454920044070053 -0.0762888228566633 0.18951861891830674 0.2837556936853528 0.015512306814938847 -0.22259775340485094 -0.24782051300084848 -0.04912627296647884 -0.20687322724750223 0.296224643393589 -0.4758434051005491 
-0.07949473123803945 0.025852971187178702 -5.239912164030371e-05 0.19113835532834958 -0.17734955787245554 -0.03425977075722084 0.11142657975235538 0.16334569861926188 -0.17960832437454574 -0.1523358445231826 -0.14339444530225526 0.00783015915607426 0.13512691259803483 -0.4135255222774675 0.23989978552005403 
-0.17458175791445302 0.07846149412383233 -0.13739725543310763 -0.18857374988256448 0.21532414174277745 0.2908075581135559 0.005580361369854198 0.05149696035000055 0.006525111832328854 0.02409055350603415 0.3777972022094024 0.13531918113608848 -0.28809195419750744 0.158278714854724 0.04532885243146612 
0.24818496284188932 -0.2791505374881368 -0.27000192863569106 -0.20912825832085763 -0.043671495842731216 -0.2801913737412242 0.08771042516242784 0.27591512496434134 0.1181186237916349 0.10007691938183756 -0.14911965291619014 0.3394578982880897 -0.09083972048761416 0.3082094047614675 0.04942139709703399 
-0.21755627264820798 -0.22179065040172002 -0.2331484365062396 -0.5015402084129857 -0.11703680174874298 -0.28713119151779093 -0.582083476455603 0.30757715178654543 -0.07087301008216787 0.1466663149461763 0.10968535173284014 0.1388048923205541 0.14688389064919163 0.060201373495677654 0.15672672610973695 
-0.05787245814056048 0.3124729992411605 -0.575775046050013 0.13843759758254393 -0.13181059111218071 0.13292899358939766 -0.37331008250684483 0.05758077211614828 -0.3068578163127113 0.34289861826618934 0.3422515888930549 0.28213043630018114 0.3545796229266484 -0.23621846675288408 -0.16417166298811967 
-0.1397819516506828 0.3561872097653036 -0.1984653791995971 0.009369377827021035 -0.1368477819392149 0.3107781532422013 -0.09770965928167961 -0.10064406864154297 0.051620158014988794 0.33291974128412777 -0.35676495281182996 0.21203395884196197 0.28009216908601 -0.35966561368866584 0.015854858975025674 
-0.12814845224736926 0.12959289691727385 0.1560497487231583 0.2594247561573967 -0.07104280206937681 0.18373233066089387 -0.1094584259707126 -0.5148168822938376 0.24402458049477038 -0.05914234649902973 -0.007447020220862024 0.5296262988218015 -0.12419597591349621 -0.1988111239384701 -0.1197183967476314 
0.327379128214145 0.4307513016990425 0.2430188099630959 0.47181967877767694 -0.20288169790566374 -0.3121500441317837 -0.27473997182279236 -0.1069117959880302 -0.38690243177017003 0.18241632639408437 -0.08528050358167538 0.43681961059422125 -0.19431732569038973 0.34865243494873027 -0.3429578909976862 
0.05384702167126876 -0.07451877290253991 -0.49389750423880363 -0.1670559029541642 0.11788110874461874 -0.001970105988571458 0.05057357921926392 -0.2025576285681035 -0.013076145124986683 0.4421635357510437 0.22190821918700165 0.16300303582982315 0.518797988506022 0.3634907547944235 0.05927482524250161 
-0.3555950644055808 -0.3938847924542159 -0.3389796168739094 -0.028454239618602398 -0.09108899278848619 0.3617554905747213 -0.4774504527727434 0.40753642545711 0.26916946412257176 0.3681092260081476 0.0769024569730838 0.2791805885688446 -0.02848070496220282 -0.365121313260843 -0.15405527884479453 
-0.005685520230028146 0.2732331481776457 -0.11267078694237406 -0.007980304145568655 -0.27283065704723497 -0.42019065907643 0.26396812263479275 -0.03309447015253407 0.2903708150030714 -0.25780210120363506 -0.14952318540727008 0.0010224143019162385 0.3074178276217425 0.036589020558931824 -0.2880631629700846 
-0.13833402660607702 0.02082704876510084 0.16483753513987107 0.31268426519908155 -0.278554172094875 -0.36313060622626553 0.03899617957442895 0.2875771165291139 -0.5000467356646346 0.1387229035602144 0.11980929958456085 0.22919588097697416 0.36287417978224595 0.18802381946003105 -0.3901429329321745 
-0.011182663289053409 0.23707904328490806 0.3868386120371728 0.21314011183883608 0.11032855976613205 0.05699244467584544 -0.27111375216144823 -0.042793976745387534 0.25916630618163383 -0.11793136580320472 0.2565111039374459 -0.1391155674706581 0.10707000844643623 -0.1277571831786199 0.20641138566210498 
-0.05241074665328606 0.21817678339868743 -0.13365543175760042 -0.23206187033504452 0.19917925332193687 -0.1412540894883574 0.1731012727352513 0.2012217264724026 -0.20484852757198527 -0.21350129390584485 -0.22521045384967048 -0.2576938508349513 -0.11664374191731444 -0.39666792633953996 -0.293750194500266 
0.12856605706619423 0.29563910660041803 -0.4748857234636521 -0.3469297108146043 -0.21850611618299806 0.4425970206816122 0.24151296707793712 0.09816434730847373 -0.17182485485784935 0.20874668574401758 -0.04686245599767043 0.33905050043503326 0.2620213740013406 -0.12702255525648948 -0.29974284104613463 
0.36230517183277994 -0.3645518946712526 -0.20510953100267124 -0.03935836706767517 -0.06974448747228079 -0.2657395913985666 0.2636552253748119 -0.35101567805061534 0.23603648529512364 0.37010755208301593 -0.21610832437193145 0.15824638199213673 0.13725170294639857 0.16875925494472266 0.005253300551544064 
-0.15122929356485193 0.14862280461601984 0.42361210029708196 -0.05152572811474996 0.1998291058044561 -0.3368443409292824 0.27541005650574485 -0.3218313045301525 0.008174574299272775 -0.0669106721533711 -0.3550570779181413 0.5226045713285141 -0.13037908829600758 0.04268644357833818 -0.06431618648252714 
-0.2771276977163225 -0.45968172296066384 -0.20119126363242917 0.1845434805654433 -0.22109087433004618 -0.11851192141848042 -0.36065349438599287 -0.05310375777002533 -0.1432549987592048 0.43643624414347276 -0.2650769139059465 0.2220727203907555 -0.6142981634759891 0.37240969733651513 -0.22649171661307824 
0.020084244560235057 0.12071982574583193 -0.21098346832533196 0.05294480937538111 -0.26502991449931107 0.29993291140402434 0.05766285186028307 -0.33611466671860646 0.3929664630223201 -0.3524677757744661 0.25601688065279676 0.25896357873485726 -0.1902140088775778 0.3019421524575971 0.15126910961188006 
0.3712541125699148 -0.23619956167723466 -0.3903940825651286 0.4821063087160316 0.2629364616394375 0.27506853436520984 -0.029450178258175256 0.17026557806988266 0.23904989673462182 -0.15185923811338387 0.1864571458480274 0.3326940214774276 0.07376220659645559 -0.07359053894926323 0.1634267565486374 
-0.0404198078103877 0.24619755535710092 -0.053430500801726136 -0.11332260602128658 0.12887341659617663 -0.2078217502468064 -0.02359572009541106 -0.13662200547131725 0.0927955594642654 0.2845727869766402 -0.03781320995869211 0.2123983590250069 -0.031057650583698988 0.11476996771279946 -0.2773778725634215 
-0.04856504858522523 0.2633706933442017 0.07690867913613965 0.1645606608584216 -0.023567281360697818 -0.02936875003135278 0.25767742243085967 -0.32764080998137096 -0.03242528172647491 0.3198275400370902 0.003186980647121593 -0.22867717671531085 0.23152133777860984 -0.20507999692014503 0.3785280515401806 
0.029042030832394847 0.29734772823720246 0.09091882380978475 0.22190066422732285 -0.45987146300631976 0.34266701973745173 -0.3198352950988926 -0.13106031085695408 0.28026652931410584 -0.5076600509950905 0.2366620381582606 0.27195191974940713 -0.10057037261639375 -0.2275280336874202 0.5084791128627003 
-0.0159174825129923 -0.3677762756152317 0.32421718479945966 0.2713778698621297 -0.04369114794398523 0.1596469210939432 -0.05914221988199756 0.13528477389705618 -0.2612603201206847 -0.1993645915396427 -0.2324810309311084 0.3535487038224257 -0.21937502610775766 -0.580639122959671 -0.10063318731779816 
-0.37012838667816345 0.1471337719818601 0.04671915140974626 0.20787620315967925 0.005076391347609696 0.2094667684658551 0.1445908472638564 0.20730620151901902 -0.09749586675452727 0.09220686546031731 -0.24004312021130303 -0.13129391882596808 -0.2788397881039501 -0.06646876230698738 -0.1962014710786614 
-0.06773505998056063 0.3586373088869906 -0.13242663686104134 0.36741754171103685 0.18325417746381042 -0.0383728682296898 0.2690433121338186 0.08738319468849694 -0.1843590141898988 0.3355331632836905 -0.048596555111483745 -0.10447059259045019 -0.12553025965269227 0.2465524097912048 -0.22459406276450222 
0.23080069786696022 -0.17208670107854404 0.031848229323552614 -0.01579247284238534 0.2558242482736258 0.36001770525041693 -0.23648419846400437 0.06203355919363292 0.44073776862419983 -0.052261954777875354 0.31845932737843374 -0.16376946830040295 0.06878094709294713 0.15731560354980495 -0.22143057850163955 
-0.37038612356448564 -0.13993985011885351 0.33260052588621136 -0.15157864256170714 0.20247700647961636 -0.30385638286850186 -0.1161351341401518 -0.2674190853686941 0.22765794725989638 0.16910143518401383 0.13908940538411155 -0.1833154150332236 0.12023622231665457 -0.23585048559920857 0.03552970016021058 
-0.09370667591897752 -0.1984021283579868 -0.3356493171135127 0.0665079767933096 0.12615219001393407 -0.016856749644001662 0.10883174357760388 -0.24769195172084776 -0.454270253537198 -0.07442634647465655 0.27812379954706623 -0.23681825666935613 -0.08121296699603454 -0.09349148813598457 0.1258362182544678 
-0.2542452366686903 -0.15508070346585554 -0.17682521477911245 0.25150243622118307 0.2684685464091266 -0.07157408253272823 0.07804749157393956 -0.2667422425773947 0.14075556105736603 -0.28927074881845805 0.2707337855154064 0.12633051558867706 0.07536376941381623 -0.3163437640783896 0.1715192596435921 
0.37065617959817493 0.3336520002696905 0.10641439075144511 -0.29412563243296797 0.08558892516325954 0.027166054631284985 -0.02256704013232045 -0.052190478932585646 0.06205146728718987 0.25048037289725106 0.18677513491621187 0.05762559079467107 0.3120083955939815 -0.36649614989903617 0.37444574014159854 
-0.3393290322214847 -0.3384522210592125 -0.056071843776237425 -0.36587135688471045 0.09279378751976666 -0.5262902359770527 -0.15948125379001735 -0.3329803706100689 0.08286160384601737 0.1068469832313903 -0.10122920056644664 -0.23353233408343924 0.14433572067206168 -0.09364602295566841 0.3623078807739055 
-0.00868331545625677 -0.04974768817051577 -0.35871202743501107 0.0743524001198304 -0.16734459091452225 -0.2006692291375829 -0.04790430962718579 -0.08585553742246384 0.014814947011492049 0.5174127897019486 -0.11184278923771025 0.20465935018305353 -0.016615662348850233 0.44204436983646017 -0.15482611822731493 
-0.1893507746086255 0.26178234776317505 -0.3468054156863016 0.31863982857267603 0.1122905228876956 -0.2562967244639705 0.37738899292156763 -0.33509060166711574 -0.18831976429799935 -0.5519943907202809 0.051613161967946304 -0.2395202100482111 0.033790589088045976 0.2134260260033617 0.535992872158451 
-0.03479052352776395 0.11091415493173006 0.2070138059260796 -0.03931613208829836 0.015964252261476897 -0.40271636628311575 -0.09558770150159322 -0.26927287996749344 0.029794826555409385 -0.1670158004880192 -0.04804872214215535 0.2913354278589362 -0.007061186020099106 -0.11127508276320477 0.04965848078440902 
0.27621370061604394 
-0.16653614474332049 
-0.2926394504689708 
-0.49586977497713364 
-0.17794812411079391 
0.08846546251662833 
0.16162430148188434 
-0.45123450940123655 
-0.46955394208966933 
-0.6520680604378674 
-0.4017350427296181 
0.1537566732641715 
-0.05638512942326914 
-0.31477053443665215 
0.24111110357130427 
