-0.28755003555942354
-0.002733316750276343
0.20738587692126007
0.4331791301608639
0.22656465231211662
0.24289299338283016
0.3273596499078915
0.0122234885652359
-0.21132372120438042
-0.28495254402847614
-0.19510110557118931
0.13894954658707026
-0.2145010074424872
-0.15379149625678765
0.3797599569968978
-0.44442937081938927
0.1914426768078853
0.3063152622141532
-0.23591236298166798
-0.36741257624193546
-0.2766607745241246
-0.19229319287215554
0.3391309996812743
0.07261818398338249
-0.2078613155271265
-0.34956019496549806
-0.07443128166837734
0.1114529653406536
-0.11496722772207509
0.030324556502251066
-0.3828040731648734
-0.1661258009751621
-0.4241789805725718
-0.23128706777412333
-0.09908355142152551
0.3754713319930781
-0.3493785428144052
0.15477262405063735
-0.058312680855383346
0.2117965694045709
-0.3310359785268059
-0.3727948951088305
-0.1577940034150644
0.296495302348065
-0.20649127610682375
0.6722725378382874
