-0.2615679433548166
0.018420623756478505
0.11483425750208066
0.38916003731598947
0.15561870058375432
0.21071142642106552
0.39565054107548664
-0.0399164894968471
-0.21171816891823317
-0.25986044073622644
-0.17101328348333475
0.21193353019746888
-0.17785611040140428
-0.17678983364697268
0.3570784405932961
-0.44442937081938927
0.24010593293591573
0.36405197040275045
-0.18162313980172673
-0.33919614207328447
-0.18645499879464913
-0.19302547563768171
0.38744023733475613
0.08902602798857799
-0.15959941585588017
-0.35097049854323764
-0.1463783239976999
0.10255020316559428
-0.11002014657226374
0.04859705360320618
-0.3828040731648734
-0.15578206139042244
-0.4241789805725718
-0.2511950082935327
-0.08218714275098193
0.334643298903053
-0.3493785428144052
0.15477262405063735
-0.05491302386670466
0.1937798415703758
-0.34350749046393253
-0.3727948951088305
-0.14545134553908518
0.2854042271688702
-0.22653401155395492
0.7033059032565534
