0.0026688129625880735
0.07486091544539268
-0.0009037237786734157
-0.21748520514803418
-0.06911972155168374
-0.10972196476591124
0.17304264371543557
0.10893859864463848
0.012971215591145882
0.10163070737976189
-0.0521821809915095
0.006667197159684627
-0.10218950484971702
-0.0723611693741395
-0.06792552168930889
-0.16679528329695906
0.12871229353765967
0.1606049699037028
-0.12431046782076766
-0.013791254235876581
0.13123236579522837
-0.08370780734830525
0.07541614936963198
-0.002412186604495151
-0.041607660962540094
0.12684606238349466
0.03846304807163989
-0.002790228470227451
0.2050954461714633
0.19094491059082902
-0.08641737847497998
-0.07984027193668783
0.07043345524413887
-0.04143829622729249
0.0783872833391614
0.0975594286549016
0.11640115058736454
-0.09258415105797363
0.22881399701927319
-0.010606252975540714
-0.1882156777027098
-0.13118732468387023
0.03459662001642538
0.016281747472445228
0.19566529605180813
0.13949821743145116
-0.01582410481778417
-0.0913312247675943
0.02396079309672424
-0.014735534548070587
0.03686806539584217
0.22269935427696436
0.20905191761950878
0.24155725563713923
-0.0539352910039033
0.0434625180126767
-0.03310830180446074
-0.189265731500929
0.14151218654346728
-0.14272763745727385
0.09501440487325308
0.155795348281036
-0.11032411986909926
0.011151284790287389
-0.030459897394063833
-0.2041196969823312
0.12423973450222009
0.14918573222696208
0.009679705531015503
0.13471410077484636
-0.2383206709654787
-0.1340247459119489
0.008454763648809465
0.05398638859617027
0.10806122567781039
0.05271504113873903
0.03375962583380601
0.08666508828034386
-0.15260732426468623
-0.16081870251244446
-0.11830172189517678
0.18862176781864248
0.07283492058731299
0.06883953928353635
-0.11163009892603404
-0.11687828430632152
0.04538716642417118
-0.12383811782693019
0.20290157836587458
0.15467538010651682
-0.22765290560431908
-0.12435506904559325
-0.01050737994930737
-0.11510930999828103
-0.12813685561546106
0.22153702100593783
-0.012437876434795728
0.15221732934189575
-0.06725717132541857
0.12963670365526492
-0.16864969001987215
0.08415759462743709
0.07354448071820988
-0.13224049497144683
-0.035652699914961346
0.002080952357702181
-0.08695911061944767
0.15583806296013294
0.21698029380299352
-0.021343052053626993
0.011875128015794862
0.01635468233332943
0.10545067496193106
0.02565990040214858
-0.0076162325397080635
-0.15492662987990027
-0.06830525176568336
0.20590863754104857
0.14314507184451628
0.2025461854955368
-0.2287296437792974
0.02740778119282639
0.01635897941812441
-0.21506700737574277
0.09894433802484227
0.09874713999904607
0.0674759127354493
0.15325186852597375
0.024340606258216466
0.18553047294100392
-0.09849167824711862
0.16519166346607067
-0.0655633638834478
0.17623360281093392
-0.039031601944486356
0.20276497406573246
-0.01904406622494585
0.1828354865692247
-0.24009969557168345
0.16898750019882242
-0.09993719814511073
0.09866960511082679
0.13712382630206085
0.17719292727713623
-0.08830488814844456
-0.02181247965359178
0.04078539105635672
0.027595499461063225
-0.2380914705016292
-0.05181817099203077
-0.10664553823633147
-0.09703374947188356
0.011700324604837517
0.02964345883032429
-0.08568970140951385
-0.08837543926078083
-0.050819909117822304
0.21145081552955267
0.22286195360362532
0.03658242672935621
0.23764395524579573
0.11144765810826242
-0.1267720553068147
-0.01870770959275723
-0.027126297860613793
0.0014957248601741825
-0.19109265759425373
0.1443245965322761
-0.12588384572139477
-0.14644606713624958
0.16842233923570737
0.10587494071775215
0.1603508279881249
0.10267934152401877
-0.22029389145519862
0.07184632327020606
0.07308679877274708
0.10586413421966613
-0.08596982372719285
-0.21916889332981737
0.01987868716600599
-0.24008182658098753
0.2258330455591385
-0.1558637649556472
0.025351009304186416
-0.13276986998173607
0.10040023663861875
0.14746317645182017
-0.14097468796315554
-0.14431745021754896
0.1200465972733087
0.11264889804491776
-0.008880172212933524
0.19084847372680586
0.14785087870238334
0.21235343206978763
-0.20737810146365354
0.0799218383011586
-0.088656178848349
-0.13969769446774624
0.1878130949853002
-0.003945818128985121
-0.18040569177876942
0.16790639284738354
-0.16760518333341942
0.033842868360002644
0.009359082058057407
0.14408642368864588
-0.009360737932460528
0.07858453612561903
0.16645944922014064
0.03904677937193882
0.010838868935321698
-0.08627486812986815
0.06742979592964012
-0.14068285487435386
-0.084102620439409
-0.08534621681534095
0.22660924107516847
0.10179774471543272
-0.06985240415873503
0.12456206526613774
0.0675662923208866
-0.1558165059428692
0.020461168652449777
0.12450536357770894
0.2149268390248089
-0.2071394365845396
0.11798845212661468
-0.15884903850178622
0.038441727332336695
0.03644815247120221
-0.20373065831180295
0.11647742564465122
-0.06529515466436213
0.23825184008868378
0.14930989559332455
-0.18670561626689572
-0.15438553527204635
-0.17401343416783194
-0.02489756019587176
0.14285106020690738
0.03684112676145619
-0.009402563952023501
-0.10369624118536681
-0.1957538514887609
-0.17899070072342246
-0.10954358247208762
-0.12002587653618127
-0.01233537538302147
0.058002132393671524
0.001566026749343333
-0.22159511918691707
-0.1317046268866323
-0.16804363088306867
0.173214039542027
