-0.0012713909261943086
0.0667298334787851
-0.011434053262268578
-0.22018765852836772
-0.07689745393681689
-0.10535835983181549
0.1787981475322666
0.10707654058367594
0.009269629184642093
0.10391137585935933
-0.04823458045750751
0.021082501303764205
-0.0698959506494396
-0.06290134070968816
-0.045536434592314406
-0.13176045261796593
0.13192313786728804
0.15514472576262237
-0.12369700993678184
-0.02814030498131295
0.1251925362463421
-0.09492208708584761
0.0937391631020164
-0.0037251960358247716
-0.048749623558690176
0.15615894508726583
0.010367340727492463
-0.011778895547126886
0.18199712761700423
0.19550208495187285
-0.08059371019466725
-0.10025129157991566
0.07325219472129421
-0.04304152532564609
0.07930034299943171
0.11101134936012222
0.12038917533964404
-0.07979807048454474
0.21880884376149623
-0.011485569945771537
-0.1691116858926989
-0.1287638828371522
0.023019450545857176
0.0020070944383833475
0.1880515338870948
0.1481274286048132
-0.011591631996704764
-0.12565952166053126
0.02756084836602443
-0.050518149265067626
0.03451532196020103
0.22205572983335561
0.2083763926227017
0.23636799599778155
-0.05388161882819957
0.02360815709765836
-0.041531666309239594
-0.17986588696669065
0.14252332459166692
-0.148871098705179
0.0903906117206827
0.15784206841201293
-0.11032411986909926
0.01876092404142702
-0.03617127101228085
-0.20241206338481718
0.11942205881521907
0.1556896595011538
-0.006954384204961656
0.130242708360611
-0.235669783284746
-0.14446844405697074
0.014152650033711687
0.04834500055961591
0.11137969336212653
0.054630437162601714
0.0334964131529609
0.13500903810970835
-0.15260732426468623
-0.15004009413235658
-0.11463431019062992
0.17119007538240655
0.06353150630265886
0.0729097068926754
-0.10418188133490408
-0.11687828430632152
0.05840263538119255
-0.1357230940009934
0.21414071368434798
0.13255865536009392
-0.2359781106983095
-0.1362428336967124
-0.009643037650233457
-0.11262060755453117
-0.11198278852177088
0.21453783736946413
-0.009884918424981995
0.16340163737353108
-0.07658695777057963
0.11815181621549384
-0.13854729871757793
0.0907020279780287
0.06975672519343125
-0.08708149794760137
-0.02152517199796634
-0.026434973390249448
-0.0751425962247005
0.15399725065670525
0.24950594332221412
0.022711878622102073
0.020148879441262518
0.017819832704257996
0.11507076480126134
-0.0025528096170185474
-0.013497754498067144
-0.14659399544014665
-0.08645509898210313
0.19163225270100664
0.1392348966500633
0.203049018462541
-0.23425580269725674
0.029177319639258233
-0.0015504943270904683
-0.22778244290909894
0.10391232745429343
0.0987803634268748
0.06574995528637673
0.17072127015225505
0.02050216185169037
0.18221957197218508
-0.09484872472011648
0.17355175731628733
-0.0655633638834478
0.09089819488550231
-0.0465153564882456
0.2003846701646372
-0.026893352673091196
0.18537820904570543
-0.24009969557168345
0.16231072353149614
-0.1109345519386733
0.09389857352269858
0.14507308209552705
0.1847618887100048
-0.07075753945225502
-0.005415103955195273
0.012039848792253038
0.029323404112034664
-0.2380914705016292
-0.06365784202275249
-0.10664553823633147
-0.09673646131840521
0.0015523206146871517
0.01323177645376811
-0.097853227105301
-0.09518174765576173
-0.042653623022277515
0.15842966659051402
0.22613261533352846
-0.0070789446142700664
0.22024306685029363
0.12067028909402565
-0.1267720553068147
-0.011492853580957219
-0.026321992759502037
0.0015629645795326003
-0.21394395879745856
0.1483236503827024
-0.12588384572139477
-0.14644606713624958
0.1702648102865395
0.10607162285595517
0.15428696217675397
0.1308814951301379
-0.22192987275820064
0.07130176375686922
-0.00601166628365153
0.10528359989221249
-0.047533944502874556
-0.2137758658900854
0.01828479148899519
-0.24008182658098753
0.22309271096799915
-0.15305833034602054
0.018180364702691833
-0.13276986998173607
0.10083748198213821
0.13702741329174473
-0.14097468796315554
-0.16058433083691312
0.12155122301315105
0.1459171840022981
0.03051195598281369
0.18382414413988096
0.14988686151387848
0.20301629661021786
-0.22560563867688793
0.06542118235913187
-0.09338232812489235
-0.14453818051903478
0.21645348729169442
-0.10526847177639938
-0.1857825397019551
0.16731432494916343
-0.16760518333341942
0.005757633750662592
0.011505910560352677
0.1463546616305286
0.007356983226332067
0.07452283438174513
0.16785261769030843
0.03191495263231165
0.004750058601845405
-0.08280322048868517
0.07352117625641152
-0.14741651583671334
-0.08362967429671683
-0.08176423804418972
0.22888925111518582
0.10304231454141932
-0.06985240415873503
0.1268876687927404
0.06454927019003541
-0.1635651688242472
0.05009990207437734
0.12540377689094004
0.21638646704168954
-0.19730174926442642
0.11517444190527966
-0.13948250054647168
0.038441727332336695
0.04022430667105077
-0.21758627149226023
0.11500130673373254
-0.06501364263111818
0.24037523367904767
0.15466623560078646
-0.18670561626689572
-0.14759572226405282
-0.17930510716373868
-0.029302154570671382
0.12534911424391926
0.04687996712558569
-0.013468987694725647
-0.11242665353336706
-0.1957538514887609
-0.17899070072342246
-0.09470842223065365
-0.10305164678447586
-0.012184313197616845
0.05766480548844204
-0.010076484028842557
-0.22159511918691707
-0.13581053659973982
-0.16804363088306867
0.17557512369324252
