-0.011341155066585945
0.06592048186800104
-0.003360713469629791
-0.1941340658491384
-0.08528201289874973
-0.11048318308179766
0.18300310224369679
0.10259460453556213
0.01707961228179895
0.09586288028230885
-0.05809341911814141
0.022297691391940627
-0.08606892787731982
-0.08450601572931177
-0.018368211933670203
-0.13597599161746401
0.12845727357850045
0.16007245705943146
-0.10829828223342232
-0.013102014336055203
0.13476018884481025
-0.09316948698898009
0.08790302626269487
0.003604403671142078
-0.05603363556029455
0.13517496301609438
0.033378895523028966
0.028672653783441516
0.20782406350762966
0.1823172618485407
-0.07093768490678015
-0.10007965040045635
0.0681923903598918
-0.051371590962262466
0.08934228702416422
0.10306440842132666
0.11548084351299712
-0.10295095048858716
0.2231080367469813
-0.007775489956301606
-0.1782731890126778
-0.12881555330856384
0.03715625917274405
0.012482141902298448
0.18873626792136883
0.14212066948366348
-0.007022187601138639
-0.09200504812033705
-0.028377155459307017
-0.014670999378426926
0.040185415598775136
0.22526778275960407
0.20657694216582573
0.24086567470295348
-0.04813702889708555
0.0381402475362681
-0.03666410028651335
-0.1819988069903375
0.15017913624558216
-0.14748880215636379
0.08261404751561705
0.15296286068553863
-0.11032411986909926
0.009362525343514663
-0.04177815823973354
-0.18856258627676853
0.11530935278300698
0.1574466121572479
-0.0008872900489931885
0.13143877322390576
-0.22991374771573878
-0.16662165231522605
0.002216479463593211
0.05520165895279331
0.10681445313643104
0.05434274605172931
0.030524993443289444
0.07941195280132032
-0.15260732426468623
-0.15918527313068143
-0.11740463410278777
0.18984830833602148
0.06521832701919344
0.07294733139375971
-0.13669252150622438
-0.11790372957552311
0.051037065324640606
-0.13071187667958792
0.2011534401363348
0.1531516020207076
-0.23966998641257609
-0.12983254131939767
-0.013073671117403977
-0.11068927533274206
-0.132155991816974
0.22058348530090613
-0.008019319201774427
0.16237481166132742
-0.07442188861144639
0.11993222722800091
-0.11560890736816341
0.08852151630879912
0.07849666432262715
-0.12889641731996973
-0.03781293752769642
-0.014647285816530582
-0.11025740362663577
0.14985393210242284
0.20459007998979098
0.00683047637600011
0.022949005607901595
0.016095210392091844
0.10100935781816577
0.01664858426668404
-0.010158302546194204
-0.15763100906576252
-0.10848466939044314
0.19884368871710287
0.1427157458419842
0.20630455262305075
-0.2286985768066733
0.038858290446185
0.014780850789424697
-0.22760614381021255
0.1379846355102712
0.0976904460069744
0.060510494092864256
0.17386357984822712
0.01374563514774978
0.18556421786992575
-0.10808460898015528
0.15859283646558686
-0.0655633638834478
0.12793224642868184
-0.04350671549497302
0.19764764337879506
-0.0139438005291731
0.1774767208194975
-0.24009969557168345
0.1676012651064014
-0.10185462032080558
0.09402878023944472
0.13569958194210519
0.17208693254930688
-0.1022972149351462
-0.013383413654966812
0.03708053835669041
0.03223614941303337
-0.2380914705016292
-0.0605187714025484
-0.10664553823633147
-0.05073695258261306
0.004065593517843275
0.02369644354140129
-0.09191350103525486
-0.09371490416615746
-0.05309864899103812
0.1496106907190234
0.21688742812454545
0.01160811694385415
0.23096923872403805
0.11271761786501286
-0.1267720553068147
-0.02694300815136368
-0.02886082097298851
0.0012587386346014455
-0.18638362447365295
0.14210749725376115
-0.12588384572139477
-0.14644606713624958
0.16130107800870802
0.10592754358353323
0.1623942307472173
0.09290972788944951
-0.22038491739930813
0.06501253283350937
-0.010979419713255431
0.1048302418192427
-0.05466340661757645
-0.2134113740985314
0.016512636071946942
-0.24008182658098753
0.22899436134875512
-0.1777732274187593
0.021554131082609753
-0.11908572195727556
0.09591400982467238
0.15282493436919625
-0.14097468796315554
-0.15054368241410687
0.11604842226173388
0.12495992974781249
0.008235912712243726
0.19097047168496517
0.14825483506122936
0.2091920629633908
-0.20506804695068226
0.07682097261643446
-0.09306985230699936
-0.13520800237746633
0.15872933566214656
-0.011272153563518973
-0.18040569177876942
0.16947825000074626
-0.16760518333341942
0.04234726753072591
0.009595795224008623
0.14119222714189728
-0.013746848202809815
0.081289455943153
0.16165208995097846
0.01961948509459613
0.006191964629786941
-0.089529071007814
0.0674215751722938
-0.13439559304952775
-0.07837940338326019
-0.08044905584849571
0.22373398615240986
0.10121401046350517
-0.06985240415873503
0.12173416997953328
0.051150330145319785
-0.15208608203492446
0.011165242367608082
0.11916378576265957
0.2105802565294767
-0.2116469817698424
0.11780065154016528
-0.1441766954020782
0.038441727332336695
0.03221442024268365
-0.206308060476561
0.11311920149401648
-0.07576016158989927
0.2351224674122647
0.14372800874132916
-0.18670561626689572
-0.1548768273431793
-0.18238248710944124
-0.01981769107148104
0.1573710420188643
0.03705315426664887
-0.011188664446998004
-0.10539538790625783
-0.1957538514887609
-0.17899070072342246
-0.11047417803779473
-0.12204452578877108
-0.010009791666099202
0.0539197450064141
0.0017514782344711982
-0.22159511918691707
-0.1317046268866323
-0.16804363088306867
0.1704721552032322
