-0.022040162473569765
0.06082515740828045
0.0022057854446768826
-0.20236585342319344
-0.08084360535700123
-0.10694869854187238
0.17477656050086862
0.11300893293020507
0.015649253697532346
0.09878503136113462
-0.07666531662508072
0.01954800335211874
-0.0930666086929898
-0.05771764138243575
-0.04529899170006975
-0.15345122296033728
0.13445224637960726
0.16641146043949068
-0.11009663303078926
-0.027147266310679916
0.13566821918522395
-0.08747743866839586
0.07696158849129646
0.0018376611422249408
-0.05455914440502934
0.12262854238169628
-0.005356267603824724
-0.003930729140874362
0.21259472843414165
0.20992265972637544
-0.09841154686624029
-0.09048125295439112
0.07272174659411158
-0.050120339732556675
0.0892713916388637
0.11017115518753216
0.12097526772409266
-0.10338970758848652
0.22149693720434613
-0.008756824571823646
-0.17050117428172562
-0.12675332593575908
0.034007782886895384
0.015497103570283785
0.18539169404271663
0.14784038921723636
-0.017773800407378918
-0.11527981125717497
0.03412016856341912
-0.04117701603615887
0.03348380516954168
0.22327187154583117
0.20506269081583103
0.23224906833347603
-0.05489285805454601
0.03665221871025959
-0.03440210272979443
-0.19764209120073128
0.13684225606922848
-0.16325786258816746
0.08361415112276635
0.15297666540373056
-0.11032411986909926
0.015205805397584761
-0.036639040090195515
-0.21696299431096527
0.1082951753867633
0.14839497637296792
0.014028482542068423
0.13494751830576968
-0.24147536815291523
-0.15549619954852772
0.0008843542780519107
0.05847281089438322
0.11052361086256265
0.04720201077528937
0.03209766691088761
0.08957337125367239
-0.15260732426468623
-0.15731795345818075
-0.1014076754359336
0.155906742685836
0.05869875180508558
0.07593290562604808
-0.10894411728093986
-0.11687828430632152
0.04773457904466772
-0.123086647358302
0.15829994895934177
0.1189393094118705
-0.21450219426041642
-0.1304633786948198
-0.015245522604519703
-0.11238384134162252
-0.1133038347088346
0.2186443426135341
-0.021884708438362876
0.1522877203328348
-0.07662176081676239
0.12298022768024251
-0.11411120476954056
0.08948047342243375
0.0798266671244988
-0.13010747867074307
-0.0024445016566905686
0.0094741902902438
-0.07770637244649357
0.1470856440670378
0.21569718968068416
-0.02444881358459308
0.012717990384238927
0.008530842370949988
0.08716630906121364
0.001189950570175062
-0.014980319138092413
-0.1550395184596856
-0.07546809573310106
0.19948161685208127
0.13819579411778282
0.21054000462552794
-0.23077178242433746
0.0381548310528377
0.0024750530717940608
-0.2126237466596129
0.10157741376532199
0.09688435867675166
0.06048194548694464
0.17913071011006254
0.026923008232782753
0.1826482206520942
-0.12187649191276431
0.17073394993914665
-0.0655633638834478
0.18421394931863666
-0.04368104707920681
0.19984848304672415
0.0001109288798622713
0.17736382410395263
-0.24009969557168345
0.1657234847431488
-0.10408489069345317
0.09763202894072256
0.14560749645594406
0.17231493371943174
-0.08631561080157296
-0.010414213108958294
0.026752297877569355
0.03225259926817873
-0.2380914705016292
-0.05796391173312573
-0.10664553823633147
-0.08709171054583055
-0.013236063760814742
0.028677082433818536
-0.08327756205510241
-0.08940118093388799
-0.046789879465015775
0.1991693325541108
0.22150750769715433
0.004440660543527968
0.23043636144925997
0.11235867257943337
-0.1267720553068147
-0.01270455145896666
-0.03085263715357303
-0.0042180343405954
-0.21783017754346687
0.14066740498003755
-0.12588384572139477
-0.14644606713624958
0.1663860080181897
0.10938642582329089
0.15714940022971205
0.11376774000882746
-0.2203108772269263
0.0701769774544422
0.0022809938413517633
0.10437266434653193
-0.08174829638116124
-0.21580700018888493
0.01048921146152863
-0.24008182658098753
0.22056649320740399
-0.17374602419588614
0.025251962966374223
-0.13276986998173607
0.10289111563397237
0.13929016396632654
-0.14097468796315554
-0.14739820047904825
0.10605080651204878
0.1353658522859878
0.016729646784948465
0.19227911204622938
0.15016797705344917
0.21647397659751688
-0.22792092190982163
0.07324035255217842
-0.08552143651681848
-0.1422553224029751
0.17349575037500561
-0.05793544601974068
-0.18040569177876942
0.1700681760803568
-0.16760518333341942
0.04643678367326912
0.014171043582776337
0.1423182840145813
-0.011566538121621998
0.07944614137379552
0.15802454337278599
0.04849758902406639
0.0054683845253423275
-0.08838684822161956
0.06748842037121977
-0.14515887839508362
-0.08410300145606617
-0.08044905584849571
0.22485023125383702
0.1001542474762718
-0.06985240415873503
0.12285886070899721
0.048989078976053466
-0.16434980617573178
0.028105530854570838
0.11862360982386877
0.21224445614607249
-0.22052758365971054
0.11779381877405927
-0.157061063278969
0.038441727332336695
0.03987700978015059
-0.1792211320164225
0.11567297580545016
-0.0738245148000261
0.23634714718212335
0.15024602157162403
-0.18670561626689572
-0.14781424969633444
-0.18484247248538926
-0.014202530841771923
0.13673238401275092
0.03795461390468188
-0.010888060497005076
-0.10598919097829135
-0.1957538514887609
-0.17899070072342246
-0.09847564535040777
-0.11928245389278963
-0.0062121162231299765
0.05520231179276392
-0.004891346645167948
-0.22159511918691707
-0.1317046268866323
-0.16804363088306867
0.17154907432970495
