-0.0009778333842823778
0.05709914349099341
0.0016532719468568438
-0.19137753293716084
-0.07622163273881366
-0.10266772857093727
0.18110585644075147
0.11087921971812827
0.003960986139464174
0.10790795023884119
-0.053182895099815566
-0.0025311535734827296
-0.09257585153297673
-0.0731798721136304
-0.023857799414542972
-0.15923045752248188
0.1329725137364808
0.1595764847473063
-0.11552011325709279
-0.019623181414252053
0.13162491632928214
-0.10162925750907634
0.0044907916938832755
-0.008362995846560419
-0.030269819423305457
0.11435982808091255
0.03979016177527705
0.003387956354257543
0.22263667821828842
0.18926056460942178
-0.09963676371261089
-0.09343574671734468
0.08135459638371986
-0.0414661597552345
0.08815251307215241
0.10252957766817122
0.1185463707442878
-0.08317084620716349
0.22622304214083544
-0.004232028930062255
-0.15897743204675768
-0.12050010547240106
0.03405435662023813
0.004351152829112291
0.19163902370851135
0.14591626657425003
-0.02570622423634983
-0.11841633687917313
0.01154621602914988
-0.021814001899931598
0.04468541799200034
0.2237871129325372
0.21505573128206498
0.2431028767102929
-0.05535153046226112
0.03101463602142265
-0.03341489544220279
-0.1832713433692478
0.14306328412748823
-0.14493938068597637
0.09406607452332263
0.154944664621487
-0.11032411986909926
0.012922148782434667
-0.0751859477593133
-0.19675539884578572
0.12259259864554177
0.15828488041565514
-0.0017910859239705448
0.13300960842986614
-0.23004847490522637
-0.16130085772115343
0.019787772735661412
0.06126855121411709
0.11237946498826204
0.05533018994610031
0.03834263472689786
0.05489992526465155
-0.15260732426468623
-0.15248832091668485
-0.11450740952088534
0.18682980228409088
0.0661854902271749
0.06860108595677317
-0.11000173299447641
-0.11687828430632152
0.05838095121488737
-0.13228489338808264
0.20342658838106897
0.15075920503865242
-0.23633024976679998
-0.13449561383686603
-0.027077498529063514
-0.1108722217078683
-0.1097117693669901
0.21370209492245895
-0.07661341155773752
0.17292850448632616
-0.07016415076322323
0.12142583089934728
-0.12368631416531789
0.09189720505592971
0.07362319037383877
-0.13916437163532794
-0.02947452893666016
3.0272265621714725e-05
-0.0651396036621926
0.1465156600360863
0.2209963942338475
0.002291196819157657
0.011725548285258453
0.026618284463056276
0.11907883650645867
0.0033527293138112904
-0.013445505074929347
-0.14598970978962025
-0.11255745884527987
0.19566721308255164
0.14824408929632774
0.19882715626629563
-0.22842362514145045
0.028500208274193972
-0.0020107305373626093
-0.2278709101073311
0.080474632433735
0.10223696757989975
0.06704789083727306
0.16812001495042958
0.026302163674302402
0.18385700607091626
-0.09910998512042266
0.16803463662226012
-0.0655633638834478
0.13980542007717792
-0.04143089484453131
0.20582376938202493
-0.02106735635626685
0.179576113474831
-0.24009969557168345
0.16951135099273992
-0.0911632758663363
0.09623333314549394
0.15272176435660134
0.1861268265939801
-0.08908665920733085
-0.006144405754958078
0.016134245136789287
0.030233503936303054
-0.2380914705016292
-0.06034569929460839
-0.10664553823633147
-0.09703374947188356
0.008418309401994891
0.026433193404552704
-0.08398461106079975
-0.09720085137070861
-0.03691470904258273
0.17522794159812635
0.22895068403701244
0.007095103881829417
0.24845112315817905
0.1119005753546032
-0.1267720553068147
-0.02625931761529102
-0.027853937569335345
0.02386384831872621
-0.17433214223198834
0.15169564451359804
-0.12588384572139477
-0.14644606713624958
0.16462507090098583
0.11091084967702348
0.15251226066986823
0.09885192317245792
-0.2203467634629053
0.0715902528320551
-0.021775253297330963
0.1059561023077996
-0.07094384538704614
-0.19969306304864698
0.01612235313645091
-0.24008182658098753
0.22435372868188022
-0.16028454047717558
0.015664536635244645
-0.13276986998173607
0.09725547176588938
0.14470763046725907
-0.14097468796315554
-0.1532972992504498
0.12446067559614386
0.1475520669951904
0.04455621564101512
0.18530480688955578
0.1529937930427339
0.205562743945856
-0.21292184659799637
0.06810952449138334
-0.08981319302600933
-0.14662115879840537
0.17331606330532578
-0.05475248356491575
-0.18040569177876942
0.1692652936372951
-0.16760518333341942
-0.002795257588993039
0.01372015691418925
0.1465932181641876
-0.009671409031288745
0.07636927766375966
0.1724265467436765
0.05442170757805851
0.01763358274574647
-0.08496335815400284
0.06757703888891746
-0.1470237788031675
-0.08410300145606617
-0.08044905584849571
0.22910403818425498
0.10092592433438201
-0.06985240415873503
0.1271560331362617
0.04979643504727043
-0.16424467503495666
0.05840107010152844
0.12798796009245092
0.2179472456958305
-0.22918623081654133
0.11793058331621681
-0.154839538190627
0.038441727332336695
0.03994531869166094
-0.21236252971259778
0.11982688127377583
-0.07717830602196735
0.24093695793174486
0.15709578578031066
-0.18670561626689572
-0.1391342358589363
-0.17750986209376013
-0.02717576293016441
0.14424117055944427
0.04187242806777156
-0.008508666215014962
-0.10510232873170364
-0.1957538514887609
-0.17899070072342246
-0.10762706202840985
-0.10348101296823252
-0.009801314932314764
0.05714516733690615
-0.004047003079457166
-0.22159511918691707
-0.1313332219134858
-0.16804363088306867
0.1756221723890552
