-0.007160658023051961
0.07405375656335243
-0.002145093780166643
-0.21828144901881946
-0.084469001180476
-0.09902952908706215
0.17537743438366585
0.11427026747870811
0.01114536941601278
0.10081100571604558
-0.07368490221053715
0.017045416277387815
-0.0784771693752343
-0.07009286541428447
-0.030427656218532516
-0.15053182994320924
0.13615538802416016
0.16566523336875988
-0.13943292958606174
-0.012860658277744078
0.13041131955742427
-0.08668800869998164
0.03359380235726294
-0.0019600419848145472
-0.042136074486666245
0.13763839836077582
0.007277877624985736
0.02384229828913506
0.19572634412436782
0.18352965111991917
-0.07563729286886484
-0.08655259245533276
0.07720450906243123
-0.05529763622183107
0.08322685845011864
0.12367814604403254
0.11273806585965196
-0.09372198198888197
0.22364163267594306
-0.012879187330945905
-0.1778933814892014
-0.13160221586990523
0.030436331196072558
0.009049963589196672
0.17855239445916413
0.14332574416448593
-0.027182556295174597
-0.08998083917463448
0.024679448047227083
-0.0672711160033274
0.04893732491159116
0.22211585901905745
0.19947419868460223
0.23976781677556322
-0.05997709210998964
0.04141618834356446
-0.024870323080774404
-0.1833737276108114
0.14799821600336557
-0.14680038070715562
0.09676694150207597
0.15710999118958363
-0.11032411986909926
0.027899344875546173
-0.03419783485400429
-0.21001686980183737
0.12378133605791306
0.1451534554216141
-0.01704296609890785
0.13074830032006002
-0.23727698085967183
-0.14285030074178504
0.023989595866218755
0.05695876200758368
0.11130734815649265
0.04842293424749201
0.03664337025018318
0.08782226329230175
-0.15260732426468623
-0.15174119878148104
-0.1289343124141836
0.1771802944559401
0.06391743560920314
0.07497201491601221
-0.11946160535781056
-0.11687828430632152
0.06042557999569265
-0.1293383994780654
0.1997815836068102
0.14995647144705096
-0.22484709549641452
-0.13017825890945822
-0.015730812335544565
-0.10561834630500097
-0.13048495968770588
0.21523571705969868
0.0010855995145098059
0.1537621838517268
-0.07322075907827642
0.12873296329105785
-0.11974227829938616
0.08629889063170255
0.06799150870335594
-0.13185941806971085
-0.03590719321603118
0.002143481049213448
-0.08554004191524343
0.15032870797511266
0.21112882051665383
0.006110597670630896
0.016611250383209
0.016453594637428407
0.11057765870806409
0.04395595902512853
-0.00946579037368999
-0.14819482168708478
-0.10240585054889592
0.20676022524824866
0.1430880596525575
0.20830890524850143
-0.2257662093006225
0.02902187569501541
0.01675267242046843
-0.1994631210426874
0.0997441522167605
0.09591059588218878
0.0566974611613692
0.1753052714727503
0.025515225860767096
0.18850567768141574
-0.1020552370746908
0.17314256320978497
-0.0655633638834478
0.13657505222086774
-0.014098374942048117
0.19683949160600678
-0.010304424161780757
0.1723199676081073
-0.24009969557168345
0.16978394027884702
-0.10327788402431366
0.1032913178214495
0.14250739052356315
0.1726085861547809
-0.08255596203568591
-0.017232852069101138
0.029651262756304954
0.027202229832463187
-0.2380914705016292
-0.05638083616605391
-0.10664553823633147
-0.08407779350837685
0.015691622854358465
0.018339632240264216
-0.0901435861988411
-0.08966163617234292
-0.04286986346022823
0.09618644453684143
0.22246903328161918
0.01287197121814304
0.23510611624153505
0.11745106745761141
-0.1267720553068147
-0.02367689793946174
-0.030537525575084105
-0.0019190635429793318
-0.197656498535047
0.14751933361352815
-0.12588384572139477
-0.14644606713624958
0.16611370201776748
0.10284368109321326
0.164103048767711
0.10076774469116045
-0.22113107420559805
0.06775086461449066
-0.011139667119803492
0.10869935713337156
-0.0855219330678666
-0.2137758658900854
0.007010228717802484
-0.24008182658098753
0.22542294766936458
-0.1645444124486944
0.02030219122676248
-0.13276986998173607
0.08311019850671879
0.13739205376365748
-0.14097468796315554
-0.1474913032663725
0.09480981991582674
0.11549527427852448
0.008046367523844525
0.1884272469402479
0.149981253011941
0.22232652605661118
-0.22792092190982163
0.07606879067821172
-0.09142623320542251
-0.1518901225363454
0.19501169253738002
-0.07742661724360095
-0.18040569177876942
0.16532110569082803
-0.17354598765324264
-0.005670690830816182
0.01427602507356014
0.14711728941893185
-0.010140653476960962
0.07491761705701137
0.15359416734243062
0.03689490726615784
0.011053818712690984
-0.08979347632707964
0.06734279763323785
-0.14539572353896105
-0.08362967502060763
-0.08044905584849571
0.22965456620527983
0.10632848741763004
-0.06985240415873503
0.1276810896463788
0.0550186400135315
-0.16966790316256053
0.05306317058125684
0.11683387207980897
0.21673134128924376
-0.211267035500694
0.11770871730697498
-0.15076692034621397
0.038441727332336695
0.039991016707187035
-0.21411493156311953
0.11612489469401002
-0.056073711538226385
0.24113035443952582
0.14772112024914463
-0.18670561626689572
-0.1345003832619797
-0.17355936510642186
-0.040650674544448887
0.13261075966121022
0.042593490234553145
-0.005372358151517963
-0.10053702796748809
-0.1957538514887609
-0.17899070072342246
-0.1109524638590292
-0.12182521142361076
-0.015128077859690402
0.05384056995322958
0.00090770585819296
-0.22159511918691707
-0.1317046268866323
-0.16804363088306867
0.17636955097453802
