-0.006501161068271352
0.06791553943012509
-0.002462876042099122
-0.1668840398961472
-0.06959713623956337
-0.08735034967117714
0.16678463636797364
0.11594790537505373
0.009468219381191188
0.09930344124264218
-0.050714913636528226
0.019701228385119996
-0.0886070558121564
-0.06132822205477012
-0.03192100751486053
-0.16023218012425827
0.12249929339196534
0.15038030228492277
-0.13730213542376937
-0.007608640839253224
0.13604598801716145
-0.08595788196620716
0.03970286500040861
0.008422020988619045
-0.04971370952249662
0.12618820770852363
0.016339876728493765
-0.0013998809142899305
0.19697742266353047
0.17820575891946644
-0.10034233857842806
-0.12965411219880163
0.07724702132678393
-0.04579398200869899
0.08171310600152162
0.10081299142518672
0.10981611787398915
-0.09351583967323887
0.220841527793419
-0.019421446878894418
-0.1984419316893047
-0.13468666043685834
0.032184516710036394
-0.030941944023838267
0.18804329078641857
0.1433266112770834
-0.016712833922128745
-0.11021811252259968
0.0014464676424144588
-0.012895949494260279
0.04667551380743383
0.22134736866926505
0.20439345896355537
0.24739477330001253
-0.053868196447774366
0.03474426447615109
-0.03422273327507861
-0.182263204663573
0.14013489998732986
-0.14745914686897627
0.08749435881335141
0.1524912010158463
-0.11032411986909926
0.004354052886184539
-0.02946786492888527
-0.2170673873273212
0.11207078089764907
0.10596560107769917
0.009957668174646994
0.1422777122504831
-0.2300682333322994
-0.1660855746573524
0.003226235754963185
0.05490992660138083
0.11016730872215433
0.04984826587877604
0.029844545295971865
0.08073547627085456
-0.15260732426468623
-0.14404055153533307
-0.1054147720402643
0.17272697168503523
0.059520374039880364
0.068869631644633
-0.1307392968685191
-0.11687828430632152
0.052518300135109525
-0.12752664737740418
0.1894742297237473
0.09058026525495957
-0.1900043356037832
-0.1307229531394237
-0.011916625229480558
-0.10709780296465446
-0.12803153975073195
0.22431019937936594
-0.002022326831781649
0.14340973291150325
-0.07380612743073
0.12367189033877823
-0.11283649321750586
0.09000675738746804
0.07905294807382428
-0.13586435599952032
-0.01628359063699678
0.00151580654118882
-0.11125534847522121
0.15575597516935796
0.2153915606980328
0.010220654228739887
0.01343856560542266
0.010065177907702692
0.10831917143841994
0.011884928124834998
-0.008762985843216685
-0.14535719237200026
-0.10844882129413436
0.19839776109349572
0.14519441685198545
0.20718971032004474
-0.22146393438274262
0.02372509646441842
0.018280523627090626
-0.2210943850991138
0.10275868355914695
0.10429849731714368
0.06223709885880882
0.1774122064369455
0.030940273457716435
0.184287905311686
-0.10478262082501058
0.16781398232789108
-0.0655633638834478
0.19047256012835267
-0.044924375076675384
0.19806165550693705
0.005910363005378247
0.18010156468002686
-0.24009969557168345
0.16968757337957946
-0.10454717806755232
0.10445997333717409
0.13662579574440878
0.17502923715000585
-0.11896891211457143
-0.025758109238189164
0.037029418913123203
0.0692548343251885
-0.2380914705016292
-0.05984722664871742
-0.10989611172052643
-0.08685194967424616
-0.013636862680088731
0.023877635054805776
-0.092560475784305
-0.08386141649898475
-0.04888696100263051
0.1805808096437607
0.22051621461546458
0.012327397372401747
0.23028222401984064
0.11204687618867065
-0.1267720553068147
-0.01805426243799083
-0.03246685097216328
0.004988906230119871
-0.2141763249807864
0.1483742516962553
-0.12588384572139477
-0.14644606713624958
0.1602158199212124
0.10568856173785034
0.1605204390829597
0.10858793498638084
-0.22008654835665176
0.0690340471419493
0.06770829477724906
0.10388230788804871
-0.062434353637309294
-0.2137758658900854
0.006175246607026443
-0.24008182658098753
0.21788101267716445
-0.14312672102095553
0.02217197616311817
-0.13276986998173607
0.09180611448278914
0.14660976349664284
-0.14097468796315554
-0.14874533786234453
0.10095050899791932
0.13653624173769816
0.016137856969020908
0.19602708637676505
0.15267762886276542
0.2131148872082332
-0.22362582988976998
0.08463006039012808
-0.08533062189078677
-0.13937969360838068
0.18669693139082214
0.011433797965013936
-0.18040569177876942
0.1754730409813234
-0.16760518333341942
0.030648506101216166
0.012400975293453338
0.1533932411865601
-0.0052253723564370975
0.06864476929872362
0.15811566354514986
0.04157949099943268
0.006369924940260353
-0.08646346241470206
0.0672913086724419
-0.13991126018023967
-0.08410670966474751
-0.08044905584849571
0.23593539354946244
0.10622017581993438
-0.06985240415873503
0.13400713598609507
0.053733164169573015
-0.15539558306433135
0.0155082463192172
0.12972626301130902
0.2234643617543605
-0.19968897272836136
0.11789476921045901
-0.1605733721105299
0.038441727332336695
0.029765812553082176
-0.17898104908704554
0.1152244799871653
-0.08995599929068973
0.24733988522506417
0.1608228892848917
-0.18670561626689572
-0.13625188636592156
-0.1746659748828288
-0.025809096221238528
0.14012684898124242
0.03875726992260906
-0.009322310732624685
-0.10016388146523819
-0.1957538514887609
-0.17899070072342246
-0.10118597305891905
-0.11574611147013418
-0.009589518050147395
0.06490898247112906
-0.0018484604706098255
-0.22159511918691707
-0.1317046268866323
-0.16804363088306867
0.18270612948515036
