-0.008181787077342113
0.07126149323160628
-0.00378016345093164
-0.21718704175203973
-0.06554944312317514
-0.10655292594272567
0.16628760189220956
0.10787378578942287
0.013455564294266925
0.09820099362807158
-0.049421777302719044
0.020412995374625303
-0.09160077051837517
-0.07435458031359486
-0.01984515802950466
-0.17709247513615636
0.13088506128783337
0.1591143746723725
-0.12551145934047409
-0.003563510414533029
0.12984790976261915
-0.08905984328669893
0.0219509743452983
0.00365097574002814
-0.039825762741324794
0.1340859294325847
0.055776963508760186
-0.025558817939453467
0.21364469702042954
0.18092829520847212
-0.07436465402591735
-0.09506415921070387
0.06967630167959253
-0.05357004785680854
0.08119520100586183
0.09194621922626647
0.11325742433721282
-0.1008968274318792
0.2187059012900349
-0.015206640930821523
-0.17987958902991197
-0.1329719786800858
0.04109342056699354
-0.014290212970608443
0.1875034309812534
0.1435736575365969
-0.010815671630171025
-0.08233003167598234
0.03805162800004387
-0.023210633009528216
0.02203926004507596
0.2256110250773889
0.20141772221224397
0.23683463040589403
-0.04909654659864387
0.026942737289274127
-0.037850357094157586
-0.18287948940224016
0.1104716384484141
-0.1443278999604838
0.0872071805434265
0.15305753526531496
-0.11032411986909926
0.009820868587939582
-0.025740671696677857
-0.21191641835829247
0.12327520406202859
0.1512304252908888
0.006755220217331506
0.13564729699538886
-0.2372394065679897
-0.16954040216280422
-0.003849507448893121
0.056338898256188805
0.0998399689567923
0.04966255426095749
0.03402559420119586
0.08720856680595343
-0.15260732426468623
-0.14951810549609312
-0.11984672099129053
0.164349738882756
0.06990331487784948
0.07037219649123806
-0.12241174552341469
-0.11212456803686449
0.0529443337437078
-0.13452932589868363
0.20105952104216607
0.14462270975416044
-0.23718617082697876
-0.12170417295186939
-0.005731475910681952
-0.10724575002512335
-0.11782761507898094
0.21654162091423576
-0.06524561255463435
0.1538125225160846
-0.07387677808480135
0.12126698839166378
-0.16078030080624917
0.08888270581387654
0.07611576264488454
-0.11311687465738056
-0.008029691229246246
-0.006692124105929461
-0.08774755298308726
0.15124340757312918
0.21740702632263575
-0.028903051526890947
0.014181005526218165
0.003624739332475917
0.11365226385618456
-0.006531416709023509
-0.014095272784037846
-0.14947250164500836
-0.10240585054889592
0.2043367758791495
0.14301591654827225
0.20356045023184854
-0.2229814678305172
0.03692337296392564
0.014599425387777908
-0.2103731841047846
0.09907986331083765
0.0995934064653421
0.0401651845049262
0.1767264139752291
0.02874093237822655
0.17727481628324712
-0.115834876295715
0.16487910368989098
-0.0655633638834478
0.08148683339738896
-0.025464388701644063
0.20232326649152757
-0.01663739642506646
0.1785878704227005
-0.24009969557168345
0.16943805408784612
-0.0974699935247697
0.09682334318127514
0.14303267347950674
0.17342776061353835
-0.08483544683849786
-0.02056806804410394
0.023984285211982547
0.053485274027017436
-0.2380914705016292
-0.06565040769567546
-0.10664553823633147
-0.09703374947188356
0.0020988178183286806
0.015930404614404814
-0.09444254657623662
-0.09459184043097972
-0.04585513802111773
0.19418868888024254
0.22303650578137874
0.013241005984666172
0.23934020921541227
0.11403084453032082
-0.1267720553068147
-0.0070269190911718005
-0.02065211126806229
0.003107825111273377
-0.21333453627833793
0.14452163591208858
-0.12588384572139477
-0.14644606713624958
0.16339445123927288
0.10285785615271002
0.157055099856181
0.09808143620468389
-0.21996133536500045
0.07166151619115949
-0.004828151677352373
0.10846623561747536
-0.07700230896948819
-0.2137758658900854
0.011516749780838042
-0.24008182658098753
0.22107717106061753
-0.13830597640071463
0.015450216600209092
-0.13482160190227532
0.10288029313143673
0.1431808782634823
-0.14097468796315554
-0.1600152625729527
0.10656588461696923
0.13758530414580483
0.01574318153198635
0.18558530176080637
0.15019462096430572
0.21682904777765472
-0.22140713584416313
0.07303685023355866
-0.0919804668656858
-0.14229531386818545
0.17937660240230233
-0.08089450950449349
-0.18040569177876942
0.1721555558753375
-0.16760518333341942
0.04231370584229061
0.013988200973631777
0.14717468995267216
-0.002116156143594637
0.0744900538787094
0.16983750045147633
0.05992654401111411
0.009404088510578345
-0.09065958678558901
0.06738528030869763
-0.14597256551240947
-0.08232160575474615
-0.08044905584849571
0.22971677338955887
0.10628383627507268
-0.06985240415873503
0.1277195145203604
0.0620148114748073
-0.16106666308151257
0.023008708585201137
0.12458040515687924
0.21674242712122097
-0.20776316035519912
0.11266976455089699
-0.1453824213386118
0.038441727332336695
0.0398636032999111
-0.21263243577652402
0.10648219218928905
-0.06249551179096806
0.2410403790182299
0.1401230406528561
-0.18670561626689572
-0.13523915266444195
-0.18144332890620596
-0.029826591196632474
0.13110559603860902
0.039969088535316784
-0.011904218904713748
-0.10139054179330674
-0.1957538514887609
-0.17899070072342246
-0.10025157347940752
-0.11807851829195182
-0.012536342658806385
0.059324396073727706
0.0022172010547805146
-0.22159511918691707
-0.1317046268866323
-0.16804363088306867
0.1764905304124594
