-0.002010019045116521
0.06590581881683388
-0.008778814688114166
-0.1945810305029653
-0.07532974743136697
-0.10175053202470939
0.179221457820944
0.114826953003858
0.004595563155667698
0.1007893446124395
-0.04978712660004304
0.025110962614024495
-0.09916295770883267
-0.06685512866440545
-0.03421848151000058
-0.16402357353848476
0.13987685013620046
0.1563538419667761
-0.13458324798613974
-0.01238156139401477
0.14215172399927664
-0.08953784333227786
0.026918955790075284
0.0006690550475386417
-0.05357943001365735
0.12255647480164522
0.019761998671482497
-0.019631005374649464
0.20737423797275462
0.1826193799483683
-0.09125682726556991
-0.11212452533406736
0.07396677701264288
-0.04904955322188658
0.08162314046017488
0.10930027066474259
0.11900040453926436
-0.08531905358081145
0.2234722157583577
-0.011020835776549475
-0.16793176884661876
-0.13409162189175852
0.03437564788406412
0.0005257459003777956
0.19635246756280508
0.1513593049460142
-0.015118415478979075
-0.09593289188740059
0.038434803576147696
-0.033975840972183105
0.04266620606363926
0.22038308829241818
0.19987381396888768
0.24457858747118427
-0.0516327158558311
0.029751514470868354
-0.036152391302195816
-0.17828205205670214
0.14202859168719165
-0.13484365986837984
0.09116213515798555
0.15273943475788157
-0.11032411986909926
0.003367320751259952
-0.03185526815894511
-0.1894751003824566
0.11721345573053293
0.1389286082781925
-0.015944205149407777
0.13630086016479093
-0.23722063932794746
-0.15896521556628954
0.014525052483304483
0.05962000739335821
0.11470499610037907
0.051663258819479564
0.03672172829396647
0.08170606632378366
-0.15260732426468623
-0.15276600301727514
-0.1115770612925546
0.17135218089002105
0.06543582277637051
0.08272566495657431
-0.10670818748627466
-0.11687828430632152
0.05552855211732711
-0.13317791233723117
0.2063073878135083
0.15606435422390144
-0.20170264561871162
-0.12714168642245646
-0.017051755930742023
-0.11753567785867251
-0.12789580906381237
0.21714121876686843
-0.026906062497876394
0.14521198311130185
-0.07640334407050024
0.12100972685302777
-0.16969271456579146
0.08823960199832734
0.07522570115175994
-0.12730372258751202
-0.03376015739642681
-0.012533711435688766
-0.11079622991870614
0.15551019055457724
0.2186839745328588
0.016481822375981156
0.009960262433078806
0.01869213851659329
0.10588590235647374
0.023431687500845077
-0.013226176239532391
-0.15174461822809074
-0.10871810548787593
0.20468918506949854
0.14282872566679963
0.2024927053638443
-0.23670058822203963
0.028166233626843177
0.018336152911511153
-0.2136276688405417
0.10099259347074438
0.09773945533761816
0.04425825745655421
0.1767229367993343
0.024296110577325856
0.18890482464584027
-0.10761933167405115
0.16496561485193975
-0.0655633638834478
0.13711947534969932
-0.04578787591890159
0.19982777447129257
-0.021805597264942602
0.1817760500427382
-0.24009969557168345
0.16876549975640093
-0.1012734789691209
0.0998980068579672
0.14404345916356218
0.17814271253912625
-0.08851596236282938
-0.01565119781941174
0.022074777505841005
0.02710511978789739
-0.2380914705016292
-0.059920569052121425
-0.10664553823633147
-0.09703374947188356
0.014786708633125341
0.024080752719469255
-0.08508862902966047
-0.08898678663215977
-0.04426593549877905
0.12832584492925161
0.22553667598392954
0.03305847535584761
0.23422188642542835
0.11398191506076355
-0.1267720553068147
-0.021695997540075625
-0.020464190903852434
0.0154497112965215
-0.21331214937289628
0.14715209026949747
-0.12588384572139477
-0.14644606713624958
0.16828263137011415
0.10519631901317097
0.15950937397482728
0.09822085809279435
-0.22144103003327872
0.0682334876499074
-0.0019706965845827057
0.11144235719801512
-0.07532847390750019
-0.2157126049034122
0.00933265560820599
-0.24008182658098753
0.22490595676238784
-0.15262866470263353
0.022659627490051078
-0.13793734715746003
0.09576496737880619
0.1517071741458825
-0.14097468796315554
-0.1520544252306005
0.12011630151422094
0.13468515963742245
0.016422191368305538
0.1786557099624662
0.1482699976971987
0.2114411374342917
-0.225831940569019
0.07180038206192757
-0.08797690820667704
-0.13955225061767246
0.18091261127541647
-0.055956567817792166
-0.18040569177876942
0.17367286990704495
-0.16760518333341942
0.02576229368343197
0.01263318067042406
0.14462634838398167
-0.002879874342304183
0.07857728671597448
0.17198399649783214
0.02177433889288715
0.008238375053137377
-0.0858902751688047
0.06747843426569126
-0.1537418976764257
-0.08574792111920161
-0.08044905584849571
0.22713502566114388
0.1062987161461065
-0.06985240415873503
0.12514311525506272
0.06885871034606464
-0.15765453126584705
0.05480710479749974
0.12712055981175155
0.21635208661257682
-0.21118775515404611
0.1178950080704291
-0.15040172018371079
0.038441727332336695
0.040165306223207575
-0.20799339284069196
0.11192809052166869
-0.0667005600875104
0.23902925496268662
0.15020011475734538
-0.18670561626689572
-0.13408532583571395
-0.17096021646529744
-0.017463457917719395
0.14974373041626654
0.041829089946096326
-0.008032012573226064
-0.10570222387466525
-0.1957538514887609
-0.17899070072342246
-0.09677141154219794
-0.12380808985478553
-0.00864277540515782
0.05632689845001947
-0.003910206060653988
-0.22159511918691707
-0.1317046268866323
-0.16804363088306867
0.17361630186908916
