-0.00793759684266164
0.06286037095310856
0.0006744344132785407
-0.21684552557250392
-0.07015150365440248
-0.095883203030644
0.17808168720873707
0.11309280817625006
0.012230362457527075
0.10331190033102614
-0.08442203975817354
0.029977554164195244
-0.09030967971391497
-0.07655408782992931
-0.060164416064854724
-0.13785111207633916
0.15102038287247796
0.1589797536307792
-0.10899492098515592
-0.023141773208227478
0.1348733227768003
-0.09272355589566356
0.041380104278428316
-0.0101332509787042
-0.06085011097850329
0.11289251773345185
0.016333140501000928
0.008060033148191289
0.21333338234046598
0.18066299323830565
-0.09258747708765537
-0.08512366773173746
0.07379644687267961
-0.03559687786563879
0.08945457913775724
0.09988501339845851
0.11633781088110412
-0.09122099630110894
0.22225798895865662
-0.004932254803025124
-0.17441023106649023
-0.12383823981882781
0.03344788497702005
-0.014757549840613572
0.1895064359303189
0.15082769910454785
-0.022403716828185517
-0.13312405309823133
0.0389079520217024
-0.051153711888537005
0.04876215868807977
0.22096243749986846
0.20831934866473084
0.24219296302633928
-0.0540916528968216
0.037911550284129056
-0.032787467765050135
-0.1731058976047046
0.14967903310327674
-0.14272219844741477
0.09236960228443204
0.15293170668691172
-0.11032411986909926
0.024868992141030066
-0.04105339961552617
-0.18988652708222747
0.12138849182821264
0.1351865398907525
-0.0033881762830648768
0.1341174710407113
-0.23556209094236716
-0.13871963202573223
0.03174350484346227
0.056916033305325124
0.11536435639193393
0.05243150369649797
0.03727774941017007
0.09284106378699664
-0.15260732426468623
-0.1563694359123274
-0.10820315574208796
0.11970496666888082
0.065371021616882
0.0760201063049485
-0.13342814233023295
-0.11687828430632152
0.041803926384292076
-0.1325349430166934
0.14486477522122562
0.15217989951368827
-0.19664439131376824
-0.13070226435241655
-0.010302351867197588
-0.11865794177798532
-0.11784611035704208
0.2206829798720166
-0.017206240168669278
0.14429043515655396
-0.06956359373360904
0.12450677116114764
-0.11550543410953416
0.08391960705863699
0.07507937064762725
-0.118802858680595
-0.04065576931809139
0.0091438305911487
-0.08871474714850383
0.14918006381162918
0.21087508011502415
0.004352408845174098
0.01189745706931084
0.01411506048461894
0.1056781296636396
0.021301607696370278
-0.010836148671166845
-0.15990641098388395
-0.10139936680450819
0.2025746228687296
0.13925619733630362
0.20527038128017114
-0.22565476901293274
0.026151088830022994
0.022880767640462877
-0.20566780489061282
0.10059662810033917
0.09568254749708535
0.06436228790281785
0.18451323710933343
0.03030493763804403
0.17226038524715045
-0.10279843891021735
0.1709334299517199
-0.0655633638834478
0.10268826773522169
-0.03887381580762883
0.20253645771391088
-0.01845408699653244
0.17380191370944945
-0.24009969557168345
0.1676952341164639
-0.10204786784595044
0.09885055203262065
0.14923886847317872
0.1657559523844356
-0.08986129212300546
-0.018437098015453998
0.026070247373953106
0.030812762838118325
-0.2380914705016292
-0.05978400892377113
-0.10664553823633147
-0.10181129011310085
-0.023859489621127262
0.029577838095330267
-0.08667084111799887
-0.08684567771771587
-0.05259630203235423
0.15891468489025934
0.218231550899262
0.022394633768949686
0.21123741322016543
0.10791292533076421
-0.1267720553068147
-0.008937750879128117
-0.01960603467937074
-0.006037657968264165
-0.2048584611176211
0.14366810818786294
-0.12588384572139477
-0.14644606713624958
0.16590366661578246
0.10866157504657875
0.15775784749447272
0.09496380686155638
-0.2200612591807829
0.06838173413647565
-0.0044660461393664025
0.10915296015658135
-0.07532847390750019
-0.216880837051094
0.01349503638519156
-0.24008182658098753
0.22231171206807135
-0.15378284656452318
0.02084964706813691
-0.13276986998173607
0.08618541025523428
0.14562983272680874
-0.14097468796315554
-0.1465716839228551
0.10587235774212116
0.10251647428872972
0.01888186864403828
0.18807578879735776
0.1498217151168734
0.20069048620039534
-0.22792092190982163
0.07128823409903717
-0.08465470132636971
-0.14459664695683663
0.2039922126861495
-0.11117601046387166
-0.18040569177876942
0.1673726398141546
-0.16760518333341942
0.047094266933468736
0.010592901142857712
0.14295158260728405
-0.014072379228216705
0.07736299456293626
0.1611696660549208
0.023386727802153458
0.006218823566260732
-0.08782008554752761
0.06734450994890996
-0.1404517708888929
-0.084102620439409
-0.08640979310600018
0.22547903194829028
0.10534244004840737
-0.06985240415873503
0.12351706366238846
0.0509209277155811
-0.16838517670638992
0.003785734158777634
0.1166378631120532
0.2133387881441093
-0.2050280076361573
0.10698749436399761
-0.15342132988147109
0.038441727332336695
0.039936388271623394
-0.20888864513629601
0.11959186566758298
-0.06652570302661291
0.23707494137153995
0.1540091443047038
-0.18670561626689572
-0.13498777254008562
-0.17340893416891084
-0.02926985369532157
0.1414099532874001
0.04291099020203603
-0.008934313573510879
-0.10367044129385355
-0.1957538514887609
-0.17899070072342246
-0.10851312642881594
-0.11855676071379889
-0.010342107959906211
0.05707276869647913
-0.004495994046305274
-0.22159511918691707
-0.1317046268866323
-0.16804363088306867
0.17213075005191544
