-0.016963393144934332
0.08047728906922373
-0.0059675329282126025
-0.19248026713405514
-0.07047006364200627
-0.11345625642648562
0.17838134005471526
0.11131820989319731
0.011515424081433367
0.1043475090861196
-0.05664740359008784
0.002748425897502327
-0.08946722181830519
-0.055634348469586294
-0.03465858790458853
-0.16936843202024804
0.14158897160803544
0.15179939019074873
-0.12519013265934564
-0.008556508114544493
0.13693577685424524
-0.08877697374356068
0.03074231649821341
-0.011818029500845107
-0.0385955297927972
0.13123019406860909
0.015087748463970107
-0.015116343892436138
0.19346504174668522
0.1664785615962206
-0.08081995448845863
-0.10845637902802473
0.07709102127398842
-0.05022806756167688
0.08394108726824161
0.10204803768934087
0.11242255521923354
-0.10780190173494751
0.22366389857260205
-0.012858782205135089
-0.16223894463716113
-0.13554235925718464
0.03901371924178687
-0.008372974489332842
0.19034260465828692
0.14726402205646802
-0.008500827648933607
-0.08605544286490131
0.04321738332403702
-0.02977994305284427
0.031185271388033516
0.22422179729905542
0.2009926572557095
0.25981809915153203
-0.05509683663891984
0.03178992476907015
-0.03641915932889742
-0.18628522433928393
0.13358249742402875
-0.1461204266533332
0.09727682438927787
0.14556475840170602
-0.11032411986909926
0.00967878894119361
-0.029154070810224048
-0.22172304140136553
0.10438357041620798
0.15285279387686382
0.0068005357361746715
0.1351808693631751
-0.22980062403541823
-0.17156355778742868
0.025620846930363754
0.0578811387337583
0.10166673212795176
0.05438616832592938
0.033753571994593626
0.08599373001799643
-0.15260732426468623
-0.14838530059341892
-0.11194794845678051
0.18333610194581176
0.06456713287235061
0.07248826116966527
-0.10943417987459628
-0.11687828430632152
0.05113036464729339
-0.1247618189942177
0.2049051676152471
0.15476783215611936
-0.1941167396980166
-0.12879272824074156
-0.00979970534596444
-0.10424940327658842
-0.1340636288030433
0.21136914984256808
-0.08433069716069796
0.1464103887046386
-0.07406062720900125
0.120455852363618
-0.15912031032381763
0.09262730438330344
0.0811694964251583
-0.1320280750234283
-0.007902922783948418
-0.007702986637285402
-0.08728268816642963
0.14645865125490828
0.21117811361952782
0.010701544339369352
0.002408690227342584
0.019338083896503516
0.1087599830616952
0.008268244963051032
-0.010233406562909496
-0.1487988165086594
-0.10699267951501763
0.19589274991960384
0.1417770678288154
0.2076630799907864
-0.23305904078049533
0.03258223756583521
0.014911118662749537
-0.2233620129296364
0.09922925600374913
0.09551768775367855
0.05874810258041551
0.17108427240177868
0.02799000178225879
0.17612747053939812
-0.10771166394692128
0.16393275528826368
-0.0655633638834478
0.13373464482314779
-0.04793304829519069
0.196297854653634
-0.0067786494794765595
0.17524709743871625
-0.24009969557168345
0.16584496136939664
-0.09937650174100836
0.090771130742711
0.1458635628359119
0.17834882351937123
-0.1005218988335161
-0.009807462123745248
0.0245552758307111
0.06625382573506203
-0.2380914705016292
-0.06039966898716909
-0.10664553823633147
-0.09703374947188356
0.006795573771894719
0.023392640477449097
-0.08495136280786965
-0.09399780764890077
-0.046625960629374644
0.27469902528274115
0.2191184866247157
0.016270738357826945
0.23451139117218675
0.10657260595775081
-0.1267720553068147
-0.005799888324005673
-0.028552556233111474
0.004819665836526552
-0.18731350226715346
0.14360562448793654
-0.12588384572139477
-0.14644606713624958
0.15932747757523377
0.1058525084225489
0.1597878197286888
0.1058147745229418
-0.22011958262400605
0.06495369644543068
0.005800705652977686
0.10880558036867662
-0.03174259167483308
-0.2159862673573712
0.007642581826030997
-0.24008182658098753
0.22743837595936775
-0.1513531776704422
0.021018100775462463
-0.13276986998173607
0.08881178326417108
0.13848018100221432
-0.14097468796315554
-0.14883052640050895
0.11291790978637004
0.11063175094393363
-0.006037114480116204
0.17924515892544043
0.14768952645883576
0.22527669500393085
-0.19859783713095697
0.07771451828862232
-0.09212779061554587
-0.13872158691715966
0.20460866908649714
0.023439250627081496
-0.18625689038269397
0.16806824896317224
-0.16760518333341942
0.013579145183443718
0.016242019873736746
0.14121930489248274
0.015088552384074203
0.08064258054631382
0.16303539836061168
0.04337565981182657
0.008525972238250168
-0.08194220446528391
0.06751438729039497
-0.14723038641277617
-0.084102620439409
-0.08044905584849571
0.22376711133216098
0.1063857177465885
-0.06985240415873503
0.1216828015421263
0.05830549287900792
-0.16227743440666478
0.03096888646490545
0.12741361214552596
0.2103078564776792
-0.20952134221340274
0.11790099619395619
-0.1515082820176238
0.038441727332336695
0.03977943612560956
-0.21104874055201742
0.11128781084752466
-0.08240517308061006
0.2350225089976369
0.14781024970788376
-0.18670561626689572
-0.13630022066460826
-0.18140790333557685
-0.027406886082294045
0.13773183195635152
0.03760670129448378
-0.004949882096198883
-0.10239652706991184
-0.1957538514887609
-0.17899070072342246
-0.11288502617345131
-0.12380808985478553
-0.011680311245964489
0.055916125074948475
0.0002009506008658411
-0.22159511918691707
-0.1317046268866323
-0.16804363088306867
0.17055701360648057
