-0.005373740765801908
0.07743118730801594
-0.007913876629668457
-0.18304187730927032
-0.08127022943743743
-0.10642788725235615
0.1824646053114536
0.10830666426400577
0.0215160863174252
0.10420058378465756
-0.04632307227250889
0.025753940093107424
-0.0926824728730186
-0.07028790011044
-0.02055733057674389
-0.16999202568901695
0.12363125317434553
0.15820791924087696
-0.11103563389249882
-0.01665063167557183
0.13525427994852546
-0.08866921747048499
0.02214398641330091
-0.009251384339541851
-0.03872292851058074
0.1362940708738202
0.04325075032958234
0.019676888572983293
0.19333958961670686
0.17022796861575692
-0.08145620027267404
-0.08985362835869466
0.07340828463806001
-0.041460792873374536
0.08098377859067342
0.12051305302946123
0.10964031313438465
-0.10007603559969996
0.22096776595716713
-0.008780199963224421
-0.17401326783574986
-0.14539430218190288
0.044070404820418005
-0.0067990851605976696
0.18404821616331554
0.14640637046275862
-0.014763701413109944
-0.1353726392237114
0.06180170011275925
-0.007841945375749696
0.046930009559718884
0.22146629627372416
0.2061686267564144
0.23881961645293964
-0.048908735140634596
0.0421847020653333
-0.035491552399389364
-0.18243209853177922
0.1398068503178671
-0.13687052795321644
0.08547451132923889
0.15808059123456944
-0.11032411986909926
0.001760362989722835
-0.08125723550868776
-0.21312932630476664
0.13069663977275603
0.14858752648267515
-0.017574695417927846
0.1363875570494316
-0.22890570012892156
-0.15835546728542285
0.03428026484834322
0.05147840865079216
0.1102789454195687
0.04867801321695681
0.029809110741640416
0.0810194998090745
-0.15260732426468623
-0.16224250537615909
-0.1053194674194567
0.1717406928777749
0.06735858165120506
0.06522156311595917
-0.13160194560169663
-0.11687828430632152
0.049326158901494
-0.125779476251978
0.206773334731911
0.1561650148001633
-0.24948442552474906
-0.13279852035694825
-0.014413442283659208
-0.11776136680612387
-0.12507229926838018
0.2159164911674037
-0.0054223388136779935
0.155710608385354
-0.0787170337358013
0.12981156528814608
-0.12582687055132744
0.08842800062914292
0.070863031086121
-0.09794658067748516
-0.0400347723541356
-0.008075046039558427
-0.09595644192762272
0.14167027809512467
0.20135711318563246
0.025999961366931702
0.006628872044409694
0.01803515975109506
0.10902139834557183
0.0237783796768776
-0.011483573632101713
-0.14924610555001772
-0.1101260716858624
0.20269294007999825
0.13469262507917437
0.20894564730676993
-0.23019300494059847
0.008924344648223809
0.006414329168510989
-0.215700536413294
0.11454496941919919
0.09488722961544131
0.07075461657944568
0.19101249212112786
0.022675366975090698
0.18366478070545467
-0.10095688126858604
0.1757531008481495
-0.0655633638834478
0.14216129315368117
-0.04179354495774203
0.20346527357645436
-0.018231723129509346
0.1805858781033675
-0.24009969557168345
0.1704239081654478
-0.10265355999065581
0.09394159845217268
0.14968729918332394
0.1705077354009786
-0.09359229721682634
-0.030519595240379907
0.028097019775394135
0.046089749668301525
-0.2380914705016292
-0.06171926458274975
-0.10664553823633147
-0.07589187810512908
0.001029060343391417
0.028079500821376377
-0.08306881930621322
-0.09548994206933903
-0.05168883650198845
0.16324551405519733
0.2157695157472134
0.006098184259917844
0.2343869746202824
0.11441838884248486
-0.1267720553068147
-0.02224116074177261
-0.019060912086680135
0.01842073903706999
-0.21561424288237047
0.13922243952596117
-0.12588384572139477
-0.14644606713624958
0.1606098671835069
0.09964662651804919
0.16228493613539974
0.10754322520987407
-0.22005027092003315
0.0718462888297869
0.024112027952409257
0.10861565348978613
-0.0780708086799162
-0.2137758658900854
0.01731720934570056
-0.24008182658098753
0.22863658274641455
-0.17182998027602212
0.02361214692450749
-0.13276986998173607
0.09437637202980126
0.13953020061046587
-0.14097468796315554
-0.15562275798555825
0.09877411399882148
0.11145757750275945
0.014340752918332146
0.18602275747086786
0.14339738993874715
0.21714188176948837
-0.21755608638209956
0.07454733461758721
-0.08700399722303313
-0.13753946866293698
0.20082610717606597
-0.02603722710811055
-0.18040569177876942
0.1721177720350213
-0.16760518333341942
0.04370781640916432
0.01127068832989333
0.14399613192693522
-0.011549510926249947
0.07952081011659821
0.1829329900114608
0.030116982698829762
0.013335701545280246
-0.08671985169795417
0.06749086530691635
-0.14926594578696453
-0.08362561547050071
-0.08044905584849571
0.2265457653231029
0.10711213390907201
-0.06985240415873503
0.1245821241543233
0.052313727457087796
-0.15964160937323046
0.028002294790193043
0.12070566504678899
0.21324368311871456
-0.24142675024968
0.1177146517920963
-0.15375888861147463
0.038441727332336695
0.03968904136133873
-0.21198804234088592
0.11013748551775869
-0.06638372863259445
0.23784299090156083
0.15141420432694264
-0.18670561626689572
-0.13964832587607548
-0.17516700760815654
-0.03711207497500069
0.1537646094551253
0.04275023543747581
-0.005663527169268837
-0.09919880553048084
-0.1957538514887609
-0.17899070072342246
-0.11458891198838982
-0.12380808985478553
-0.006312057117939987
0.06583990851164129
-0.0028608763799004024
-0.22159511918691707
-0.1317046268866323
-0.16804363088306867
0.17336358477525515
