0.017602691796361022
0.06325424530731823
-0.0022118609155178876
-0.19284866279689655
-0.06248327017987835
-0.10094047733931007
0.18445596207428142
0.11295335473604433
0.008603529562491774
0.09855735225319731
-0.04366991896996281
0.0015515521004415603
-0.09185182890264793
-0.05960774074617875
-0.031065436805331397
-0.16296768750704202
0.14492141780548143
0.16499728458531077
-0.09916992862066207
-0.013447210529050983
0.12075968252550924
-0.09297874086489402
0.019182333564281295
0.003817523575330044
-0.05486633601505975
0.11288376181697987
0.034406568340982394
-0.008733946446230816
0.17798784934519352
0.1981931629641023
-0.07920870184286727
-0.09000888121095714
0.07136591824826953
-0.04520605254055862
0.08671610644165727
0.11356745625237204
0.11475720380517951
-0.12049630083189634
0.21900120733552186
-0.011523541150509383
-0.18441913532674228
-0.12792951235844377
0.03518969112885265
-0.01676061992591226
0.1866092523099309
0.15637908585818258
-0.007343313512334957
-0.11335534163500174
0.030599004703936318
-0.015279676571054302
0.06529617063019288
0.21947925956406308
0.20864601612206551
0.24248133373300557
-0.05647490975004941
0.036155597696219566
-0.035934546686446765
-0.18777429622147088
0.1378385716119709
-0.15050771293716095
0.09352626019333628
0.15331370442182143
-0.11032411986909926
0.04282162224236813
-0.036010617311011794
-0.21285450630912628
0.11882874220436156
0.13866621509773877
0.008284233942087712
0.13420936518347157
-0.2379555590606817
-0.10783683051856573
0.001548819971740714
0.0581891153779865
0.10605194059624742
0.046810708075337965
0.036800213464773926
0.09497736607491272
-0.15260732426468623
-0.1496054159043914
-0.11678198684718369
0.16967214690049756
0.07519315838978996
0.07672571270487927
-0.12915459536293422
-0.11687828430632152
0.05184332519165994
-0.12228346033436634
0.20724741450595108
0.14508325606523936
-0.19284640658219604
-0.1256444094392841
-0.015013657224569854
-0.12016503046055808
-0.13789468719368594
0.2103024692432798
-0.0024272772055674227
0.154956401999235
-0.07818969763131695
0.1189004866058531
-0.15054615674161767
0.08978140977070433
0.07003868490254406
-0.10242874478486973
-0.0343191400811444
0.016207251163153077
-0.11122214685123148
0.15652092792868588
0.21365174000438006
0.01534055154887476
0.009685483945291045
0.01601145318639777
0.108483971627257
0.009708260396551838
-0.011490621048937782
-0.15343765610429053
-0.1074429618296355
0.20090287662329628
0.14145167412825838
0.20801561618632616
-0.22909008725300814
0.020887490850003992
0.02027312852013311
-0.20233036780472433
0.10849330483651917
0.0987498446157601
0.03370039368433223
0.1782056505657884
0.036416557634950046
0.18124512266433707
-0.10855196779978335
0.17211670213378055
-0.0655633638834478
0.1401041514955757
-0.04598090352917377
0.2058312709422351
-0.007856710923126724
0.18471910568632516
-0.24009969557168345
0.16677564995813327
-0.09847920693723379
0.0977967391288465
0.15002332755666103
0.18157749339274792
-0.08782525001246419
-0.007032412721386751
0.021922525737126306
0.03952622547043801
-0.2380914705016292
-0.056661391723038475
-0.10664553823633147
-0.09703374947188356
-0.014398742863597838
0.02212382508083294
-0.08403815315452605
-0.08888153643765094
-0.04541520166016354
0.18614192816748196
0.22733735528698656
0.0015420433615580685
0.23025267365027194
0.11337817234838837
-0.1267720553068147
-0.012121674641176798
-0.04091200104358488
-0.010182848188447275
-0.21556440144924846
0.14456103695173905
-0.12588384572139477
-0.14644606713624958
0.17257894333928028
0.10546531581103358
0.15368766656259777
0.10300970709426785
-0.22078646942065067
0.06990583660046688
0.007325188502797815
0.1042266620195069
-0.07138293369506879
-0.2137758658900854
0.006287099984691444
-0.24008182658098753
0.22269714990136416
-0.2016710116330417
0.0180659194276678
-0.13276986998173607
0.0919283085720021
0.13877749640148385
-0.14097468796315554
-0.15377560923743927
0.10759810094586654
0.11727613823695791
0.01649170106148668
0.18379341970427282
0.14918135342973318
0.2063820204738394
-0.22446692467582494
0.07639580622971416
-0.0923889006205213
-0.14406417955742842
0.19273454920904642
-0.03533265008283542
-0.18040569177876942
0.17247047151420747
-0.16760518333341942
0.03481578732217589
0.011188991020413349
0.14827363529127396
-0.013617256178731647
0.07354489841428595
0.17185423648967946
0.04303946991519162
0.007377391940234205
-0.08903394711031125
0.06754310484272695
-0.142244708917319
-0.08053917764200635
-0.08044905584849571
0.23080829352088378
0.10632254903787922
-0.06985240415873503
0.1287389317913857
0.0647910662308421
-0.1578602516076334
0.026714769265895135
0.13270515703658947
0.21790540331830796
-0.21296805283044856
0.11332777002533606
-0.1548031784326899
0.038441727332336695
0.039870771096154514
-0.2169053791454452
0.11811286158538992
-0.07367447756786791
0.24229875660077657
0.1581518808506905
-0.18670561626689572
-0.138062396463001
-0.17347203369740258
-0.03327569171208633
0.14684062206815324
0.04112417230360715
-0.007209780391446261
-0.10023801313169585
-0.1957538514887609
-0.17899070072342246
-0.10768501573937564
-0.09154644418048125
-0.010798465235312839
0.06254714270455465
-0.008711885611595074
-0.22159511918691707
-0.1317046268866323
-0.16804363088306867
0.17751172091047326
