0.0041495096802985154
0.07474087167443288
-0.0001869794306736069
-0.18852835842493093
-0.08253996006636223
-0.10503539204266127
0.17389805490393215
0.10228324825204373
0.021489102361643635
0.10157889342022734
-0.05677843493727718
0.020396821524312665
-0.07949000279704635
-0.07026344131677317
-0.028262079005178894
-0.17806811189349497
0.13094477683677236
0.15845600396851367
-0.12197753562009436
-0.01706652472704203
0.135782240206256
-0.09861211098350393
-0.003916925252740563
0.004248020671287281
-0.04529178042272611
0.1336027482148751
0.027077362707341415
-0.0008186395605083864
0.20005151549770536
0.17899957823589874
-0.08069724335743124
-0.08473855109788826
0.07055299142340894
-0.041934355896062904
0.0853827918586592
0.12213673452724776
0.11898448282033809
-0.09822192948647876
0.22534061575408437
-0.01051355107070603
-0.19021115942440656
-0.11205479062198405
0.02107704349296879
0.003707360108470142
0.19470785558764944
0.1523997925131526
-0.005621901318128272
-0.08337840452791084
0.041864898337424315
-0.02558682428342882
0.04161484682958113
0.22643066015871613
0.2035634666930378
0.24215749840061787
-0.0494531803878112
0.04959368511608566
-0.03185542716215915
-0.1833879040830963
0.1427717078335896
-0.1497173568866795
0.0888982305253818
0.15956901203747056
-0.11032411986909926
0.017191399744259674
-0.08330554589181058
-0.20047127000681975
0.12075239814841358
0.14284907749374365
0.006884227368338405
0.13035302876976348
-0.23906106072442912
-0.1739458098642247
0.014731319228834054
0.053624983554977274
0.11167884520173468
0.04966256503369084
0.030366102897047793
0.06970936709235322
-0.15260732426468623
-0.1567771593435318
-0.12551485370312274
0.18344423822208636
0.062238506210167834
0.08403945171127851
-0.13213682955498604
-0.11687828430632152
0.035899365840917775
-0.12259669319372146
0.2080416757063666
0.15447598345574629
-0.20260184190641356
-0.12784546329985794
-0.0038105728109905385
-0.09285815885127793
-0.13038845158983145
0.21479730265636565
-0.08769637329227048
0.14482085219817245
-0.07637153450862111
0.12810839692854664
-0.12372534065517027
0.07800927385292128
0.07724160865029435
-0.12471932855139385
-0.03000421895641645
0.0023071211139362832
-0.10174336138408799
0.14943492112893733
0.21809204535016596
0.006710318151693497
0.011898131230588608
0.009074755813240167
0.10246586263466742
0.016992293474020134
-0.01519867264701131
-0.15411195165791128
-0.10952806267778836
0.2045541357197699
0.14210967915671827
0.20462069248699433
-0.23336284333475596
0.026053902745846808
0.015379045216442174
-0.24056036983490467
0.1025536338772402
0.09608327801441043
0.05582354305364715
0.18121744573441007
0.02338741087060494
0.19299309296811587
-0.10026348627652813
0.17515347543943707
-0.0655633638834478
0.13389587924820073
-0.0430711649615698
0.20417512443102992
-0.019535060767892038
0.1715223114897279
-0.24009969557168345
0.16610418285488424
-0.09843346546407546
0.09237709478829678
0.14100504659985322
0.17043549664788252
-0.07923238594095261
0.0017925110971559754
0.03855264287308253
0.02862661849304349
-0.2380914705016292
-0.066067129328055
-0.10664553823633147
-0.09703374947188356
0.006385193752717239
0.022450073231522368
-0.08951914911111125
-0.09772611848933993
-0.04475894074906828
0.10942488762833905
0.2181876151934464
0.0063225594906425354
0.2293260646880806
0.10863624358334369
-0.1267720553068147
-0.008886428497845388
-0.029120730045461174
-0.005871807782357448
-0.19592137989214603
0.1466316001417068
-0.12588384572139477
-0.14644606713624958
0.17250172004781034
0.10103369171853026
0.16502374328219147
0.10094238886511393
-0.22042118844420205
0.06727242580790178
0.022985091838581315
0.10745580312215798
-0.07994388876559767
-0.21792454170849015
0.01062263313955585
-0.24008182658098753
0.2246343485811015
-0.15094871628686957
0.01594644898405429
-0.13276986998173607
0.09289343583182369
0.14466529027217012
-0.14097468796315554
-0.14977526684249523
0.11431583550032257
0.14364932509678455
-0.008369172083219687
0.1911034056752945
0.1423854662857023
0.20999317795218078
-0.22627492257938223
0.07669769689555647
-0.08720151893718273
-0.1443448615035444
0.16515700744734357
-0.057706157474319335
-0.18040569177876942
0.17036877304590742
-0.16760518333341942
0.008241637784840536
0.018914070983778557
0.14693626163006976
-0.011611237351637162
0.07556887457120853
0.16886118697209124
0.05657896982458399
0.0077319836656539525
-0.0897553402399702
0.06739202111385154
-0.14803112269701413
-0.08410670966474751
-0.0824559516434222
0.22946457953911203
0.10070468365716126
-0.06985240415873503
0.12749136276376133
0.061375624119215884
-0.1633670725344727
0.022239323350239
0.1258893406988709
0.21723724714450082
-0.22524168068001438
0.11512445128179909
-0.14781817938781672
0.038441727332336695
0.03424240393685575
-0.21153517796697976
0.12437349561589697
-0.06548700172062681
0.24098245040556573
0.1549960728537432
-0.18670561626689572
-0.14525677249945967
-0.17683616307366862
-0.020860375475530213
0.15430138543169317
0.04835785567854362
-0.008987181262719513
-0.0991279997758714
-0.1957538514887609
-0.17899070072342246
-0.09820173056274457
-0.12353552239440657
-0.008493040301889418
0.053440269224966835
0.0019017609868133686
-0.22159511918691707
-0.1317046268866323
-0.16804363088306867
0.17614578035511924
