-0.006740194491223131
0.06719245664060666
0.001547178991459135
-0.21324900091665822
-0.06552364544212184
-0.10150505809050953
0.1838279333765627
0.11564255240212823
0.004594735387520491
0.09673842995211271
-0.06036765462644406
0.0282866817953216
-0.07454532407577412
-0.07730552334856398
-0.035899974478759984
-0.15996602701092158
0.13765414413460422
0.151685818459152
-0.13224565566585045
-0.011871889615983242
0.12553003524759831
-0.08939065547659213
0.03874255535172984
0.0007505550129469312
-0.044202088761491634
0.12334002839920481
-0.01976678432270247
0.026732998126410754
0.19058064609938105
0.1761601411659525
-0.07662443642655022
-0.07336112145721829
0.07272159283858788
-0.04188034989424814
0.08252676647682078
0.11635285334305259
0.10829380387868627
-0.10130433455124477
0.22127375226331603
-0.0028096759311857997
-0.16556848009386174
-0.12685278368547545
0.032882857138216634
0.023498863263659815
0.18820361505131183
0.15405346643274137
-0.008649919389899202
-0.10697103026447352
0.026104989096571683
-0.02394419545090457
0.045059803357061105
0.2239850885774914
0.20208534176733317
0.2433582327167094
-0.06121487891995282
0.03229214434350796
-0.03754367277765196
-0.1791922275858978
0.14003438590567355
-0.15505830740350654
0.08492465239111843
0.15675194060559425
-0.11032411986909926
0.007024892896473644
-0.02337409289865709
-0.20740342591780786
0.12475356770297252
0.13773528935988788
0.009552730776655565
0.1389277672464542
-0.2411977010835899
-0.14986190486689271
-0.01820923968460894
0.056103005213378354
0.11297725627991355
0.05161759987837644
0.03384398783160066
0.08487087458895323
-0.15260732426468623
-0.15813811276437773
-0.11104961853339795
0.1859405310638385
0.05950881506762495
0.06468376556162457
-0.12892003856525905
-0.11827923443191973
0.053426870963542164
-0.13033522661044475
0.20364881673209234
0.16119550957814885
-0.22487064625661177
-0.13390869326162727
-0.008540176850142255
-0.10495517383160392
-0.1347455117411713
0.21695036045156307
-0.003912430842760297
0.15097229393252756
-0.07512518849010366
0.12351784882114263
-0.1279576858575856
0.09076668406703538
0.07312763439260969
-0.13816068026196474
-0.03267009640867786
0.00684808652501263
-0.09288046389309842
0.15534478557226367
0.2161713947792316
0.011233278113861753
0.012898025005812547
0.018464103617181565
0.10560813891777553
0.027789823627887497
-0.010206442097325002
-0.15584847782812414
-0.1108419317769389
0.2044694789565651
0.13994580468683482
0.2037424534529017
-0.2262016550878452
0.024113857932080384
0.01780490583390416
-0.21485104778822128
0.1028883151372572
0.10154497748962454
0.06572583169038904
0.18077564718705763
0.024697976576897467
0.1847298269756894
-0.09957520248220543
0.17177836540874844
-0.0655633638834478
0.10817322334020872
-0.03313937396788993
0.2020750837301885
-0.02167383245606909
0.18555604486452518
-0.24009969557168345
0.16813954957011196
-0.10136515448340876
0.09746743589630268
0.1386770502057842
0.1740079961559879
-0.08638362189736404
-0.0037813859519449256
0.038148477333011604
0.028037776692551416
-0.2380914705016292
-0.05974941596371812
-0.10664553823633147
-0.09808324189880742
0.013199435323489552
0.02514418748111184
-0.09302260243508277
-0.09164817119388852
-0.049890464018994454
0.18225250758383332
0.2197637793150807
0.009854711129271807
0.233599031444125
0.11243211262494704
-0.1267720553068147
-0.006626441064050465
-0.02175513049371626
0.005605250887303425
-0.18796793648720034
0.14443363525571612
-0.12588384572139477
-0.14644606713624958
0.1676861443791724
0.10371360447629757
0.1616837977566914
0.10374883004092454
-0.22088908450814856
0.0730020976196037
-0.0016451623107281521
0.10606303230394322
-0.061486851045549386
-0.2137758658900854
0.012303534598578313
-0.24008182658098753
0.22391718549842762
-0.15248720634098686
0.017215070352533498
-0.13276986998173607
0.09374814059780759
0.14096400595005631
-0.14097468796315554
-0.15002017693656644
0.100252222375772
0.10915533951021379
0.017045454965698127
0.1876852336891822
0.14644127639092133
0.21677990128045138
-0.22792092190982163
0.0805957787424644
-0.08725742711928536
-0.1364338534071426
0.19600095121497652
-0.05232777038571729
-0.18040569177876942
0.1707748043579111
-0.1483141121249777
0.030197065762187288
0.010721073482921973
0.14545993936993815
-0.011458000487156469
0.07892585114565692
0.1630261751597115
0.05310001700701704
0.006335314708218173
-0.08991636595552419
0.06739869117626121
-0.14052586684825086
-0.084102620439409
-0.08702541117785044
0.227999327262422
0.1063606350980466
-0.06985240415873503
0.12598950380906349
0.05801032795541184
-0.1635099093352504
0.01429855924245086
0.12392964896815517
0.21501564468399256
-0.237755682741368
0.11781409242864603
-0.158024559290911
0.038441727332336695
0.03989909866645002
-0.18371957779383724
0.11618885271718211
-0.07466342630688069
0.23944904602776965
0.15332967732945618
-0.18670561626689572
-0.13137667006646758
-0.17934233808284783
-0.04407857210135003
0.1283693224051447
0.042191995514030786
-0.009068960522956514
-0.1043738408995838
-0.1957538514887609
-0.17899070072342246
-0.11385634944774033
-0.09114593129309669
-0.012929597394722742
0.05263741636397875
-0.0012315052485894064
-0.22159511918691707
-0.1317046268866323
-0.16804363088306867
0.1747151022620785
