0.0057888446220669965
0.06665363553646594
0.0003400102146171121
-0.1811610748147787
-0.07866528315097672
-0.1062391516576997
0.18440452047756806
0.10741053038989441
0.012764109270096318
0.09604669959358061
-0.037619763325124636
0.02306888331767635
-0.12146865483782059
-0.0558540507687092
-0.0373268356349288
-0.16014435760276288
0.13761585848643698
0.15229679314387734
-0.1333207535450487
-0.006505966369748777
0.12605181421675477
-0.08888240002906822
0.10784470729158897
0.004756894029566026
-0.0476632117182104
0.12833941227797263
0.0017489984883109705
-0.0018612838139364127
0.2096305432645361
0.18830756396224657
-0.08548113617501653
-0.09339655704276201
0.07026411342003526
-0.04615556803526346
0.07682829399093329
0.1011999235223599
0.11298951456632361
-0.10387558414418639
0.21924043309425045
-0.011273326768850013
-0.17714634217637928
-0.12078713703613325
0.030411783551859486
-0.007342242352720233
0.19372518907675992
0.15608422869031857
-0.016074364227954937
-0.061643783675661354
0.01112522067972584
-0.02072657115990494
0.029528860808205385
0.22736692784344212
0.20572189952403339
0.2489918786151703
-0.049157937566797566
0.035298293777027645
-0.03928495941075754
-0.18682183207913933
0.13637942958120863
-0.1633966511190758
0.09246186717804626
0.1532296279404436
-0.11032411986909926
0.00881760546531102
-0.03697977078587567
-0.21651298628255813
0.12677260390239847
0.13623359900477403
-0.001536498522388914
0.1361330878795981
-0.240798880992935
-0.15436416766458508
-0.032671932091782215
0.057427908715747204
0.09326079796690456
0.05270521535726023
0.03198257766264759
0.09255135004386957
-0.15260732426468623
-0.14941345490187263
-0.11022788644213588
0.1757408985407689
0.06856175510449423
0.06667256331642121
-0.1340168491716529
-0.11687828430632152
0.06056057975253987
-0.12695576072986645
0.1839717760242465
0.15532933881837332
-0.23278218952426735
-0.134597164834186
-0.009019416906308546
-0.11778915018420358
-0.13481634978266863
0.21169841404227333
-0.07783991903720133
0.1507917640772804
-0.08048438330265745
0.12577622068709454
-0.13818418988739029
0.08941689345839889
0.07823095450280264
-0.12311903912359404
-0.016858698823590517
-0.005215378403393972
-0.07675731157697403
0.14859566857213732
0.21356764762761213
-0.023926908491534244
0.011566319402474969
0.014539658516590828
0.10397071776220271
-0.002384038943116615
-0.013120682440987779
-0.15128230475105106
-0.11943745332242071
0.20016129085060194
0.140313029820574
0.2120273349309515
-0.23231255676455848
0.03066300031538795
0.015078494916673799
-0.2317329516369601
0.10673357816847245
0.09490713701769589
0.05138383718681097
0.1719529543015898
0.0201549910304086
0.18439251539477705
-0.10647356764716044
0.17046811286276817
-0.0655633638834478
0.1540083557441412
-0.040959059954718526
0.19926343183262205
-0.012698888431223451
0.1813640521140854
-0.24009969557168345
0.16298664760784726
-0.09279434869678233
0.09497429975194495
0.14142722971790816
0.1742312855371869
-0.10250780838130014
-0.013874322507595394
0.029747269055005927
0.05422757992454999
-0.2380914705016292
-0.06453126123481721
-0.10664553823633147
-0.09703374947188356
0.008410979115281804
0.03280537176823457
-0.09183521538138922
-0.09402203806372467
-0.0463158105087447
0.1504346459411609
0.2219170947081959
0.009690149853019471
0.23217975026222357
0.11868021060606486
-0.1267720553068147
0.00037655003572106203
-0.020163103577242818
0.0019710850047045766
-0.1920873332065649
0.1409238223040833
-0.12588384572139477
-0.14644606713624958
0.16246439332972332
0.10336933625838123
0.16232838740165226
0.09969609696294385
-0.22040027953811592
0.07134298741533834
0.022361173721217324
0.1026356243053565
-0.051188536322656644
-0.2137758658900854
0.00727003105948689
-0.24008182658098753
0.22424976386535922
-0.18395715181059166
0.02327083385089227
-0.13276986998173607
0.0900913796102454
0.14191172086060344
-0.14097468796315554
-0.14743663591175543
0.11593732755895649
0.11407681912868033
-0.014966320764775604
0.1895608716003163
0.14736369900540733
0.2214450329321732
-0.22792092190982163
0.07034241871194397
-0.08730398028483645
-0.1445537800322137
0.18691474036584393
-0.04878090514681619
-0.18040569177876942
0.17092950218983044
-0.1456611497081789
-0.003987291993308732
0.008628777587796019
0.1456268843077886
0.016481703245235863
0.07654410333682836
0.16975121758895736
0.04661115745637236
0.009375355696072835
-0.0894420514695937
0.06746181855637706
-0.1440860229974614
-0.08410300145606617
-0.08175841109525932
0.228157282065289
0.10105237516353863
-0.06985240415873503
0.12618076153550717
0.053833555496552575
-0.16897140544517605
0.025406433214665652
0.12240148949109048
0.21548554839392056
-0.2233307868565784
0.11778044502263633
-0.15579399723566087
0.038441727332336695
0.039974124683089356
-0.21209312766157185
0.11988984918686417
-0.08171704647252279
0.23959864078213827
0.15247760973053193
-0.18670561626689572
-0.13964996850857456
-0.17863718569051498
-0.028300071718032917
0.14102248010522891
0.03916189394158613
-0.01815384557645176
-0.10170010696469767
-0.1957538514887609
-0.17899070072342246
-0.11199695202893414
-0.12198666935883168
-0.008704815997304039
0.05989835704650971
-0.0008578048226230149
-0.22159511918691707
-0.1317046268866323
-0.16804363088306867
0.17488641099272995
