0.0024606244053598366
0.08040386437784108
-0.0085399796621158
-0.20246166773203844
-0.06617362058711118
-0.10631053200636609
0.1791184966552492
0.11250625880185001
0.009289124382515857
0.10439303085316758
-0.05873674888344921
0.011585120019682366
-0.10808719891981085
-0.06726343839010687
-0.06242501131778601
-0.16461062739159357
0.1414683493197794
0.15043295547580646
-0.10927455611829685
-0.020110858412808318
0.1254499801314095
-0.09266634960349986
0.034875073561520864
0.0048386621757258354
-0.05006243844848835
0.1335809778086564
0.01503024932512659
0.05129777105989245
0.21429182635748817
0.19345731638351343
-0.08894923471390137
-0.0957801792858777
0.07135596079501558
-0.04370995020564625
0.07899954153359266
0.0980432543391855
0.11686153978251924
-0.11018896644409133
0.22370193640480499
-0.007146953433783904
-0.2089136501503954
-0.13341783087305875
0.03056945920588234
0.006403879074718595
0.18908668650348878
0.14203410760370458
-0.019087637488634776
-0.132375278548313
0.027446522370914356
-0.004552255854761595
0.042742385447857356
0.22468351785980362
0.20692165385244
0.2493897209997992
-0.05399225344390956
0.03563797688354848
-0.030210432759175836
-0.18595404100642363
0.13999511389469682
-0.13261731504902338
0.0933338584937216
0.15388104576497974
-0.11032411986909926
0.03716108761649645
-0.036827980746566374
-0.20865622314507073
0.12657017432200052
0.145659897291241
0.017241092718577856
0.1318310555264833
-0.23776064027829938
-0.15095942966592635
-0.011735364281683975
0.05687666539230424
0.09949090679704321
0.05401957942019742
0.03575072028806836
0.0771561538939801
-0.15260732426468623
-0.1508465725641112
-0.12369381334975398
0.17042102170811996
0.06737807848109985
0.06482840550916057
-0.1063787465413484
-0.11687828430632152
0.06365944949958477
-0.12028774041902558
0.203520051736209
0.15567465913615802
-0.24094752910497647
-0.1277199553282819
-0.01576633839064419
-0.11068212871667886
-0.08978512778727783
0.21628308112046926
-0.06182302019965165
0.15160692117073152
-0.07263041536531943
0.12527383927861005
-0.12246521843014091
0.0972279346090081
0.06529802539366533
-0.12131308603802073
-0.03686623055867446
-0.008256218888817219
-0.08001535776466769
0.15472718767213872
0.2080419359804543
0.020647842721261002
0.0144953909326022
0.02009182550568455
0.11275720795622833
0.03270720736205702
-0.00964335621062144
-0.16089516335007922
-0.11190042984380233
0.20238658526353082
0.13983318231804595
0.20154806403688497
-0.2385276869308492
0.027551472887833516
0.013363970778781414
-0.23436450833083375
0.10957417953857942
0.09535856102554104
0.06877824728706951
0.17641231391692894
0.02853103458476752
0.18364187911399185
-0.10361339040975381
0.16831876445074773
-0.0655633638834478
0.14216095911846807
-0.017856209178496615
0.19884513706383708
-0.009225566502041547
0.17787763275729446
-0.24009969557168345
0.16462083094295765
-0.09913386533523652
0.09807971945714446
0.14806143138665864
0.17519713756601524
-0.08507236347622202
-0.020778941762153103
0.03423057292204238
0.03131045072748119
-0.2380914705016292
-0.06115985144166983
-0.10664553823633147
-0.0924141473874317
0.01084757044539922
0.014565903405540837
-0.09263723612589929
-0.08730119363094864
-0.04515244154485265
0.13646353217836515
0.22376321197965088
0.020248039557459536
0.23646039425272475
0.1180820533912622
-0.1267720553068147
-0.01900265389137665
-0.032289748201406954
0.009263560306551417
-0.1957557137372998
0.1432058776593632
-0.12588384572139477
-0.14644606713624958
0.16261680133158474
0.1050317576359238
0.16073797214875965
0.0990802291481774
-0.22099389207070164
0.0673015000845868
-0.005360974429862928
0.10451793327778776
-0.07482328567609017
-0.2137758658900854
0.012953054981907396
-0.24008182658098753
0.2225954633828416
-0.15443662441297726
-9.936440828346271e-05
-0.13276986998173607
0.09265430358564496
0.13537743586803686
-0.14097468796315554
-0.14866875458703727
0.1157558667133783
0.1242829901488936
-0.0029636775703697103
0.18305031293508092
0.14951037197826433
0.22222502576016753
-0.19858147032161008
0.07480363529206674
-0.08892117562617917
-0.14558703861988792
0.21580007129470652
-0.023923039096200246
-0.18040569177876942
0.16935838271519657
-0.16760518333341942
0.03480983501915698
0.01134800826518598
0.14544669388544448
0.008824149543382457
0.07699156395116133
0.16469215812465912
0.02798039296098858
0.005034611015955201
-0.08737194575452009
0.06737205981728324
-0.14499217347001653
-0.08362561052701545
-0.08044905584849571
0.22798441325816818
0.10627312055971164
-0.06985240415873503
0.12599080579413516
0.06073055658669188
-0.1612208481290788
0.010218289688400842
0.12878110395477255
0.21531089506545975
-0.21193085822950467
0.11793652387287047
-0.1460653121542916
0.038441727332336695
0.03974233883692158
-0.2112216376644067
0.11304353156519134
-0.08064590714271974
0.23940039966755725
0.15047767672292062
-0.18670561626689572
-0.15316928160472526
-0.17879222013541857
-0.03287593907892694
0.13199523937672003
0.04164869242655809
-0.006083149175862675
-0.10520788578397432
-0.1957538514887609
-0.17899070072342246
-0.11062915303127238
-0.12111384463780596
-0.014315235830132417
0.05874315539737052
-0.001934794301774168
-0.22159511918691707
-0.1317046268866323
-0.16804363088306867
0.17469519275928294
