0.002738123106695379
0.0742725547604144
0.0010915719844113501
-0.177483686058736
-0.06632216534939642
-0.10454799986609135
0.1762331668812623
0.10908856845194363
0.011498300355221482
0.10033369734448395
-0.054603174847091616
0.02411634202944195
-0.09181602880501502
-0.0736925689802989
-0.018182825607598572
-0.15183626909886727
0.13742488736191855
0.1524185979743747
-0.10229986870724574
-0.012426286509028142
0.13399693432806378
-0.09249489284684569
0.12337899618224861
0.005770965319636386
-0.05375623641827961
0.1004926241994124
0.05480122438999123
0.023130519819635237
0.18534299498503642
0.17680949153003625
-0.08984965518871607
-0.10366099397799904
0.07746334018166083
-0.046041029810083046
0.07869206715080222
0.10750901249123647
0.11888459452185061
-0.09253038774625336
0.22490582382328717
-0.005690729135146269
-0.17536903863619213
-0.13593863137326812
0.033978225726415845
-0.0009442166047464817
0.19029812847886446
0.14941675178540392
-0.007622172830110998
-0.12607855107963042
0.03384236276513644
-0.051787916388409926
0.04240734906597979
0.22044980298371822
0.20839396894155693
0.24287462433692236
-0.05834389243156034
0.03081229479933569
-0.03442501433590532
-0.19081329829168697
0.14593323393383884
-0.13939675235633864
0.10157491015737376
0.15541760254758377
-0.11032411986909926
0.029550852640390535
-0.043510722727459386
-0.20515930841782903
0.1256788913126468
0.14597451713168572
0.005831341042731379
0.135053158438627
-0.23762593666557344
-0.15809030056374807
0.004536737615225259
0.05568275466743349
0.10237434109429734
0.04814188812555393
0.03558648561587204
0.08600649210149222
-0.15260732426468623
-0.149698586558734
-0.11692509493986968
0.17486623984866262
0.06448079265412414
0.07342951014592324
-0.1285597979115215
-0.1176669164305286
0.06394178831347144
-0.13065728868417611
0.2040384340847634
0.14784035356169928
-0.2349624383845335
-0.12689013362311835
-0.00927178624032902
-0.102165600184929
-0.11169067987329653
0.21197124855066324
-0.09204322104113487
0.14228699639140305
-0.07707937721603215
0.12070886390461408
-0.1684497360084717
0.08880091111268128
0.08182090052801556
-0.14958664407863465
-0.022291284238286236
0.02623384468695326
-0.06975996230365591
0.15134077867409615
0.22632771301265947
0.009459154404534561
0.013381518170171679
0.014892598470523561
0.11042221530732554
-0.026796174387875495
-0.013131835740613015
-0.15280711736437674
-0.1078043312917868
0.20181210875566674
0.1427478645082757
0.20394031569192703
-0.22681015729389317
0.04722113604952077
0.011627370254152473
-0.21905598268441467
0.10292085797528636
0.09594520761919324
0.06518423103755325
0.18818071335758577
0.02802586089180924
0.18586032525432125
-0.09959396190419118
0.1659113739259158
-0.0655633638834478
0.17909983313209443
-0.045081878244876965
0.2013859954614507
-0.021384854943126586
0.17762040887741162
-0.24009969557168345
0.16677698631905125
-0.09915623497674804
0.09852721541652659
0.1452310302032203
0.17398656621578956
-0.08431369362136468
-0.007131965095407537
0.03335019624096703
0.03085155147060325
-0.2380914705016292
-0.059053613174175755
-0.10664553823633147
-0.09703374947188356
0.014898360737719553
0.03002906371806534
-0.08462362942104873
-0.09860835607302
-0.046478630618725016
0.23078292239941361
0.22314812841137244
0.011317237280990556
0.22644085816961398
0.11838970549571007
-0.1267720553068147
-0.017432931558745108
-0.02379723294965325
0.0016768805292343633
-0.20332890229188663
0.14613900922396567
-0.12588384572139477
-0.14644606713624958
0.16732219703920817
0.10142671988263445
0.15760659181604977
0.10341902064794459
-0.21982486024269388
0.07025214838849196
0.05183357847241337
0.10615620085595327
-0.07532847390750019
-0.2137758658900854
0.019350442993367092
-0.24008182658098753
0.2176444870663098
-0.14923291335519526
0.022481505178417096
-0.13276986998173607
0.08696215588299862
0.1379166027862812
-0.14097468796315554
-0.15021931954141618
0.11843412461959188
0.1253363658091431
0.031264564007313526
0.18445692650885462
0.14924993334119455
0.19996138722698525
-0.22709582609734236
0.07668294236132565
-0.0925304036674242
-0.14308672976485406
0.18104897211120996
-0.009763926170871807
-0.18040569177876942
0.16927447254918435
-0.16760518333341942
0.04132461697257937
0.007488607987253587
0.1502866800472002
-0.01634227059328336
0.0716106647464988
0.17873472524611617
0.038322637760109274
0.012201884572882014
-0.08612708091434543
0.06742362528515702
-0.14543366728268164
-0.08362598137293462
-0.08044905584849571
0.23282096152009063
0.10484498324059044
-0.07201820157419407
0.13069255215716408
0.05175905962562629
-0.16415877244992286
0.03253583213303928
0.1263449759626182
0.2202549133762771
-0.20754917401269632
0.11662214130776416
-0.16443629155351722
0.038441727332336695
0.0358960359771031
-0.21123694971457516
0.1097121549557284
-0.03995720335395852
0.24425641859367392
0.159116419952793
-0.18670561626689572
-0.1458002073342709
-0.17120645322947395
-0.03221848414917186
0.1523676225234831
0.032822747120466504
-0.009594623385213242
-0.10262620031509358
-0.1957538514887609
-0.17899070072342246
-0.10974970710956697
-0.12363159802798905
-0.005020873737288833
0.058724837619774636
-0.0053974649143216785
-0.22159511918691707
-0.1317046268866323
-0.16804363088306867
0.17952405132949956
