0.004519198256608824
0.071455029495291
-0.0057121531345678276
-0.19421366987801544
-0.07338344527112547
-0.10752983390561473
0.1739819549003297
0.10697196263127064
0.00506503242295975
0.10063438750043933
-0.05602165774228333
0.020179011462768928
-0.08073102169588206
-0.07917362497007911
-0.0752182409734072
-0.1760143592552671
0.13404766185862765
0.15802293903122813
-0.1440723946881861
-0.011488593079054364
0.13697253014124022
-0.08657050759155713
0.05730311946150219
0.005155847618049845
-0.0542924183343431
0.12407019700896446
0.0667795269809164
0.016992326677976632
0.19296713416795852
0.1770765418171869
-0.09079296094530982
-0.09904379524079164
0.06963094191478499
-0.05239446838999478
0.08271933042724483
0.1056594013981955
0.11232287308547119
-0.10571324081897437
0.22258273464044948
-0.006841009480932325
-0.16490401088918782
-0.13002629878623365
0.02889587495688366
0.0012843123022017926
0.18339655402150348
0.14206517551170444
-0.026254658047756972
-0.1345329202675657
0.014895485511348063
-0.023477193198385597
0.04461866736634811
0.22495150098073183
0.2106526364163119
0.2485771940834098
-0.0567829322455754
0.03885305720983183
-0.03662951867124956
-0.1754090030197992
0.14447808502509452
-0.14807601514720772
0.09059084457082323
0.15582476159307562
-0.11032411986909926
0.013845967848754089
-0.03737321663720312
-0.206330884832085
0.12280935666539493
0.1145572806697829
0.007128557638443608
0.13123793416020973
-0.23827336525975873
-0.1520619514030207
0.0011663923047392994
0.05469261187570686
0.11183416242744855
0.050833792211396625
0.032081278117353416
0.08102484890158355
-0.15260732426468623
-0.15546826504969458
-0.11020645731773877
0.1719100171461191
0.06785449904643392
0.06911867636579926
-0.13031370834055714
-0.11687828430632152
0.052250960973658084
-0.12068713526475833
0.20273895621464408
0.15058032777491465
-0.23890075721935625
-0.1302418474164892
-0.01739802523639793
-0.12017722435274157
-0.13337422949360098
0.21963823889002562
-0.009294183265661279
0.15998755961201094
-0.072478079708135
0.12646006152326936
-0.16411438560657782
0.08650544054068868
0.07877314353959892
-0.12242119231927646
-0.014228365521146166
-0.005127188554040102
-0.11435263270537309
0.14853643708788475
0.2079579910626807
0.011709256733815114
0.006950284655645309
0.018356097321257366
0.1111654904175112
0.019861397253521516
-0.010040118260528945
-0.15498717196937972
-0.11186622473254387
0.20465823587645215
0.14459341448245897
0.20467647138203018
-0.2330156692130452
0.038006403205694574
0.017830484396816983
-0.20848448106677825
0.10051534307312833
0.10048050379769922
0.047576254830985654
0.1788414631030094
0.01758045900577498
0.18815194441440858
-0.10347715428868905
0.17146643167608566
-0.0655633638834478
0.1466409109066117
-0.022014332617101322
0.20147950963860495
-0.02279837048964512
0.18312645683484946
-0.24009969557168345
0.17008032501606402
-0.09374883387355216
0.09242290143098819
0.14265549146268208
0.17630071400521674
-0.09128882275623629
-0.01063284192782395
0.028050107597520663
0.02759217654043157
-0.2380914705016292
-0.06473964092249994
-0.10664553823633147
-0.10313015322694435
0.00905957393469674
0.02861970807687554
-0.08944350852138169
-0.09258968357329582
-0.03922578406935702
0.11457922898830507
0.22431106064486417
0.020910729083630814
0.2363952786374874
0.10891177704257124
-0.1267720553068147
-0.018110887406051577
-0.026755585508895847
0.004646770888873793
-0.18939044725462112
0.14437089547747667
-0.12588384572139477
-0.14644606713624958
0.16772810055621334
0.1006069870165001
0.16314361146519635
0.09618868299861226
-0.22105995623148864
0.06712375065563196
-0.0062554176163844965
0.10845460428152111
-0.07544433931023628
-0.2137758658900854
0.016541619634716502
-0.24008182658098753
0.23068019082342608
-0.1665574809519776
0.019555666154791165
-0.13276986998173607
0.09062341562063554
0.14387821345882326
-0.14097468796315554
-0.15478846372412702
0.10388687664886954
0.13593095595625773
0.009785912996497363
0.18493116875387122
0.1467484199125667
0.20824110624867717
-0.22593061147155039
0.0781603268151658
-0.08612572049614786
-0.14570910640551585
0.1807228837051015
-0.036558517848326956
-0.18040569177876942
0.17179912535159936
-0.16760518333341942
0.02239028883147042
0.01608578818753639
0.14613726378730238
-0.010161444423981635
0.0764919677069074
0.16206070010337104
0.03744394296924801
0.006170757134183006
-0.09195106195243227
0.06745268115482737
-0.14895356396986403
-0.0836256091320141
-0.0817659006056896
0.22865681742757385
0.10244209305049191
-0.06985240415873503
0.12666028697105225
0.04572963546912139
-0.158934832587483
0.025562574103281117
0.12553705292218212
0.21712293152985365
-0.21404655990719665
0.117720398410864
-0.14425603080377855
0.038441727332336695
0.03973547628383732
-0.19080871818090236
0.11681116013566244
-0.05849162036387642
0.24034147209338974
0.14764770907642163
-0.18670561626689572
-0.1403378028396383
-0.17916466214408064
-0.03141278492260143
0.14156904362741812
0.03876583269291762
-0.008906177887983119
-0.10035137808021158
-0.1957538514887609
-0.17899070072342246
-0.10219423793824585
-0.11607107250201959
-0.005423860257970498
0.05677615462670709
0.0017262067702653503
-0.22159511918691707
-0.1317046268866323
-0.16804363088306867
0.17524455489118032
