118 13 1
-0.03785710011165745 0.07473188965756176 -0.2444670153570605 -0.00031342955936952227 -0.17780164653340064 -0.0015485063970129506 -0.1529335039453567 -0.03822125724346774 -0.0001024707526054521 0.05737609301831047 -0.014588123942386195 0.05579981745639151 -0.0007230040264218534 
0.15467915766352433 -0.22030194041145768 0.03840893271797058 -7.360644975155827e-05 -0.002334748169420149 -0.0011390331790922029 -0.14766588313963258 0.12292970071716544 0.0022065438014245383 -0.06513459935174186 0.1290802957607419 0.13892612115099137 0.0014281087672890814 
-0.19413637922377994 -0.21986173247888524 -0.04151040232025865 0.001286174037483337 -0.18449082286870022 -6.879785668917365e-05 0.1775050864889603 0.08185232422553865 0.0002960726875255727 0.0561015923949329 0.02997255340254407 0.10963931063183888 -0.0023765136904705777 
0.2604994384865867 0.18542583092125056 -0.1722166605718474 -0.00038525529184945095 0.1120353836605024 -0.0014476072352412556 -0.03999277395431491 0.05834306577757778 -0.00034083591362506585 -0.1826251642307914 0.2306437526106998 -0.0023625414931485672 0.0002593507785797599 
-0.06016956191728394 -0.12033794906194475 0.021534287849832606 -0.001952110173460328 0.002899661891705247 -0.0010916115367566636 0.018977974447717896 0.03668329528734773 -0.001455684408608109 -0.01470264759587736 0.17098582659195055 -0.05423521825165967 -0.0019907216416403316 
2.4667990920067036e-05 0.00022087298555916832 9.066091071741442e-06 0.001929238068315471 7.865306815478594e-05 0.0015084405642332558 -0.0011613039794511689 -0.0011474892931555097 0.000789899530551295 -0.00010108468320399165 -0.0009606014368246823 0.001745507521383201 -0.0001939497534143796 
0.035311109501595356 0.07835577731137243 0.1343400122821389 0.00013647048050906084 0.07875644384363889 -0.00019143083826851726 -0.11636748753295868 0.11015723705268697 -6.037813885490887e-05 0.1810004708345003 0.22146315959479654 0.03521094565270704 -0.0013461553184810114 
0.23910411615353286 -0.03924745487019715 -0.01345998080080297 -8.587314116841362e-05 -0.1371984734718337 0.0015082319339258085 0.011966475767627292 -0.14756199370147172 0.0001250049464259305 -0.016528851426666578 -0.0568026771385729 0.13550428174830714 -0.000173444615122986 
0.21027018077506085 0.03525303970250658 -0.1469982283674047 0.0017655787742805779 0.07290416135600332 0.002585541005526127 -0.14621861887562512 -0.10738198859292393 0.001798809131180352 0.12245107533770025 -0.20228514459876554 0.05751936263631998 0.0005194961906030237 
0.1748344542760807 0.0723539956252931 -0.22875865397582956 -0.002355915373405193 -0.2293796927541428 -0.0022490415171424 -0.12822030822624417 0.22905749306165776 2.713282897470786e-05 0.11581130570037688 0.09477670389251697 -0.20427214831460866 -0.00038970286053591625 
0.14123983599726417 0.1759060982186352 0.1231444602898246 -0.002371856720257343 0.159683626310434 -0.0005786174880188381 0.11362174708850112 0.0018125676514731959 0.0011691518805584046 0.1481336784358309 0.09029444322440909 -0.17144350419907461 -0.001879406226764202 
-0.2011938654457662 -0.21427605545028613 -0.04214389617842822 -0.0006132422984699449 0.08707732076649968 4.689842049682547e-05 -0.22596585676600878 -0.1567998825938135 0.002194452511378599 0.08340200813026925 0.029925576199599516 -0.11199430478505959 0.00047727331932457525 
-0.000773580647330696 7.189845574052631e-05 0.4703457668106304 0.0010449184693044678 -0.12851310373784627 -3.6059123819496836e-06 0.00012987025885393395 0.07579497933445375 -0.001019325821581281 -0.31539157819334573 -0.03635557585828615 -8.25489237240985e-06 0.00010726955220660034 
-0.39391333601663003 -0.09977243520541282 0.21753748095716308 6.986233046753222e-05 -0.0738712260855892 3.811009839376693e-05 0.08741055717294403 0.0771478429162781 -0.00044253586216979034 -0.013358390464560804 -0.23763891513298147 0.051857529979001754 -0.0006921853927687802 
0.0005146634004607381 -0.0018080220785668018 -0.00046059716202274785 0.0007746379463564404 -0.0007850980518430159 0.00016671718256020546 1.5898312690710163e-05 0.0017176831361996844 -0.0004488440567537385 -0.0018141478308833835 0.0004424798573144429 0.0006030261447729505 0.0015499735895367378 
0.11232208476606212 -0.002433295947953069 -0.3347587746801728 0.00012437839408546453 0.20813087679057873 0.0019922001570459764 0.013115921248660177 0.280017990512283 0.0001710305475266054 0.06079165486969433 -0.09653436848731942 0.00010412728158985097 3.677379225682888e-05 
0.0017317930779005728 0.001656281581812082 -0.00010538777431433518 0.002145692785897316 -0.000904114989787089 -0.0012494665267506918 -0.0011798592596050546 3.2661440181266142e-06 -0.0023347707033390067 0.0019671393385583135 0.0009110149030923406 -0.0024192291642548885 -0.0008898039333127609 
-0.17476701257216729 -0.17769275214890176 0.11450353208442053 -0.0002007899542548069 0.16213363368968187 7.273349317031869e-05 0.14210616415790267 0.0696225923109081 0.0015270674702028567 -0.08467014892517173 0.15213234355222394 0.06894122843105165 -0.00036701797130113005 
-5.7588327705573815e-06 9.627016213292064e-05 -0.11412500397977449 8.813997846378152e-05 -0.047726636403085436 0.000789720255789496 -0.09281445529643724 0.17596372520560513 6.751654794052612e-05 0.1446033122587813 -0.06550137064803074 0.00011642711603988467 -0.0019459691781501943 
0.023364321839488097 0.05933873365905024 0.1408502645982228 -0.0026170849842157653 0.17355677770002575 -0.0001360159230811549 0.17923933873112016 -0.12301634714907593 0.0009222413574609428 -0.19866264779897425 0.32333402001107175 -0.13066321279570106 7.902349562561782e-05 
0.15722473052970876 0.0011291983395755316 0.0015187213124779123 0.00031462200955440834 0.13397370228403227 -0.0002552872867553887 0.058063437154639234 -0.016009585840834926 -0.00012629661793889645 -0.4512441849089083 -0.1246031189931573 -0.14694973451882717 0.00013333363538094506 
0.005551200600593862 0.18525106103635136 0.1363404235632645 -0.0007556987815783355 -0.04017723955922366 -0.00020398004282306184 0.12136393422927223 0.21058206565877105 0.0015125442735384692 0.10786659880289651 -0.11488028725344453 -0.15780806267545397 0.0011036350043094735 
0.059011966468043325 0.11152413369400412 -0.011069669996988923 0.00043508366364367946 -0.016611857772875417 0.000596828069245883 0.009942843237971614 0.05275965256149865 -0.0002054993250023199 -0.10086216747982801 -0.11920384739147112 -0.20500769368138028 0.0023908942831587475 
-0.2483264649647187 0.11468562445464708 0.1237971812406178 0.00028600344702581974 0.001766572550473772 -0.0009903436772670828 -0.03156592863305327 -0.03177859391784471 -0.0006165047105034914 0.12395051193245447 -0.18206398918301517 0.1626212620349453 0.0015673362633318866 
-0.07371738715831992 -0.0013795051671601402 -0.04030427985521489 -2.325354953272463e-07 0.06682484086820341 -0.0007027393283052119 -0.12432308969854536 -0.09991933115995873 -7.549039916476934e-05 -0.24198318982171302 0.4162055631954023 -0.17430451804692523 9.710074911860264e-06 
0.049265166662283456 -0.16697814969599453 0.02164538589967755 3.1664358989133756e-05 0.04092328736964866 -0.0011077708412870959 0.08663406042361066 -0.3297420560345633 1.2093295699875267e-05 -0.1330647238540935 0.189099455622404 -0.1400618097639751 0.0012434011800094794 
0.04170627565993989 -0.008492607912242543 0.17296587706844058 0.0019879790408326072 0.17093249898855753 0.0010978387227577899 -0.19096211341268263 0.12043328120097278 0.0003316459564687485 0.10777556137334005 0.17195367771998102 -0.002171909134116776 0.0005937549815666734 
0.8538561394412524 -0.12955916737867088 0.04757927253930736 0.00015255308548036176 -0.0835165373017179 0.0007287143527986224 -0.03795162817851972 0.07432217887593827 0.002492225231017939 -0.1276661798381932 -0.06338463706974426 0.15946460602678902 2.949078291681822e-05 
0.16408066664545407 0.039137136784178087 0.28876523718368247 3.353328226677257e-05 0.009450439354551669 -0.0011771446666265055 -0.07908974357435154 -0.17447516847389538 -0.0009943032217373594 0.16279017443487412 -0.049084305146379126 -0.06311193290115141 0.0011599257302206054 
-0.046542080486766314 0.06384961356892244 -0.04095741619220794 -4.521796195154214e-05 0.04144026762445628 0.0024825620329040265 -0.1410460150300864 0.10598965043538579 -0.0004532485715882222 0.40691939359697377 -0.467192562214496 -0.19175201414981155 4.995710987052909e-06 
0.14731520404466997 0.0007398630417660101 -0.48644831675069605 -0.002257788348012613 0.01522986683767077 0.0010237593600734135 -0.06442609998330308 -0.1472514933066728 6.637148735205038e-06 -0.38408539567948685 0.7258208998572185 0.12362546306128702 -0.0021993630128222283 
0.3289718492591014 -2.392843814320497e-05 0.41814001775333576 -0.0006342980801840616 -0.1205199745534422 -0.0016542138809091443 -0.04298663926708989 -0.2473002125349085 0.00015542599349908101 -0.09037483338198062 0.3126403602150095 0.10417292045452484 -0.00020604372677346765 
0.0010379640521299826 -5.958889956395028e-05 0.22622412159231875 0.0001416150398412346 -0.17387968984746302 -0.0016851859990767968 -0.002375937836101202 -0.2716992568388669 -2.936541806047232e-05 -0.3183711119137724 -0.03402827352949805 0.10299869159485715 -0.00010542683081715352 
0.0004900826182767618 -3.494037812174605e-05 0.37449849896698373 -1.3908794001052708e-05 -0.028297911943760152 0.0007655309079819646 -9.406188299513059e-05 0.10819829557109245 -0.0021417967270002613 0.00496198208404318 -0.012551675390543162 0.00012736050837646403 -0.0024810083217899574 
0.18809180999035835 -0.0025808397789800464 0.12401644491930731 0.0015271587958376543 0.10687456402274116 0.001622041227886286 -0.0011002532500774544 -0.12724115830481453 -0.0008192939919376095 -0.34310761251868965 0.06361796213956436 0.14092059073810057 0.00035638472679255345 
0.2962014270856864 0.15754803818351765 0.05653179995300989 -0.0005035460845424407 -0.13637732052707432 -0.001306198018307671 0.1277707775489002 -0.2052078295636462 -0.00044494669693920637 -0.051904794361214174 0.24573836677132102 0.15110225487760237 -0.0004359205524635317 
0.015076353404300052 -0.0972447325072867 0.08071962005953824 -0.00015475805426211014 -0.04983580824087025 7.372460259786212e-06 0.16812654180151126 -0.03637981288423347 0.00037592292891009495 0.35922520771306 -0.41119801282823887 -0.01991155757459056 -0.00024656684764910145 
0.33541555301914516 0.008035958530395687 0.067180645610189 -3.45240372924354e-05 0.03019140504287945 -0.0003523369520083652 -0.22746941506823432 0.10572438060431104 -0.000286413210085103 0.12035991078733935 0.07207628729273707 -0.04414209242283101 -0.000514012093933536 
-0.13982404178074817 0.16728521719110287 -0.049314831245299076 0.0010272039357632737 0.18646266396138647 -0.0006026497486758364 -0.18253184793204422 -0.08245699319451273 -0.00027806127353739225 -0.12699543073839056 0.06464553805537435 -0.08562383298718064 0.0008433790730085433 
-0.4108007754661229 0.06715867986658171 -0.1465286632058645 6.310559504989594e-05 -0.09814381728866325 -0.0019119123082252491 -0.1328956760900059 0.2302214759428101 -1.5591908280868988e-06 0.20224964161113296 -0.4739437175305223 0.008479294324185961 0.002577689622359977 
0.0749518682211732 8.940173615268103e-05 0.1613063021170323 0.001491375266348942 0.018493240216518894 -0.0021980965261015656 -0.18898779242342456 -0.24829476284083662 -3.556707617007632e-05 -0.4016346062366723 0.35882256790062905 -0.21471893842776069 0.002262714147277583 
0.15821357401253847 0.1214070872930906 0.17818750495101582 0.00023306443332627553 -0.03733975436299527 -0.0024440793244554014 -0.08759408318065363 -0.10484938076160503 0.00042352700251791327 -0.18413488899641978 0.16875919974705178 -0.17688519110876602 -0.002473990477066648 
-0.3332208046294399 -0.100012366033616 0.08023427936770693 -0.0006402898771913256 -0.09117057515648279 1.533082953605179e-05 0.0924705275732958 0.018513610629000296 -0.0012617498382455252 0.09404576751237781 -0.16074367716738325 0.06563958774255083 0.000593332994382458 
0.1621790263523368 -0.2198711069092234 -0.32166593463202187 0.0008051436192972337 -0.245061268719856 0.00024257461061364814 0.059551822533888264 -0.22690258608329184 0.001617275839332282 -0.2865988817048562 0.24527758690360696 -0.049134171872586535 0.0011367927231032402 
-0.25476362771323063 0.037135684499182496 0.14161503265977282 6.831027848952788e-05 -0.1187608262102163 4.775079208580815e-05 0.055526260284059055 -0.13672408810953834 0.0011105558976889844 -0.38311049751240744 0.3399581868769509 -0.09350823491123131 0.0006108552634291341 
-0.10603489976509091 0.12569567658693406 -0.08313087215572242 -0.0006737030756581333 0.08951181435316599 -0.0002945489775094291 0.07827808394171347 0.3620986212280573 -0.0006344776411095338 0.18958879451500402 -0.561867041664848 -0.11519442078959247 -0.00013511443090137557 
-0.30021433737920333 -0.18408193047004956 0.0002480126850828179 0.0007464032307267291 -0.20138879525460082 -0.0005845770280629839 -0.0007057928583064772 0.45408919169168793 0.0003570251853905159 0.42727051040617803 -0.5483598882043462 0.15176455303020828 -5.22191639132025e-05 
-0.18739213601085877 0.00033975707601508577 0.44485435875209334 -0.001250436692430248 0.18450486355804138 -0.0009981725784887015 -0.0007331756966067388 -0.16615756281571928 -9.143968478505913e-05 -0.3412984616138035 0.3147101075004812 -0.14084713949766142 0.00017588252788378338 
-0.23307782709677494 -0.0006892290124369488 -0.4817557510301374 0.0004983963486747599 0.01350420252873902 9.336212308098587e-05 -0.10272733402341672 -0.3278723691448654 0.0019372068327589383 -0.6809172736647753 0.9846289766122227 -0.0019210474901896586 0.0009648081475383953 
-0.0007919922364129673 -0.00010504428324825733 0.7205353318274694 -0.001667910393193663 0.15370512761288815 -0.0001478647276413056 2.047897128828267e-05 0.6514437008226588 -0.001202751431167025 0.7650300706342371 -1.1914680826838928 0.002331780067993098 -0.000455705556980023 
0.546139802324219 -0.0014043343930598693 0.39387411197747835 -0.00141747985806093 0.1829002898970055 -0.0008836915198653861 0.014375490825069177 -0.41005512335155153 0.0006779229810955344 -0.38281611982979 0.43235475507000715 0.09773758124666129 -0.0010682133441990323 
3.824369369819459e-05 -0.0006586169166665757 -0.2287310573388326 0.0003971877749063153 -0.16581711827687193 0.0011570068202738967 -0.21921650235381743 -0.12767680107274182 4.605235603350151e-05 -0.5728826741542128 0.7599844005825778 0.00037609694636300437 0.0024502129902399753 
0.036804878184417716 -0.2183858040971875 0.45382314779392097 0.0011260568770618666 0.08475667256130297 1.0269012929379895e-05 0.000342683423638493 -0.16623239993657232 -0.00013910131594221494 -0.28867727767051454 0.5818360436754273 0.031147266579408715 -9.483252341700873e-05 
0.00031233283823577367 -0.002579531783833706 0.0006161952082957257 0.0014443786734217856 -0.12850600710971968 -0.0012952412677415801 -0.0006400403021173532 -0.1792821833289593 0.00132717017419559 -0.13043996334538077 0.09023050101438551 -0.0011545413980280866 -0.0003521795335168476 
0.00011947315632022487 -0.00025142146937786583 -1.1483917657367881 -4.2965442640863836e-05 0.11275107141057558 -6.243067170973786e-05 -0.08311549841491911 -0.5281370936796217 -0.0006340523613952067 -2.2109375465845665e-05 0.9838687661171032 0.00014227797369048507 0.001279699063215887 
-3.942807999476708e-05 0.0006641331376363915 -3.079254752221846e-05 0.00020300287108671928 -0.001205282680502049 -5.478934155819581e-05 0.001564238875843988 0.0001059395970061958 0.0005774459272809241 2.6961424245886613e-06 -1.097210933634695e-06 0.0010171642672296317 -0.0017945500060303724 
6.198095619382422e-05 0.0019088901063927704 -0.3691729499827612 -0.0007791282440939949 0.14716423758612038 -0.0004960152684113169 0.0003228679069100102 0.12824607274567001 0.001976951038335344 0.21353967167883317 -0.07734068000291501 -0.0025137318234761913 0.0024770500809936312 
-0.0016919871057922745 -0.00025676009164807083 0.43964914662324356 -0.0025001513254698385 0.09620707561725851 0.0011512192280915838 -4.737171715418564e-05 -0.27170154746348285 0.0007628339897341164 -0.24000851330746645 0.09957750323721519 0.0017490379853586492 0.0014403512862926383 
-0.3272075967316662 0.1272072581410095 0.14245255501439327 0.00027201795571842616 -0.013187686632645775 3.313765372238811e-06 -0.13882363300070505 0.2808808077928891 -0.00033889485508157565 -0.06751713207440856 -0.27741568025182667 -0.0024314380562332713 0.0003727076669487607 
0.08173172819014791 0.12007922569521161 -0.421434791762687 0.000702822297708049 0.10002555997868082 0.0006307237710673436 -0.05120891543179215 0.10750888913313997 -0.0008671654815509527 -0.003700956699616382 -0.022912906683846074 -8.517841260605736e-05 -0.0005401356531993362 
-0.019788164573109026 0.17670005941824782 -0.27948194721992947 0.0023866444081210624 0.06557767185985405 -0.0001387097123244466 0.13392470025333483 0.027818328550480362 -0.0004943671535422899 0.07775497088484781 0.14783058233910618 -0.00017294224520372471 -0.0002355605051936937 
0.0003125183574655016 -0.00042826800709280913 0.19932376667715948 -0.0003354507748526257 -0.04554746639028054 -7.234933158419304e-06 0.14434149336305435 -0.1994783643125238 -0.000838891108141535 -0.3906045945352789 0.6549941897147531 -4.096979312244143e-05 0.0016877652347128888 
-0.1383471733641519 0.0001112355737170574 -0.14301045923135314 -0.0006011834080770657 -0.19240052237093713 -7.435510486503517e-05 0.17650360044432697 0.0471569970862652 0.0006401821458960543 -0.00785434401691531 -0.1969894682675803 -0.0011073825757254986 0.00037555028153359683 
0.07033122094032357 0.07467471901135833 -0.47949248957746043 0.0002974952842508844 -0.10038926180145973 -6.446252072589206e-05 -0.062266287654526215 -0.019289194518111792 -0.0019042767064560617 0.13032171549689675 0.2160523140801626 0.00011900272080299845 0.00018531556953719792 
0.12938582644059987 -0.0010717305304332823 0.3905350163850814 0.0012630204069794685 -0.154490207961724 -2.5721037040451754e-05 -0.03841178076801764 -0.06478770215462717 -0.0009866481908336808 -0.24347802499677276 0.0910841044390101 0.001028592483628951 0.000749517944470525 
0.08624748794628373 0.019099807168454965 0.1525040573733192 5.675702173321177e-06 -0.060039924562908645 0.0011393209443672826 0.062130759861710634 0.04492377883596392 -0.0012623327039385057 -0.07996881641047869 0.35045587943364787 0.001970861929257805 0.00017839369037207762 
-0.28085396454301437 0.00016603904070156447 -0.7144346516200749 -2.0979999540037277e-05 -0.05582822282197183 9.650608412707168e-05 0.13475237227798492 -0.01552881592248447 6.938120432643266e-05 0.10136495255762616 -0.015444730173050035 0.0025040006175865324 -0.0019562516404276566 
0.4717774403314683 -0.03906776510396282 -0.0014092615351876507 0.00013646724431659544 -0.17929999284114193 -0.0003707540121731324 -0.0018671958255003205 0.23942094130813907 0.00023237032412927393 0.1524195198169919 -0.38034963490203455 0.0004903581838149999 -0.00021089460033325415 
0.0007216560270909969 -7.248115604868082e-06 1.66376498502416e-05 -0.0022467435143790405 0.07753598828481872 -0.0001875611914848284 -0.0005964037745493309 -0.22237859741101798 -0.0001256695003863718 -0.3104147685636451 0.5607392655615332 -0.00015902512514707917 0.0006138236773739564 
0.11625877689986205 0.13985120102494206 0.040894473835242424 -0.000522119060507438 0.17932731279988295 -0.0020649346844747738 0.1791343638087128 0.006896799604566648 -0.00013640666127754357 0.21186856807667254 -0.18507571304469675 1.0280879790125816e-05 -0.00221444073719627 
5.9524484362123545e-05 -0.0008629700948904304 0.00014997789698549473 0.002366300171797724 0.14510707836675768 -3.547061256375395e-05 0.00034758952533460826 -0.03724105864556715 -2.9658451019843277e-06 -0.257579327302618 0.20513694715753433 -0.000149294314031943 -0.001125165816617662 
0.0004116466294943488 -1.467039071058932e-05 -3.827639908321007e-05 0.001352545530114744 -0.00389042548832989 -8.455122713819628e-05 -0.1073858921723935 -0.2895981409133021 -7.25415138076158e-05 -0.331149564164289 0.054335231870617506 1.99884492468623e-06 0.0021780454553003534 
-0.0013927178162971051 0.00024405010257407927 0.6879031830735368 0.000627008322640022 -0.16670489798842972 -0.0016370529097706867 -9.875832329660942e-05 -0.09735456930356617 -0.0007953509942320034 -0.17814519134250517 0.2639484326733896 -0.0006572142467416319 -0.002396992629115131 
-9.959919074071605e-05 -0.00012806234310719513 0.00021024570043379768 -0.0017618651319960422 -0.0010489700936874452 -0.0023988180299788654 -0.0013543160731978288 0.0001929577941189469 -9.367632517287588e-05 -0.0002597230528168849 4.502914192777329e-05 0.002532625641682867 0.0009595327966302408 
0.0003194429268846547 0.0016515503317069634 -0.29830731158493096 -0.0017679764807722695 -0.030428868576604904 -0.00019083540357326968 0.0018486347738173518 -0.22477563070647197 2.7833055250110825e-05 -0.16905836225765644 0.32311406150186356 0.0012770061905167367 -0.0004879251477838207 
-0.000409064144456746 -0.00024043785299542248 -0.09021405081373732 -0.00064081949373214 0.058404822304935586 -0.0011208664801158619 -0.0015318426704747886 0.05893795982422262 -0.000560638033506633 -0.2613235316938712 0.3122481265923136 1.6736306778560726e-05 -0.0017091781927912131 
0.20770266378628577 0.17334717772885005 0.0031130057785906523 -0.0003735758700871547 -0.01348634383258608 -0.00021316956655187096 0.0033363851243605534 -0.0005268141118813401 -0.00028566976362254964 -0.21801586545484486 0.28717923641860854 0.052654017114176166 -0.00024703574395921286 
0.13615300604631736 0.0005101732147363037 0.1340750758335816 -2.0340698293813962e-05 -0.1427817880863182 -0.0020891630429178266 -0.09867700200711071 -0.3579861667241621 0.00030192831862507194 -0.21726527592624292 0.36325507265044293 0.0005821883703071564 2.476079087547434e-05 
-0.04547456679586982 -0.0011820891579250074 -0.5613065337267353 -0.00022218940901905902 -0.21151210600955314 0.00010537595508009714 -0.017752237427794113 -0.21585988122244973 -5.549084108236769e-05 -0.2887938329426295 0.5223456807459622 -0.0024141760917405332 0.0012445813609502983 
-0.056354014119555554 0.11154701216437754 -0.10661109429598196 -0.001979804984576446 -0.0933373713473017 -0.0018422073607086435 -0.04924258419950498 0.21593434102990786 -0.001652719436959479 0.12693906245401979 -0.28699855058873996 0.0006064342325958593 0.0010068654673368045 
-0.29866771889996335 -0.032508695710530604 0.5704295804461433 0.0020185503196956944 0.20453400555563356 0.00011957810572305096 0.18765634036101494 0.2900871402932209 0.0014573658383615121 0.5271126195191601 -0.8258517304479323 0.0018875750577732908 0.0002741166377348085 
-0.1447987900368281 0.1409695846126553 0.2711582185244551 0.00010508111175418055 0.07408410249216052 -0.0004885162943392338 0.022074500789614964 -0.022769694976770342 -0.0019436770554871578 -0.27120331333330056 0.44401541015903556 0.04685519789374376 2.0943413999770547e-05 
0.16099710343603363 -0.00033612358552996676 -0.08503459617601844 -6.810533070865303e-05 -0.20999063763610815 0.0014495165018543555 -0.1470499027535345 0.0023177442354071864 0.001316526239558626 -0.3345286964256534 0.512768499118697 1.7836550698110973e-05 0.00013855024053681842 
0.15125622744019016 -0.11084192548473182 0.22932649308968575 5.554247033498221e-05 -0.17467487673148618 -0.0006069808928893829 0.0350695373670879 0.07061951256966954 -0.001208651216888556 0.18248402099284114 -0.32240926334379344 0.039312158186598965 0.002149364582720591 
0.712839863622789 9.119105307160137e-05 0.18591960668939167 0.000122552954735231 -0.20846217446325005 0.0005042570140575619 0.17616360844868828 0.08900376309925495 -0.0007902066888876367 0.40370402853284304 -0.5517670857850161 -0.0857689488044651 0.0016450676493321122 
-0.28071033578457405 0.0011058061799050414 0.17459895961911087 0.0008820453797487454 0.14338892364235675 -0.00025983074178607344 -0.17452860744509602 0.2066804378175432 -4.683152528581092e-05 0.3451384499382586 -0.5139817838884173 -0.002153766250156251 -0.0007466346563723272 
0.8714289833161625 -0.0024578812160982247 0.05937968755217263 -0.0023366785959190155 0.19315481196733372 7.275368285248553e-05 -0.10411506003274124 0.25776073965663276 4.142154691579217e-06 0.2773586578475598 -0.30328912057636925 -0.1132079745903088 -0.00030448673748643073 
-0.21679533938295445 -0.1271121499838274 0.5748861399285639 0.00030789852410806855 -0.20687858043299165 0.002241442225671904 0.09175675774305615 0.2545361761794463 0.0005098856913381042 0.09637899330394649 -0.24582403709070053 -0.029251120638402274 0.0002425818442078195 
-0.15991699422326297 0.07624648831480704 0.09353369860121359 0.0003118469862686115 0.061360176570054784 -0.001060628020984809 0.09909041241435768 0.2858373400657637 0.0015149824193694628 0.10871760081856721 -0.4149032487464313 -0.03816468736632964 -0.0002609696169846234 
-0.45976235004380117 0.00011889825668060116 -0.06813753694677284 -6.087691758923988e-05 -0.1552264407599571 -0.0013436785184782897 -0.00014179322359620083 0.142269364102337 0.0008705412816273064 0.4986961431258069 -0.5914367928852998 -0.009807968467409363 -0.0015884277784309088 
0.047291053565472405 -0.03210738804058172 -0.0007555767427592308 -0.002284535268518281 0.08609660822506174 0.00040441725626142214 -0.0002352702380953561 -0.10349117190769362 -5.996836430360657e-05 -0.18389137232605224 0.47950199928595416 0.03847946998770964 -0.0007435862337948381 
0.26421769243319254 0.0014265495249427375 -0.501267318673283 0.0012274773738033338 0.15024521457481144 -0.00023665573773356464 0.06557783150186491 -0.09391547120659954 -0.001712517785691842 -0.23926240001870908 0.406739798412016 0.14323153688653112 0.00022903317635668798 
0.19682591528637564 -0.001057783771103223 0.0001585299700872179 0.001051777038978272 0.0008774550863595236 0.00014484776863177797 0.002063011267507185 -0.08572874561922181 -0.0007598690250310311 -0.3056001880587503 0.24953498564238089 0.002512080884874514 -0.00012953410251509526 
0.43811414985212616 1.1713833792203698e-05 -0.43365012918038387 -0.0017240211889479101 -0.07482072448010137 -0.001273270030151416 0.04891836157508213 -0.18598954668388573 0.0024981951865352746 -0.1385950422444663 0.22288537089592705 -0.00010537744198564154 -2.6783388750684524e-05 
0.2844128725826178 0.0006432932504281934 0.2587257786992363 -7.018998510109415e-05 -0.12002089001999065 0.0015785805730717793 -0.21043732150093158 -0.10302661851755836 -0.0008142981861874958 -0.30715841912914743 0.40145081645691166 0.002280613503832024 -0.0012786034960139334 
0.1380838557378756 0.0013824209629845782 0.0566955631600651 -0.00029278125817981465 -0.2348882069165585 -0.0006041047050807088 -0.1650555421877077 -0.22324730947623644 0.0014435299665411948 -0.11992843042944372 0.3589342498474981 -1.954747736823954e-05 0.0009111475281073624 
-2.386427550437894e-06 -0.00016078744479001728 0.11782329843282638 0.0017169953718798687 -0.06921082399374032 -4.141974664934812e-06 -0.11687899079996585 0.045370969065124334 -0.00012430703771263075 -0.36447263715323225 0.3018704108208637 -0.0008000810604118605 -0.0013168363045221734 
-0.0325435895361717 0.08676589462934796 8.401581990517639e-05 -0.0005336139804281544 0.0001357058526239087 0.00016447918267224268 -0.00024247333812685382 -0.057861188447629074 0.0013061615100474072 0.2908429826319171 -0.32630343859149097 -0.0004866556635806674 8.521222833757809e-05 
0.284962337710803 -0.0564671777735484 -0.7695031368909865 -0.0005275753116455907 -0.1660477860006446 -0.0003118261809966531 0.09496088235522278 0.04896007260177439 0.0002424231952147336 -0.2742780421101031 0.22636383097367246 1.8080464500000265e-06 -0.0005883184474913994 
-0.0008980855839456984 -0.0008352539175737789 -0.024496576577650867 0.002387931736091896 0.1535434660121639 -0.00019483643827024615 0.0006425942404781246 0.15101018890670656 0.0008439345052237528 -0.5677297466092954 -0.34868734313144234 0.11690348335992196 -0.0014748370028341915 
2.5592258540843992e-05 -0.00015587412082576318 0.30358812674208707 0.002092445022384224 -0.06591635261685429 -0.00010836727827488019 0.0006964954028674031 0.03874460808143879 -0.00010693485882608692 0.07954073304954683 -0.06619409851267173 -0.161626850063684 -3.65927429051745e-05 
-0.0002252334716397396 -0.0006517247746691732 0.06279300076347794 0.0002895412333147238 0.028317368971972078 0.0004889163788396209 2.9852210832707495e-05 -0.016092700185177604 0.001777338644009246 -0.3909022101186525 0.4602704637576321 -0.11106888303776827 -0.0017546566573561461 
0.0023373039314328425 -0.0005628535047690739 0.0967653435811147 -0.0015743776756605766 -0.14375144070106635 1.6021249747321194e-06 -0.1825827724369165 0.018655998283330647 2.6416973922623097e-05 0.14407594915035501 -0.2109825177156449 0.006004608756315904 -0.00011213174637503772 
0.00030918009921340674 0.00025840094773649436 0.5909690049544655 4.8766999881677706e-05 -0.07297134582358294 0.00011821156980494328 0.0018323065872523929 0.4707175684606115 0.002349090225605228 0.5780588404271249 -0.5959387150153249 -0.002135272308915922 0.0005679547899156748 
1.1353739390368105e-05 -0.002549294794645075 -0.2264972583931724 2.3792219083789303e-05 0.09027682077560809 -0.0019551475369489514 0.007005713380235176 0.10378960428856632 0.00018808553131433037 0.1838691634235405 -0.2193446415054015 -0.000398187762388276 0.001661314807745168 
-0.07590523575125417 9.720420194297656e-05 0.002520090964242653 0.0014410137061674597 0.18382135233670854 0.002602111448605994 -0.1602026734229682 0.07159986907192799 -0.0017354220217662656 0.16095628806092177 -0.2029521820618982 -0.0015255711503827766 0.0010090522162799786 
0.00027679301096871097 -7.469062305019978e-06 -0.00019635099692624214 -0.00018109079952669413 -0.11979818965567109 0.00158062161630669 0.00040706103995252155 -0.13000140823062836 -2.683302938858458e-05 0.12867221836297482 -0.5128153373155949 0.0013412558844913532 0.000597407802904599 
-0.00023693359054127548 0.0007285488307920105 0.018149281512136826 -0.00029678028935390104 0.16388579707146722 0.0023148551452484793 -0.00366259007964439 0.20123565560374015 0.0013698215192701282 0.28408419842494 -0.24303448032989877 0.00035383190449768946 -3.197592195150542e-05 
0.00010552535379756079 0.002491343944323963 0.8507773960323808 -0.00022558495900441958 -0.19266925116940237 -0.000835723482445403 0.005931151737202531 0.5505495026515778 0.0007513574252858177 0.9664553849620459 -0.9886804707089865 0.0011424822645351308 0.002075841999044413 
0.0021003592190557783 -0.0021321679283630864 0.31753663307693153 -0.0025427313199395353 -0.0922325214749212 -0.0019259715849646109 -0.00034003366399401537 -0.09051008515291395 0.002032450366349996 -0.09489814151876545 0.033052148621273654 1.706514518601561e-06 0.00017475505218631112 
-0.0013764143591622473 0.0005378285227689366 -0.11871275184591372 0.001026639804356664 0.14783524960520397 -0.0001267454115423827 -4.3280094340806325e-05 -0.3908433225191873 -0.000612767722436133 -0.13677543662497058 0.2538179678356004 0.0015459888601555903 0.0013921483207121734 
0.0016942074555439017 -0.0010238296892589962 0.028141444711749827 0.00015195994947583502 -0.14550413788541852 -0.00019992532634978616 -0.15843281547544902 -0.22173455473461057 -0.001631400101014077 -0.5152058831583668 0.3478113437845624 0.00029358090991811855 6.261002897069329e-05 
0.001246647701635613 -0.0005259700468805608 0.04907391706410346 -0.002173610885654301 0.011878637242248392 0.0011667130712437277 0.002408011301455577 0.34416553161068725 -0.0004909970623816818 0.6962448502366488 -1.1827174506313274 -0.0024835784409181615 -5.795206163979672e-06 
-0.0020422052577985603 -0.0003927420606617009 -0.1933951392999163 -0.00033736307979451467 -0.11750253870371191 8.405155014945835e-05 -0.05807502426679981 -0.10223875244042203 -2.2123957304920382e-06 -0.317063567361635 0.3870059421296984 -0.00036253125638465106 -0.0011945088792141402 
0.0018467801488896332 0.0007751052259498153 0.3342577804061185 -0.0008328442572996279 0.1695788376976112 0.0018324884931322808 -0.10615203841428951 0.04247299681191945 3.8575582760690516e-05 0.15158648148198448 -0.32474246276580737 -0.0008332250402517283 0.0019604272454000074 
-3.57295575980993e-06 0.0021535981022768468 -0.07509226061064331 -9.59460453785339e-06 0.18517991750638407 -0.0011178934284582379 0.00015260423288225133 -0.030200955911240893 -5.383388485135312e-05 -0.3987145429461619 0.27855540128260053 -2.3819908402877876e-05 0.0007861494816645041 
-0.000475291227138067 -0.00011081717119235748 -0.13919748060803602 0.0002803803218382382 0.19467449428250733 -0.0008819968570043021 0.0008749264455403853 -0.21459461229044738 -0.001900734113163552 -0.36525134648166663 0.46768050859046906 0.001374565771815458 -0.00035511003066900895 
0.17497133004211438 0.12965653051592896 -0.09191476234735882 -2.146810735923306e-05 0.029946972757977735 -0.0010106620639016037 -0.22546627885779943 0.009787967679291144 -0.002413649437734389 0.21409137065072567 -0.14469230641279576 -0.10699188786967391 0.0006424823907542664 
-0.3601999373418564 
-0.6021492586336104 
0.652684751042618 
0.01557678325310119 
0.46183457362246905 
0.002896687842717741 
0.38643231824179025 
0.5140319230511499 
-0.00017034052908304848 
0.31304325180524173 
-0.15275975358878477 
0.24078819661260295 
0.0035527582599678273 
