24
1
0 50
1 2 3 4 5 6 7 8 9 
3
0 50
1 2 3 4 5 6 7 8 9 
5
0 50
1 2 3 4 5 6 7 8 9 
10
0 50
1 2 3 4 5 6 7 8 9 
11
0 50
1 2 3 4 5 6 7 8 9 
13
0 50
1 2 3 4 5 6 7 8 9 
14
0 50
1 2 3 4 5 6 7 8 9 
15
0 50
1 2 3 4 5 6 7 8 9 
16
0 50
1 2 3 4 5 6 7 8 9 
17
0 50
1 2 3 4 5 6 7 8 9 
18
0 50
1 2 3 4 5 6 7 8 9 
20
0 50
1 2 3 4 5 6 7 8 9 
21
0 50
1 2 3 4 5 6 7 8 9 
26
0 50
1 2 3 4 5 6 7 8 9 
28
0 50
1 2 3 4 5 6 7 8 9 
29
0 50
1 2 3 4 5 6 7 8 9 
31
0 50
1 2 3 4 5 6 7 8 9 
32
0 50
1 2 3 4 5 6 7 8 9 
34
0 50
1 2 3 4 5 6 7 8 9 
35
0 50
1 2 3 4 5 6 7 8 9 
36
0 50
1 2 3 4 5 6 7 8 9 
37
0 50
1 2 3 4 5 6 7 8 9 
42
0 50
1 2 3 4 5 6 7 8 9 
43
0 50
1 2 3 4 5 6 7 8 9 
28
1 3
0 0
1 2 3 4 5 6 7 8 9 
1 13
0 0
1 2 3 4 5 6 7 8 9 
3 5
0 0
1 2 3 4 5 6 7 8 9 
5 10
0 0
1 2 3 4 5 6 7 8 9 
10 11
0 0
1 2 3 4 5 6 7 8 9 
10 14
0 0
1 2 3 4 5 6 7 8 9 
11 13
0 0
1 2 3 4 5 6 7 8 9 
11 16
0 0
1 2 3 4 5 6 7 8 9 
14 15
0 0
1 2 3 4 5 6 7 8 9 
15 16
0 0
1 2 3 4 5 6 7 8 9 
15 17
0 0
1 2 3 4 5 6 7 8 9 
17 18
0 0
1 2 3 4 5 6 7 8 9 
17 28
0 0
1 2 3 4 5 6 7 8 9 
18 20
0 0
1 2 3 4 5 6 7 8 9 
20 21
0 0
1 2 3 4 5 6 7 8 9 
21 26
0 0
1 2 3 4 5 6 7 8 9 
26 28
0 0
1 2 3 4 5 6 7 8 9 
26 29
0 0
1 2 3 4 5 6 7 8 9 
29 31
0 0
1 2 3 4 5 6 7 8 9 
29 35
0 0
1 2 3 4 5 6 7 8 9 
31 32
0 0
1 2 3 4 5 6 7 8 9 
32 34
0 0
1 2 3 4 5 6 7 8 9 
32 36
0 0
1 2 3 4 5 6 7 8 9 
34 35
0 0
1 2 3 4 5 6 7 8 9 
34 43
0 0
1 2 3 4 5 6 7 8 9 
36 37
0 0
1 2 3 4 5 6 7 8 9 
37 42
0 0
1 2 3 4 5 6 7 8 9 
42 43
0 0
1 2 3 4 5 6 7 8 9 
