13
23
0 1
1 2 6 7 11 15 16 17 18 20 22 24 27 28 
26
0 0
1 2 6 7 11 15 16 17 18 20 22 24 27 28 
29
0 0
1 2 6 7 11 15 16 17 18 20 22 24 27 28 
31
0 0
1 2 6 7 11 15 16 17 18 20 22 24 27 28 
33
1 3
1 2 6 7 11 15 16 17 18 20 22 24 27 28 
41
0 0
1 2 6 7 11 15 16 17 18 20 22 24 27 28 
42
0 1
1 2 6 7 11 15 16 17 18 20 22 24 27 28 
43
0 1
1 2 6 7 11 15 16 17 18 20 22 24 27 28 
47
0 0
1 2 6 7 11 15 16 17 18 20 22 24 27 28 
50
0 1
1 2 6 7 11 15 16 17 18 20 22 24 27 28 
52
0 2
1 2 6 7 11 15 16 17 18 20 22 24 27 28 
53
0 4
1 2 6 7 11 15 16 17 18 20 22 24 27 28 
59
0 2
1 2 6 7 11 15 16 17 18 20 22 24 27 28 
16
23 10 29
1 3
1 2 6 7 11 15 16 17 18 20 22 24 27 28 
23 14 26
0 3
1 2 6 7 11 15 16 17 18 20 22 24 27 28 
26 29
0 0
1 2 6 7 11 15 16 17 18 20 22 24 27 28 
29 31
0 0
1 2 6 7 11 15 16 17 18 20 22 24 27 28 
31 6 42
0 1
1 2 6 7 11 15 16 17 18 20 22 24 27 28 
31 41
0 0
1 2 6 7 11 15 16 17 18 20 22 24 27 28 
33 41
0 0
1 2 6 7 11 15 16 17 18 20 22 24 27 28 
33 43
0 0
1 2 6 7 11 15 16 17 18 20 22 24 27 28 
41 42
0 0
1 2 6 7 11 15 16 17 18 20 22 24 27 28 
42 47
0 0
1 2 6 7 11 15 16 17 18 20 22 24 27 28 
43 50
0 0
1 2 6 7 11 15 16 17 18 20 22 24 27 28 
47 50
0 0
1 2 6 7 11 15 16 17 18 20 22 24 27 28 
50 3 4 52
4 6
1 2 6 7 11 15 16 17 18 20 22 24 27 28 
52 1 53
3 5
1 2 6 7 11 15 16 17 18 20 22 24 27 28 
52 53
0 2
1 2 6 7 11 15 16 17 18 20 22 24 27 28 
52 59
0 0
1 2 6 7 11 15 16 17 18 20 22 24 27 28 
