24
1
0 50
1 2 3 4 5 6 7 8 9 
3
0 50
1 2 3 4 5 6 7 8 9 
8
0 50
1 2 3 4 5 6 7 8 9 
9
0 50
1 2 3 4 5 6 7 8 9 
11
0 50
1 2 3 4 5 6 7 8 9 
13
0 50
1 2 3 4 5 6 7 8 9 
14
0 50
1 2 3 4 5 6 7 8 9 
15
0 50
1 2 3 4 5 6 7 8 9 
16
0 50
1 2 3 4 5 6 7 8 9 
17
0 50
1 2 3 4 5 6 7 8 9 
18
0 50
1 2 3 4 5 6 7 8 9 
19
0 50
1 2 3 4 5 6 7 8 9 
21
0 50
1 2 3 4 5 6 7 8 9 
24
0 50
1 2 3 4 5 6 7 8 9 
25
0 50
1 2 3 4 5 6 7 8 9 
26
0 50
1 2 3 4 5 6 7 8 9 
27
0 50
1 2 3 4 5 6 7 8 9 
28
0 50
1 2 3 4 5 6 7 8 9 
30
0 50
1 2 3 4 5 6 7 8 9 
32
0 50
1 2 3 4 5 6 7 8 9 
33
0 50
1 2 3 4 5 6 7 8 9 
34
0 50
1 2 3 4 5 6 7 8 9 
37
0 50
1 2 3 4 5 6 7 8 9 
39
0 50
1 2 3 4 5 6 7 8 9 
28
1 3
0 0
1 2 3 4 5 6 7 8 9 
1 13
0 0
1 2 3 4 5 6 7 8 9 
3 8
0 0
1 2 3 4 5 6 7 8 9 
8 9
0 0
1 2 3 4 5 6 7 8 9 
9 11
0 0
1 2 3 4 5 6 7 8 9 
9 14
0 0
1 2 3 4 5 6 7 8 9 
11 13
0 0
1 2 3 4 5 6 7 8 9 
11 16
0 0
1 2 3 4 5 6 7 8 9 
14 15
0 0
1 2 3 4 5 6 7 8 9 
15 16
0 0
1 2 3 4 5 6 7 8 9 
15 17
0 0
1 2 3 4 5 6 7 8 9 
17 18
0 0
1 2 3 4 5 6 7 8 9 
17 25
0 0
1 2 3 4 5 6 7 8 9 
18 19
0 0
1 2 3 4 5 6 7 8 9 
19 21
0 0
1 2 3 4 5 6 7 8 9 
21 24
0 0
1 2 3 4 5 6 7 8 9 
24 25
0 0
1 2 3 4 5 6 7 8 9 
24 26
0 0
1 2 3 4 5 6 7 8 9 
26 27
0 0
1 2 3 4 5 6 7 8 9 
26 32
0 0
1 2 3 4 5 6 7 8 9 
27 28
0 0
1 2 3 4 5 6 7 8 9 
28 30
0 0
1 2 3 4 5 6 7 8 9 
28 33
0 0
1 2 3 4 5 6 7 8 9 
30 32
0 0
1 2 3 4 5 6 7 8 9 
30 39
0 0
1 2 3 4 5 6 7 8 9 
33 34
0 0
1 2 3 4 5 6 7 8 9 
34 37
0 0
1 2 3 4 5 6 7 8 9 
37 39
0 0
1 2 3 4 5 6 7 8 9 
