24
1
0 50
1 2 3 4 5 6 7 8 9 
3
0 50
1 2 3 4 5 6 7 8 9 
5
0 50
1 2 3 4 5 6 7 8 9 
7
0 50
1 2 3 4 5 6 7 8 9 
8
0 50
1 2 3 4 5 6 7 8 9 
10
0 50
1 2 3 4 5 6 7 8 9 
11
0 50
1 2 3 4 5 6 7 8 9 
12
0 50
1 2 3 4 5 6 7 8 9 
14
0 50
1 2 3 4 5 6 7 8 9 
15
0 50
1 2 3 4 5 6 7 8 9 
16
0 50
1 2 3 4 5 6 7 8 9 
18
0 50
1 2 3 4 5 6 7 8 9 
20
0 50
1 2 3 4 5 6 7 8 9 
23
0 50
1 2 3 4 5 6 7 8 9 
25
0 50
1 2 3 4 5 6 7 8 9 
26
0 50
1 2 3 4 5 6 7 8 9 
27
0 50
1 2 3 4 5 6 7 8 9 
28
0 50
1 2 3 4 5 6 7 8 9 
30
0 50
1 2 3 4 5 6 7 8 9 
31
0 50
1 2 3 4 5 6 7 8 9 
32
0 50
1 2 3 4 5 6 7 8 9 
33
0 50
1 2 3 4 5 6 7 8 9 
35
0 50
1 2 3 4 5 6 7 8 9 
36
0 50
1 2 3 4 5 6 7 8 9 
28
1 3
0 0
1 2 3 4 5 6 7 8 9 
1 10
0 0
1 2 3 4 5 6 7 8 9 
3 5
0 0
1 2 3 4 5 6 7 8 9 
5 7
0 0
1 2 3 4 5 6 7 8 9 
7 8
0 0
1 2 3 4 5 6 7 8 9 
7 11
0 0
1 2 3 4 5 6 7 8 9 
8 10
0 0
1 2 3 4 5 6 7 8 9 
8 14
0 0
1 2 3 4 5 6 7 8 9 
11 12
0 0
1 2 3 4 5 6 7 8 9 
12 14
0 0
1 2 3 4 5 6 7 8 9 
12 15
0 0
1 2 3 4 5 6 7 8 9 
15 16
0 0
1 2 3 4 5 6 7 8 9 
15 25
0 0
1 2 3 4 5 6 7 8 9 
16 18
0 0
1 2 3 4 5 6 7 8 9 
18 20
0 0
1 2 3 4 5 6 7 8 9 
20 23
0 0
1 2 3 4 5 6 7 8 9 
23 25
0 0
1 2 3 4 5 6 7 8 9 
23 26
0 0
1 2 3 4 5 6 7 8 9 
26 27
0 0
1 2 3 4 5 6 7 8 9 
26 31
0 0
1 2 3 4 5 6 7 8 9 
27 28
0 0
1 2 3 4 5 6 7 8 9 
28 30
0 0
1 2 3 4 5 6 7 8 9 
28 32
0 0
1 2 3 4 5 6 7 8 9 
30 31
0 0
1 2 3 4 5 6 7 8 9 
30 36
0 0
1 2 3 4 5 6 7 8 9 
32 33
0 0
1 2 3 4 5 6 7 8 9 
33 35
0 0
1 2 3 4 5 6 7 8 9 
35 36
0 0
1 2 3 4 5 6 7 8 9 
