1, C4 0,, 0, 0, 22
2, O2 0,, 0, 0, 22
3, S2 0,, 0, 0, 22
4, C4 0 H1 1, 1, 0 0, 0, 22
5, O2 0 H1 1, 1, 0 0, 0, 13
6, N3 0 H1 1, 1, 0 0, 0, 13
7, C4 0 H1 1 H1 1, 1 1, 0 0 0, 0, 13
8, N3 0 H1 1 H1 1, 1 1, 0 0 0, 0, 13
9, C4 0 H1 1 C4 1 H1 2 H1 2 H1 2, 1 1 1 1 1, 0 0 0 0 0 0, 0, 13
10, C4 0 H1 1 H1 1 C4 1 H1 2 H1 2 H1 2, 1 1 1 1 1 1, 0 0 0 0 0 0 0, 0, 13
11, C4 0 O2 1, 2, 0 0, 0, 13
12, C4 0 C4 1 H1 2 H1 2 H1 2 C4 1 H1 2 H1 2 H1 2, 1 1 1 1 1 1 1 1, 0 0 0 0 0 0 0 0 0, 0, 13
13, C4 0 C4 1 H1 2 H1 2 C4 2 H1 3 H1 3 H1 3, 1 1 1 1 1 1 1, 0 0 0 0 0 0 0 0, 0, 7
14, C4 0 O2 1 C4 2 H1 3 H1 3 H1 3, 1 1 1 1 1, 0 0 0 0 0 0, 0, 7
15, C4 0 C4 1 H1 2 C4 2 H1 3 H1 3 H1 3 C4 2 H1 3 H1 3 H1 3, 1 1 1 1 1 1 1 1 1 1, 0 0 0 0 0 0 0 0 0 0 0, 0, 7
16, C4 0 H1 1 C4 1 H1 2 C4 2 H1 3 H1 3 H1 3 C4 2 H1 3 H1 3 H1 3, 1 1 1 1 1 1 1 1 1 1 1, 0 0 0 0 0 0 0 0 0 0 0 0, 0, 7
17, C4 0 C4 1 Cl1 2 Cl1 2, 2 1 1, 0 0 0 0, 0, 7
