135 30 20 1
0.10727019031231233 1.161136475191782e-10 0.03514676070778616 0.009528893868637265 -0.07856019602363895 -0.23733803641024642 -1.24203043564174e-09 0.47148742420309886 0.07826804763669112 0.13967849410937433 0.07218952640710799 0.18976617934299517 -8.680385590510439e-10 0.05918695907514033 -1.8171840749869347e-09 0.17214817297457352 0.2678875724316588 0.16914453428785448 0.17663385749099833 -9.894830448170984e-10 0.1438519283965928 1.049566573851509e-09 0.038432014185285766 2.0777404857091916e-10 -2.121192044057633 0.26487316795902965 -0.043750743354289266 -0.053093439429287355 0.01026197743298674 0.25761232391333116 
0.09569077774079698 -3.735545448973791e-10 0.5058409109586701 0.20513130661870904 0.23404331574307666 -0.03571412595680666 1.016687930905553e-10 0.19756567814432227 0.04423686406221019 0.32540096618602116 0.401969264251981 0.3141894713227739 -5.586772472636551e-10 0.14127709514444795 -1.2508441313259306e-09 0.20129151270159976 0.26326483540635764 0.1778928344163932 0.14030209190538115 -1.3430146626928548e-09 -0.0373240698610493 1.3776568168593995e-10 0.11198419678106027 -6.100327007249136e-10 -0.5499363948713185 0.056070539270754095 0.254828905132358 0.10127725383227491 0.2826725992546291 0.3014963171461179 
0.5296174291624303 -4.2243957993972085e-10 0.5104896733747928 0.6142027105051108 0.44137298698588584 0.5376037259101404 6.233620361103853e-11 -0.07218931514626145 0.8161381389039849 0.6763707896673535 0.799926220565915 0.5220365207836127 -1.3319215672590676e-09 0.606882349290473 -2.1396285440536858e-10 0.5300607789544095 -0.2605670472921676 0.6314963234200678 -0.30765826822497155 1.7621499467716402e-10 0.7464248661158985 3.409832742711657e-11 0.7556516808281764 -3.4347352975947574e-10 0.9239408101733184 0.8057556205439007 0.6361372791439399 0.846200509361161 0.7457859630920495 0.7094504996354678 
-5.538661182079756e-10 7.406144420822594e-10 -3.585052973497458e-11 5.945189876424919e-11 -7.162237949485914e-11 -2.922920664577368e-10 6.026238781214293e-10 5.53430767473308e-11 -9.06717134841959e-10 9.620514890119949e-11 -1.5989035145271293e-10 1.847834133743353e-11 5.556640143020751e-10 -1.2356533291111418e-10 6.170351356762186e-10 1.0261426979369994e-10 -8.59001700800212e-10 6.780343810215924e-10 1.8259197400991872e-10 9.074440309447847e-10 -4.171382529415446e-10 -4.975559440345521e-10 6.876206542098024e-10 1.9058431365920908e-10 -6.919153172080661e-10 2.7952122682380913e-10 2.7686525308656943e-10 6.588724592607972e-10 2.111830802014783e-10 -5.293960235300935e-10 
0.23455057735289567 -2.7802001114507063e-09 0.2640435463944707 0.26894641764053495 0.47214806472469906 0.24198650583304646 -6.147134611242239e-11 -0.09949464814160448 0.2534580205597333 0.3162962509733225 0.42154309048656957 0.5696871233607025 6.926298758225311e-12 0.029683989222999013 5.635512258837951e-10 0.29339274071663296 0.4171618206886839 0.3890189758589304 0.0867231400288992 3.002612618499428e-10 0.3474821302708022 -1.3739722891580687e-09 0.22830796721269206 -1.2835692814676852e-09 -0.5943551277888598 0.2486141826494403 0.29657438499878946 0.49202949733064927 0.44577130521856934 0.21414064675562108 
-0.20546155465987467 8.304881691796762e-10 0.12254071501996433 -0.2077182461562228 -0.22408237966887187 -0.19712563260996932 -1.218602595375507e-09 0.7213375666535617 0.12312988136661185 0.08352955232021361 -0.17162569156217342 -0.06959028269591183 8.935565242259181e-11 -0.15473726330787527 -9.44594465223598e-10 -0.25307637420893464 -0.7234481068135656 -0.045306280844014384 0.5692348192136719 -1.2075814443549275e-11 -0.2268588391698374 1.2342757095237368e-09 -0.03808796127986062 -2.780322368369381e-10 -0.7073966502948792 0.03377816771424731 0.0008302363002055668 -0.1604353461459938 -0.2104512783581989 -0.11495893494876834 
0.008022191562549968 -9.282096195486526e-10 -1.0022072814268028 -0.17975812339149325 -0.12866102966239684 -0.0878805219324867 -8.803190355038558e-10 0.5852281411548959 0.030481456209113907 0.1596962902387756 -0.0859422459398686 -0.12307566694885955 3.3464341432288345e-10 -0.08581953699158994 9.170211022286769e-10 0.17166515040026598 0.8508137332246272 -0.09876280566136655 0.5829323678582778 9.46581586564147e-10 0.08769794233259487 -1.6402179459435458e-11 0.16826928088588702 1.130330683153061e-10 0.4976988622818005 0.004777632893575202 0.050819114040404054 0.018851335084712796 0.1922601280873097 0.17757642753565414 
0.42250490994689177 7.366966402216374e-10 -0.4732064731333856 0.33313977491421587 0.317741053280986 0.2915160583941353 -2.1374392622210664e-09 0.6229669564457995 0.5830170991005352 0.28235884575362574 0.33124867176606454 0.41565984218593316 -9.82239732820071e-10 0.40876804695805014 -3.6021203215449064e-10 0.6275463944057031 0.35239298968425226 0.644303164773632 0.43961005687713706 6.84425087073711e-10 0.3761965301826249 -6.117975437992309e-11 0.5750675171503357 -5.123068037377934e-10 -0.26866532503499146 0.5053530926232151 0.2856628690194091 0.5157401129005247 0.4635835054123916 0.5879942694622433 
0.1511323640492602 5.214478077602838e-10 0.5508098928532381 0.07043380097422035 0.26687449434756716 0.0598980508839337 -2.239062990513045e-09 -0.17436869388828655 0.29535831490885617 0.3868650877355634 0.024798877483041035 0.396551652127942 -2.861029272342389e-10 0.21314856030279664 1.016137104074009e-10 0.3470581790549776 0.3362903386223206 0.30510263527857123 0.058726305895023416 2.7581621988060245e-11 0.24322248265038218 5.997943692165698e-10 0.3198150393465038 2.2040802292475362e-10 -0.2883570880668591 0.1578719057241692 0.2914537843132574 0.21749811313874348 0.20284805778161666 0.19077390189157997 
0.01944519776043134 -6.350403146972546e-10 -0.17325829161381504 0.019362128400421882 0.2031805276936663 -0.08592976479768327 -1.1005774066691748e-09 0.5491468469798169 0.03336971992001712 0.2162694656554336 0.22703633134435527 0.23281515472747713 1.6758085787779445e-10 -0.2216450244564136 -5.259047660490224e-10 0.2175386976524652 -1.3163408243493677 0.20620441898021152 0.6647343327451072 3.003580921927384e-10 -0.0053212309024198955 3.7097417388564135e-10 0.10751133665780355 -1.1331633778820664e-10 -0.5938655906811686 -0.07095439985316786 0.043487113454951015 -0.08601275459397367 0.2879701460496997 -0.033361338959459974 
1.4630060970306527 6.440093789149198e-10 1.8212803002122128e-09 1.3903977758134862 1.2175905742277167 1.2465330156675272 -1.3743076504646034e-10 -1.2301975500891877 1.404124817202969 1.3015167653972648 1.5466438991767928 1.5319415366417684 -2.58862675469432e-10 1.085986919767624 -3.742943055525146e-10 1.3822615735374297 1.1497999402089948e-08 1.275042834139324 -1.190211240884136 4.709488603323364e-10 1.2646894613924144 7.535150693482821e-11 1.2850593419492535 -5.879353701124939e-10 -5.98830551141347e-11 1.3628230211780756 1.2679568430293209 1.4123557218394045 1.4129333831495616 1.4578771235653838 
0.1919348979589208 1.482616529728255e-10 -0.1386421534051852 0.28365255512803944 0.3547768572676116 -0.06767475945385808 -6.222899261039776e-10 0.748455602288305 0.4320835476124655 0.3169964337913439 0.4283939093118779 0.4722152105521782 5.5230357750065e-10 0.23491023745031941 -1.3294394280352418e-09 0.35219671556252574 0.5007705719067976 0.3729622350632687 0.554562013490576 -2.22895735394269e-09 0.3170794035255239 2.2683959334604727e-10 0.20354102123749693 -6.363316585099559e-10 -0.03536232845819143 0.24066392724832383 0.4125840156685425 0.28198359967777503 0.42907117391974775 0.48638471518756377 
0.1990419565948756 -1.6378034121415234e-09 0.4838515582792659 0.2377047331249163 0.3651192504047765 0.13990404930696443 1.0724201254207964e-09 0.30243124218662504 0.27041404160122096 0.11326802202517415 0.19469021046014545 0.05441229463488821 -1.0927986342346923e-09 0.15374660158200557 -1.7075738226455744e-09 0.20964449155660764 -0.06490184062731667 0.36108870856550424 0.22071620708087467 -1.0279532853871152e-09 0.15809803953065715 -9.595078036620626e-13 0.44283697200319266 -8.585120997564528e-10 -0.351624211040456 0.1715829565734498 0.3542725007303839 0.2540513309952876 0.11358486395027617 0.26144276633226654 
0.23994087186609656 2.7213603987870993e-10 0.3866799436716443 0.13103939294945197 0.33422284362709787 0.29918474976355663 -4.2466107837812796e-10 -0.36141025382554043 0.3330044236150484 0.3574935999739161 0.4959687629825199 0.4618880582448492 -1.9191843843120227e-09 0.23259204247403475 -9.099476138578404e-11 0.4930266766415866 -0.3713464181327766 0.2732889850810571 -0.18087302233071711 -2.1083901573689473e-10 0.11329287649058414 5.682055147130936e-11 0.4428399227212135 2.232773318763113e-10 -0.5022300051687821 0.269712339586869 0.4676020115992511 0.31607827362319063 0.47834425623430565 0.3824289911042952 
0.11521314229061576 -2.173410364408087e-09 -0.36817698647043684 0.030255132035881184 0.15227604403411157 -0.11532696877625898 -2.4893407981049684e-09 0.7306826259284332 0.18478101981397524 0.308465263578587 0.19481504555969853 0.21096525741227012 -8.3238249854191e-11 0.006203409509040411 4.5430992956687614e-10 0.17985318677368203 0.6675112462619319 0.0819240119980786 0.6123552930895633 -1.5337463690962981e-09 0.19192052752628067 -2.4813278780805834e-09 0.23759141635057796 -2.211368527030825e-09 -0.6278251179603199 0.3769274370308019 0.3369579948870895 0.39415369628730473 0.11574867705946558 0.09745881726492076 
0.25814307489754806 7.656646068976213e-12 0.5993421756510232 0.5646511425826763 0.4210388956388378 0.2934333295474824 6.745067933194482e-10 0.37810971030472706 0.32652733423159014 0.2859378720961852 0.2648682809142551 0.49960559238218893 -1.1478968616455e-09 0.13204067172946 6.548835168332038e-10 0.3503675050079478 0.8730454358176917 0.3581530567853681 0.24077565044683316 -4.405146531993675e-10 0.49685768970432537 -3.4603505454508796e-10 0.39063625344563746 -4.147180618828836e-11 0.4756629190956251 0.23717969265270025 0.500130732003426 0.5775815086869154 0.2552433918737332 0.42438503105579206 
0.1540604220406075 1.0550139982770635e-09 0.14918126534968926 0.3491922987697704 0.17388411778205934 0.2261827324739574 -2.088584093389524e-10 0.22679420950084492 0.24966718029530538 0.16942470845003363 0.27248078601068615 0.4224082915216103 -5.520974929586557e-11 0.0608921240218643 -1.0824720186366267e-10 0.44177037776201894 0.2898990409307177 0.37313758930472934 0.2886711025512304 -3.0826780547418806e-10 0.06518177150684186 -7.395943636070902e-10 0.19335017961112055 -4.1194213438104704e-10 -0.06078841346530571 0.22281129769827987 0.37313300773882635 0.14194114897817045 0.3319989085675623 0.1595690481133438 
0.2970486710379305 -5.885192323060842e-10 0.22864225967038004 0.1136464224053481 0.24645281299336955 0.059650996474840415 -1.1332945321754108e-10 -0.19320908069934406 0.2799057802737318 0.4426734248810248 0.36077852296666224 0.2781173118617007 1.2572209259630122e-09 0.20906562244372673 8.458015844636914e-11 0.06727129128632048 -0.15148314570622115 0.1107450098738407 0.016699730870949087 -3.220240212680791e-10 0.35230039776340405 -1.1719587905892116e-09 0.42644327891837847 3.8531318586815543e-10 -0.5266926725214828 0.30141254690303165 0.31503923662577255 0.25133152295461675 0.08714821213471013 0.19314479263436998 
0.05999226194962598 1.0558097957437123e-10 -0.5592417046190568 -0.026626955654737196 -0.18057772483669896 -0.3340394275653534 2.730689989787376e-10 0.5210620109995114 0.2315816760654612 -0.044825758109417635 -0.01746148537665265 0.018669564466635254 4.6021263192120626e-10 -0.1825717148140813 -1.0488335804481553e-09 -0.025540041658483194 -0.2786938977617888 0.14243709526962967 0.6477085546267202 -5.142151577258129e-10 -0.2158218589014448 -5.848013267112795e-11 0.17990725134690508 -8.706707001079311e-10 0.12209540113238312 0.11852315123059289 0.026268557503428575 0.2106463773232115 0.11712958991740136 -0.1361999090926618 
0.2102743406436931 3.980204875915534e-10 -0.025795836918648236 0.2503375873937187 0.2676120804836248 0.05783708080625058 -5.279642000152714e-10 0.30672902395637425 0.276764121359251 0.16653830089869576 0.3392315343743494 0.11252979616605682 3.1242535408689596e-10 -0.05295734940433755 4.885112370386054e-10 0.18096122684225094 0.6074362832104215 0.16934287894688232 0.45192016019206527 3.09622948589854e-10 0.05896315547457642 2.652044231218025e-10 0.3037545725796319 -7.651153601711114e-10 -0.15913924802217255 0.09612790259530309 0.08682870127180939 0.1806867857232409 0.059626982067911415 0.07124252619249029 
0.42068128301887747 2.5622433697600554e-10 -0.3212073947153788 0.2071997728006864 0.17369130319277584 0.30964274764405 1.5202826589178194e-10 0.584210809053484 0.25026181339445025 0.4462041243745355 0.29170050713971923 0.49895210900089276 1.8829329603578186e-10 0.12277148204816256 -1.314282349789863e-09 0.5035293571209296 0.07514870863308637 0.24966143299021457 0.43548203120996887 -3.267652149307726e-10 0.12246177417331904 1.9162800340961496e-10 0.20881113737335877 1.1664935729422573e-10 -0.2951719284158237 0.2160323314634699 0.36793977987989485 0.43486501809323935 0.40706311684397783 0.3693139179290479 
0.21182713660383792 2.1099299298637365e-10 0.19847908513378396 0.21100018132399923 0.32916956813028514 -0.0637046752980334 4.4068238633075297e-10 -0.4272511186446626 0.26694377502281674 0.235897310288061 0.1315059403061277 0.4177264507034875 -1.3711082564838434e-10 0.1072596167649203 -3.554717767951567e-11 0.15774472155409927 -1.4064715189260801 0.14160750005053307 -0.6157480394911498 -5.633520199081123e-10 0.16634572445174495 -1.6031729161256307e-09 0.38374498508456 -5.754601582167155e-10 0.09546712707501856 0.18247559280965372 0.284189302132315 0.13038831836887807 0.39985669698949206 0.16178658244719676 
0.4729116156576262 1.543249117969982e-10 0.21481849566722055 0.45377646430695867 0.30038438372585924 0.3879523265667185 1.6456201937485544e-10 0.11577788047473282 0.5718577465145774 0.25252616422666496 0.564341141576279 0.4790256844174729 -2.1469188940877742e-10 0.3614605071517341 2.74760490659186e-10 0.621123169020046 -0.3369540516254193 0.2752561275246158 -0.0074669530226180334 5.259589689934358e-10 0.45615444293848534 -9.588607684631219e-11 0.5189948197189603 4.331361947546268e-10 -0.5794724531292548 0.5376481648786808 0.5396378524794978 0.49212779748818347 0.42661057396718194 0.5177906559826038 
0.2021590525277604 2.3915536217782515e-10 0.7111557768452352 0.26776228459570844 0.19866455331173166 0.10163253362114827 -6.379061197463193e-10 -0.5436393463715393 0.4172142813048361 0.3285748334276269 0.25614042312927077 0.3199180496796902 7.814577415592617e-11 0.1572522954878957 -8.130535246614288e-11 0.3761877301104013 0.592908176281149 0.40968588939515005 -0.3133305203292141 1.8401362989361595e-10 0.2294782092265155 -1.6738706652356932e-10 0.3300936151627216 1.0606090890152257e-10 -0.013425155016175831 0.3811925229982897 0.5163891189804393 0.39804816032676954 0.48650243365100887 0.265177939062671 
0.31735862236247364 7.650455528177159e-10 0.4080384489772851 0.4465399283664526 0.3104076125960612 0.19034371880953346 4.720643956811111e-10 0.6064551720759433 0.40969036589125835 0.5524794958524614 0.391290489605733 0.23836819265303072 6.437983522587413e-10 0.09638930268818274 3.080667708412915e-10 0.4140100148680296 0.523568703562296 0.4528228663365823 0.5165552600924602 -2.0268884703877788e-09 0.49876905297777235 -1.6471123969431897e-09 0.31898334877619655 1.109236210231367e-09 0.30600519184628494 0.5183852279834854 0.5276597817964069 0.38140824122246847 0.3137603881712427 0.5057583292387694 
0.20631222052055923 -8.052271247049716e-10 0.28968539510839403 0.42747152411143496 0.1854779851093652 0.31307284491213233 -6.213665708504215e-11 0.28856168052952436 0.18166075636506482 0.23659506337372924 0.14781052303547418 0.4408933106136448 -2.0301383660753704e-10 0.006143045184601905 -4.803734153051093e-10 0.09261670786063089 0.21094655992097003 0.2666749179683255 0.25581256653356077 4.642437135445519e-12 0.3331250985562733 2.2448207888713847e-10 0.3696744327572824 -7.315983469863263e-11 -0.0604956835161886 0.13623141984207573 0.18913938799415284 0.1372673938328754 0.2229897534622386 0.15996495957301207 
0.06379818668433122 8.024704495043938e-10 0.4741943771239884 0.26529668720958743 0.09300554529376828 -0.13669482460585744 4.77224645014884e-10 0.4187570607260057 0.021286689627961156 0.221608490550198 0.0754736024374912 0.0454029349135564 -3.6177334164414774e-10 -0.012566180711124775 -4.924493136492693e-10 0.22448818507975665 -1.4650440069656248 0.12541154846588742 0.08415776230110412 5.265211599222084e-10 0.18006934836972152 -1.0459842968544775e-09 0.1400637483392327 8.466134622536294e-10 -1.3486429280786156 0.2735990401609836 0.026309486742880275 0.14369433421910763 0.20100762061798852 0.006314365861528738 
0.2829856587199975 -3.3847580083622956e-10 0.7644777846636093 0.4095731860019002 0.5388010270225618 0.23378898609531784 -4.999257875321034e-10 -0.040442790207601616 0.5896573539382015 0.572674770895741 0.5672332119318789 0.3760429402064255 2.133322896802472e-10 0.21036194466577277 -1.3816117639148602e-10 0.4572445479425516 0.5673789094560098 0.3652968654598519 -0.11191936258888258 2.392293574355108e-10 0.4734243642348039 1.0456925810248699e-10 0.37637588397864963 -1.1080891264857348e-09 -0.34306962948099307 0.6436083148426099 0.3842521745626487 0.4934938293962894 0.4965229307795085 0.5008979803346765 
0.4926620887953247 -4.360104524550531e-10 -1.4983709475623492 0.7378014610987437 0.7220204376813294 0.4354606184704935 8.607388546887764e-11 -0.30406568496828873 0.6593647258515158 0.5592921621333118 0.7872605864653621 0.7413812018154814 1.2584626139923936e-10 0.32901206194024785 -9.897686605905877e-11 0.836732697087403 0.37732303836451353 0.7044769244731599 -0.2718038916641564 7.317167673359776e-11 0.591588684317138 -1.372075876488476e-10 0.6286655669240144 5.168230306002998e-11 0.6579917066709945 0.744892247304212 0.6869685019597976 0.8062785095711301 0.4971407463959353 0.8510195446731514 
0.39940889815913183 -8.287962633305184e-10 0.45269665889180244 0.4044357591148446 0.5643313675114372 0.28517718573411804 -5.644800550786409e-10 -0.7999477552757718 0.6507485091606632 0.6522585244119546 0.549232510116088 0.44303836431990334 5.70246787233451e-10 0.38159992069826226 3.5122489649971106e-10 0.6072606667845883 -1.0210743397697495 0.4417479686726143 -0.34744497785127665 -1.3106854619559484e-10 0.4804577424801439 -1.751010139683704e-10 0.5710254162893571 -2.0764395045633672e-11 -0.07090503427952376 0.5426496320351538 0.7102915998296714 0.6274893056400304 0.7593987877772926 0.5499962894569596 
0.1980187242552914 6.170577856912676e-10 -0.19406305531906068 0.45389755364729634 0.2701657170507624 0.09342414302632782 1.3338192438577859e-09 0.05566212357204041 0.33651386547594514 0.15691119449695323 0.37477563031660105 0.16740011806814337 1.0298252152004366e-10 0.348920672027876 9.231096725864554e-10 0.32207234783016775 0.4931919488638238 0.46191296253304653 0.23326025727005104 1.9544545913599833e-11 0.15967570254881505 -3.241254593096603e-10 0.19409895112083525 2.338928200128002e-10 0.19469061592382056 0.32332904521872763 0.48485370592097066 0.3534776294847239 0.2957279388920199 0.2502568772066759 
0.08477470760838716 -2.921885836584702e-10 -2.3907423705084336 0.1277863852732404 0.18917358200733553 0.17771539508601963 -1.3774049096121075e-09 -0.23461758193464985 0.25081987739236433 0.36831318021351156 0.1199695958047154 0.11064306305313128 -8.002778539942664e-11 0.16395271135981399 -3.768809418343301e-10 0.34801286122839936 -0.30179786333641406 0.1722402512170185 -0.03959087808559817 -8.056467173141802e-11 0.08868211643062406 1.1841105323321912e-10 0.096802240816389 -4.610452068504486e-10 0.08535935723366746 0.11032903827514971 0.31485661184900005 0.21279569894663466 0.1979909116647901 0.28465070025492734 
0.3244112727330505 3.157227165422497e-10 -0.11670005196831305 0.27165892931958646 -0.045489313005895114 -0.17338448234493992 -4.9429363779941664e-11 -0.2844117973349808 0.309385686263993 0.15354540075081294 0.14743265843949874 0.3104697456110147 -3.845265267146277e-11 0.10348921480759712 -4.992336356717206e-10 0.05152672755643576 0.2667495076381225 0.17116395025911635 0.4164148698450629 1.4947491852663618e-10 -0.07899436269879455 -1.543598190042582e-09 0.2817563038286908 -2.9256482769630595e-10 -0.08279264143626767 0.16901044207462856 0.164484954482557 -0.003790841434052967 0.30669166588920377 0.32108025215395736 
-0.003558218538004287 -7.215507883225553e-10 -0.10113345417368758 -0.18826716717175984 -0.11256103408602464 -0.17346644365983263 -5.87835020988693e-10 0.3661195383499839 -0.14144041137656946 0.04057426929930464 -0.15659684981669714 0.07639257189868702 3.642517952987045e-10 -0.2088756288059874 -7.146816832490371e-11 -0.20365582744099417 -1.3327238672668524 -0.15863757683250126 0.2891086467799868 2.1519507095044518e-10 -0.1238744154663515 -1.841705474007387e-10 0.007339476970231694 -1.1401988297058127e-11 -0.3504687332639214 -0.21966510761213767 -0.19774787939734406 -0.1587370067559536 -0.24147544884479732 -0.04324697704885313 
0.12494570975935405 -2.1102654045057718e-11 -0.321591079647887 0.30412091300721233 0.09503247890947741 -0.1612244800818584 4.911160795651529e-10 0.30076322578400666 0.3004823001697892 0.354596196678238 0.0012625925525148257 0.03545127253138606 -7.000940050246981e-10 -0.047037112800463785 9.128043977352862e-10 0.021598892741531046 -0.3046158806749956 0.05785557970924422 0.2995020431489688 6.283519435267228e-10 -0.06668400191271813 -1.0708578924955448e-10 0.09243375962867934 1.1326924459044885e-09 -0.5971118768178738 0.21160491706236978 0.3628846318033086 0.10516548850268051 0.337674514117203 0.15054812703906859 
0.6070355042000962 9.078944383821723e-10 -0.2734922152306243 0.5524147763393831 0.8298875634695757 0.62242194278476 7.115976110035209e-11 -0.14025682585337118 0.6416253250904407 0.762995358101489 0.8569890013477006 0.5689225159241462 -5.137819323719185e-10 0.6803555837601001 1.432423558723113e-10 0.7495412591247548 0.5662828335893413 0.6463424226501711 -0.09432280111848818 -5.940300730530013e-11 0.48935260183951157 8.018139080733732e-10 0.6299665033153528 5.579623980576854e-10 0.03015161340731104 0.730077538689428 0.7874506648365568 0.7292339622885494 0.8092045815532958 0.8855380797475491 
0.8640757520196956 5.313681445297999e-10 0.8453145561657976 0.8020172989901485 0.8102164259713498 0.8538320590747984 -8.077413438878784e-10 0.4792038464568195 0.8555313561439395 1.1169629771292011 1.0371713362332573 1.1030934905135144 -3.586934843313482e-10 0.8769003199611385 1.131586707460435e-10 1.0543682205265423 0.9094226098721304 1.1109302239480672 -0.3835047894274605 2.405340044282482e-11 0.832311512171323 4.0251725742190826e-10 0.8289135119311483 -1.5787651643663556e-10 -0.21637621916544883 1.0083865574468864 1.1392046651724066 1.045161284405983 1.1465804166857194 1.1418028939017808 
0.10417127451066509 -8.76725709962633e-10 -0.042905835000650504 0.149568439366885 0.0312925870748344 0.06155775175771529 -7.882903735585492e-10 0.05131746547836419 0.3318157200590777 0.026486463026787626 0.14957015318434091 -0.010340732649780674 9.080544951645386e-10 0.08804293194071727 -2.0419799552287158e-10 0.38196589454257723 0.16679526194741187 0.21186337829561191 0.1435679663831226 -2.4772670262720226e-10 0.08226078948499947 -1.0786349574566667e-10 0.11673266393501101 6.49364595464624e-11 0.3297611453298124 0.06556996556329431 0.40934625112818707 0.3279842200639307 0.3430964203802867 0.3239723347194467 
-0.6583910711514419 -1.3605754226562657e-10 -0.7491373645172212 -0.4651640573232594 -0.5716889219686571 -0.6722713435994377 1.8498421762242266e-10 0.725089115993013 -0.42581598749029786 -0.5853684374019983 -0.378174714698942 -0.3518161889945059 6.046313746405022e-10 -0.8076327991767503 -4.078737403475619e-10 -0.5310322440611829 -0.3752829307219564 -0.325174026183154 0.967366882981985 2.871994008528727e-10 -0.6452799119445902 -1.4746847865526975e-09 -0.6197508795042042 -1.0600705659518031e-10 -1.0835785046145676 -0.3427231663592677 -0.4339564562980804 -0.4208614420425557 -0.49400304465728406 -0.6374521681222849 
0.19701412654640985 -2.708689316129689e-10 -0.17776540243983396 0.09303780852458864 0.3605341029573613 0.1633329028887101 -3.6186454521984254e-10 0.503655097878725 0.2614131393606375 0.4354864242362487 0.34237694994698825 0.33524856397113334 -6.765094982790082e-10 0.11904124782342981 9.669202765228942e-10 0.21168770769188805 0.813051767938992 0.4229385289452728 0.31907523388603515 1.243267196466094e-10 0.3615335823813547 -1.6567528645524797e-09 0.43135930242691944 -3.7856801941082126e-10 -0.31437218182925725 0.3486303814997582 0.23946424379363004 0.15206692535700142 0.36319330586503745 0.42821727792449715 
0.3916688691003492 1.3409222193591785e-10 -2.9535855294944816e-06 0.28888173164429626 0.1649205732012967 0.12635089727297852 -1.474575328611257e-10 0.2461747199511325 0.2686671969918115 0.501865802193001 0.3342698096511014 0.1927667453799764 -6.660009366141557e-10 0.09728054974063163 -5.315536358213412e-10 0.38219664114773677 0.047253117095147165 0.5071779530676306 0.2404708054242275 -4.688340594491846e-10 0.20788355209091974 -2.6852369670934125e-11 0.3459934707032125 4.2698972494373265e-10 0.20374365552643162 0.29935403877571015 0.24013976282174976 0.48771139332207186 0.14547054103741117 0.4665971805252766 
0.29117233048652175 1.745979983728673e-10 0.569015523062516 0.5707657119897146 0.28112441102083613 0.18630342450494639 5.648742047615257e-10 0.08597829410895146 0.37706969114897404 0.23735707227297353 0.3337453848676018 0.321333519161319 -3.5366712286914474e-10 0.4357885741998589 8.433582590832503e-10 0.5157237364922154 0.02681393257122442 0.5792875183308094 0.04132961308724574 -3.1459324851729214e-10 0.28352120995691577 9.234726987971473e-10 0.39960665199024253 -6.725153807178899e-11 -8.991685763941834e-06 0.5908513517835418 0.38993391463765154 0.3793734999346977 0.5288323036515454 0.3384864335514046 
-0.20854892671583883 7.185948094575753e-10 -0.27764180426035473 -0.020691359292336942 -0.18890790433259103 -0.1790072641743078 1.1049296615872482e-10 0.2949563400889783 -0.1906480995899434 0.13720080109887023 -0.03189338849611224 0.040301325142380155 -2.640793275748187e-10 -0.15112878619218195 -5.3213952730904987e-11 -0.05912408000045039 0.4272673188389179 -0.09446239448934687 0.4001552435594775 -1.9102592015726183e-10 0.007495236534729652 1.340282247934284e-10 0.04878809533396061 -8.861627887565937e-10 0.5200941379378177 -0.020448957126599616 -0.12784411933437462 -0.14571885440130355 -0.15391883074027465 0.1149988572933771 
0.3530395297803194 1.0093851495929513e-09 -3.2207689578960774e-08 0.2506786715793672 0.17369913400687284 0.15922293731881204 -1.087181264745395e-11 0.08733567684333828 0.3052394155617105 0.03307307122675154 0.21454922989129507 0.15563630048714655 8.342947562275929e-11 0.2960710604466117 -8.623250295960638e-11 0.1520303898591738 0.08240460870925682 0.2687436651088575 -0.03739565706157254 1.8000767784119768e-10 0.14146359929449004 -5.000370500557254e-10 0.18449580312718625 -1.5028086461395116e-10 -0.09521595437992574 0.36354037877191564 0.2603321646056124 0.2411082575945501 0.27102446207610126 0.22083124060112574 
0.30246093159198917 6.493323076257286e-10 -0.16547660293499575 0.0833930088438441 0.12252582483759658 -0.09085160973860476 1.3230665030582534e-09 0.05109322630408649 0.29827785598849416 0.10407157061140958 0.1241935140762381 0.25842066368428196 -5.79843602476945e-10 0.004765780469501925 1.652736491540899e-11 0.17188759618736207 -0.4721628343057228 0.25420473950143263 0.3741617378955152 1.8116271348488498e-10 0.21770076622678722 1.649960556003874e-10 0.25827960551416007 -2.920527031705616e-10 -0.10481489018880243 0.40573898070183856 0.28440396798356243 0.44043119741546505 0.23911789623502436 0.33649149401906947 
-0.09046063661829941 1.471862000622497e-10 0.6834639518838485 -0.12681302333627037 -0.06224180108224231 -0.11235301554447721 2.5752687174925637e-10 0.7140165078570834 0.1348052794164339 0.2109334820061067 0.15542260962007357 0.23683633543566 -1.5091303865621168e-09 -0.2037248505595618 1.1061803763804576e-09 0.20270738742667918 1.005512430871061 0.25750303303885563 0.7625851029442691 1.0612838432754357e-09 0.21448382043595357 -1.3883178119219934e-09 -0.05951901878988431 -1.5720591935021282e-09 -0.7548792975263003 0.2886298459682594 -0.04913534950152478 0.24921998831599315 0.1830169593544441 0.10528564798339869 
0.23297569312817534 -5.257026393093336e-10 0.07999758270249588 0.4399932626118464 0.37756604209445443 -0.04310113786238356 -7.275407238438647e-11 0.29747373150216383 0.138929095736914 0.47488144023579465 0.4121855373546014 0.2713952256621169 4.879859136218889e-10 0.04408969439244734 -3.9285737869900805e-10 0.46850685246652596 -0.05685649864294918 0.3081926183096575 0.3993004123660579 6.878082348507604e-10 0.22768694902627307 -3.06943512238916e-10 0.3853634941394245 -9.71130651918463e-11 -0.40645696503075046 0.4995301735535268 0.42536864577249744 0.246067760807613 0.17401789363641076 0.2005830288328878 
0.24398221660543956 -2.464745722728748e-10 0.5242478236638176 0.4085410074987974 0.06321701799887164 0.18236998781905273 8.686030795182568e-10 0.1986998371501284 0.05019731975315256 0.06532486507150101 0.05257934579746511 0.16566675121675709 -7.240292561182021e-10 0.0011474383702331594 -2.43628724296869e-10 0.4321407268967787 0.22681444525133715 0.14154229372168495 -0.06850535109808782 1.0456607840367961e-10 0.028328750156893207 3.220051682066644e-10 0.39011863220100507 6.361059797344052e-10 -0.41861113866563116 0.20081542747683692 0.23487625403641432 0.1042847285765244 0.15474658669667019 0.43524523352098793 
0.2687849100042107 5.609819361702977e-10 0.368109036288255 0.5472589627865083 0.17643622660644842 0.3971390831385073 1.3677059743017436e-10 -0.07736556836810693 0.29729008930640066 0.2470283130502879 0.3425347595078051 0.23417004070261932 -4.324253103301292e-10 0.1217248041833272 1.8276619340438487e-10 0.40756503510687553 0.1795464410422348 0.28781158168482623 -0.274294301146246 -1.9672096848028204e-09 0.34261376143237954 6.255642026083475e-10 0.5658723065510886 -8.806700313406009e-10 -1.3605806285479332 0.27323422850709655 0.21674177131243155 0.19858635975815203 0.387153838815085 0.19990082597282613 
0.21735273551734383 1.1550845154656943e-10 -0.48351226884994036 0.21724465978161958 0.3048774069518534 0.09681001091497018 2.416190002915853e-10 0.229599745521144 0.3887666642210718 0.26442252925830595 0.25075239803536636 0.19606942529539895 1.1037197607995368e-09 0.2521400499442162 1.2195049426620885e-09 0.21672851082830358 0.16787777315172556 0.4935341908064006 0.1695159402224585 -5.250493196284912e-10 0.2723999774070347 -8.793818562841265e-10 0.3080528041681807 -9.547455573510667e-10 -0.9302534334913123 0.3355606533294492 0.5163788418679082 0.3909001781315893 0.3504391651964055 0.5272470416010613 
0.28336822924535116 4.7107167712212704e-11 0.16719256981648759 0.3959986925772531 0.2429351566456472 0.24284676172158634 -8.539849780761436e-11 0.303049491970938 0.31386666195093654 0.3593545120479436 0.31681584715334726 0.4841531568670544 1.6506421203478685e-09 0.13219861975450078 6.577334287382011e-10 0.3262076146376287 -0.9275459724660626 0.27699634245133853 0.3036503609980549 4.651678406416435e-10 0.281478843158441 9.730700997076143e-10 0.5536904252601135 -4.825266959639639e-11 0.8194787281480764 0.47172091274364303 0.30306494632750314 0.25500525239289573 0.34179840461119326 0.23868921727374257 
0.5481074738637285 -3.479198054850821e-11 0.20056481623861494 0.5574591576924892 0.3098318126879906 0.2453754511699565 -4.46907445773778e-10 -0.0321380037407016 0.3225319760856852 0.6233065448120576 0.3283026171963568 0.5715693502839965 -5.392449477379884e-10 0.13223860561037867 4.1595661148390295e-11 0.6410438433423815 0.6676797865244696 0.4308834896487796 -0.1719909053537471 5.302224897387373e-10 0.5475256713622066 6.942014502588296e-10 0.5484247251604243 6.286564001814956e-10 0.39924466183186175 0.47308573432661566 0.5195317656825493 0.5022311548531776 0.5891990057876426 0.5725814508561288 
0.11140384112308063 4.3768932241343813e-10 -0.42371834212123854 0.25699668770121037 -0.025328642417019404 -0.18074873905362926 9.614424376143433e-10 0.682581136284698 0.033658306541251584 0.1676469322649993 0.2979751946295539 -0.036065508002051334 -6.396871295196327e-10 -0.03423798244398667 -3.143620014424891e-10 0.22504828575176775 1.2367362243159747 0.21175088254769828 0.39460448636049084 -6.375228487688379e-10 0.08721784129585994 -2.2287359262710111e-10 -0.024800967795813467 -2.5707272831692075e-10 -0.6428785107951461 0.004720502209566767 0.28467302962708485 0.28710634503166327 0.3206204018442447 0.2181786711008659 
-0.04472837810578063 4.247103072943007e-10 -0.30798781585342244 -0.06425063732378436 0.016192214035242576 -0.15918836640855405 5.781853677399527e-10 0.012705141880476925 0.18068902617936103 0.23776790546372586 -0.13035726184694557 0.01374797502757785 1.4003362488574932e-10 -0.013788454660313651 -3.930850697738712e-10 0.20563820349899808 -1.702396021153295 0.22282753679482467 -0.5446576701029378 -6.343329440663262e-10 0.16558576445045173 1.1420118605744814e-10 0.018197139542635826 -4.238994426554191e-10 0.2228694941907545 -0.10353031988180536 -0.0497105061641006 -0.0068498173816631085 0.08147625109502367 0.10842200982774804 
0.6591502946525567 6.425304787048995e-10 0.312874245545523 0.5471120429714208 0.460974757349217 0.517378793614403 -4.5766134856302935e-10 0.0998353677548013 0.48238805343494057 0.5496401723483825 0.6171650095289584 0.46979284621757955 -4.271197792620347e-10 0.39756660499996455 3.4464217592007794e-10 0.6253027884833803 -0.0722617134045245 0.730954211633115 0.040711984643968246 9.802949720039686e-10 0.5130862744511389 -1.6550570042248034e-09 0.4423122386015393 6.80508573957535e-10 0.3233047660444816 0.7050116640989592 0.49399851062806666 0.5760134716215576 0.6238029301811927 0.6032458477802554 
0.42484328526306797 -1.5995896859642422e-10 -0.7364748757807998 0.683239012621176 0.7021270398227067 0.2660769776555154 1.5971197338431357e-10 -0.09641853122601615 0.6051831127914616 0.45415306210540296 0.62788947283907 0.5425011762629196 -2.0216228785890732e-10 0.5757996948744979 1.3204594335952495e-09 0.6199556823326436 -1.4863341979114806 0.7594268661054668 -0.2823257216323049 2.382796264384516e-10 0.3939315809282279 4.127317944936587e-10 0.4818341399759934 1.226536378843451e-10 1.2248660453574243 0.663361523938401 0.5420604247763476 0.6879402673366263 0.7459442325200479 0.6190567972903126 
-0.3687777556304703 -1.1954417762713198e-09 -1.9893947516200488 -0.3488243948623621 -0.37250281002302643 -0.31339421339060136 -7.770542344318169e-10 -0.20649620735685706 -0.022234390509041378 -0.01856811681889257 -0.14580331182377568 0.01842607340825885 -7.636379270671277e-10 -0.21938310952998957 -1.7967478159207073e-10 -0.08706432187612041 0.4789387875089347 -0.01623365931454523 0.008420403112081507 8.06638050451111e-10 -0.3752002733065707 6.793223238094839e-10 -0.14001477728647777 1.2705467477457202e-09 -1.20259303033348 -0.08201774908435669 -0.16061255319322612 -0.17178606443236905 -0.2771257703134685 -0.24273676269398342 
0.14033506686228125 -7.332594285512668e-10 0.10791658425876015 0.25473704254989593 0.04305271613648536 0.15963765861674215 -4.0837627950893065e-11 0.2321095519882799 0.2671079721558784 0.21644431013491663 0.45941463700046153 0.08466291001772709 9.533722438642326e-10 0.24638532232406463 -8.810893689791736e-11 0.16380904441962624 0.29133389659006015 0.17179141112626553 0.4029712543887153 -2.6400585449459207e-10 0.15136594156205443 6.599241700382315e-10 0.42963988828612504 1.3855010586485449e-11 -0.03717726136395691 0.21151353936510014 0.4751523450398639 0.2550504479388731 0.1853818538882613 0.10625174499647398 
0.5411560964825815 -1.8233742116808046e-10 0.36198307853100464 0.37905765732498625 0.41097424288556084 0.07485282110685541 1.1018506413444175e-09 0.001829051937243397 0.39503641522403865 0.5690463839014084 0.31377871695412013 0.4197872185258054 -8.268309207457416e-11 0.30302666339790324 -1.9407822515691013e-10 0.5196258936895906 0.2581677554417937 0.22454969683647782 -0.32151940194648176 -4.660047697089573e-10 0.28290507021723627 1.184977392403112e-09 0.24497516528518612 1.290190365989498e-10 -0.052608904782749696 0.3334497242495874 0.28933383694927944 0.3097668338454992 0.2241804518662318 0.48531478197074124 
0.38866292704480465 -1.9235705146451925e-10 0.19041239211812158 0.1862555326021972 0.48877628056530903 0.3378053735937276 1.8554603685333468e-10 0.11444941752102296 0.32662466105645854 0.34831104798346607 0.5236628446388419 0.4940856156826428 -1.4923958102807964e-11 0.24035964818583805 7.332416733546599e-10 0.5342614688785855 0.06615326583632608 0.4049735325811269 0.028065022226939493 5.553044286225842e-10 0.4085766779286579 1.3861929400866714e-11 0.5030525715015947 7.044476682363586e-10 0.31345239501049743 0.2189502998759724 0.38172551678991096 0.5042171467324791 0.47660118756136555 0.3367628157288254 
0.5132453755560785 -2.6916773855184386e-10 0.006121289621460742 0.48802411043145694 0.3474844929670837 0.30844931549403243 -8.743740418041561e-10 0.10900798106436949 0.2123897322006366 0.23001200839987393 0.4165256821566446 0.38069910450413913 -2.6686859971501344e-11 0.10172438569473206 6.012639828474014e-11 0.3406099152053255 0.09583947217458148 0.3764686228760312 -0.09439254122299426 4.696737445302878e-10 0.1795667749735061 1.065331389420379e-10 0.4995758343061657 -9.04145352175862e-10 0.09727030295177959 0.17929648292670083 0.34782923857785314 0.3817550057847152 0.24383643946234548 0.49057351942394833 
0.5176077412805663 -7.480753528937844e-10 0.5088495379162804 0.3493635283161067 0.4737779904088706 0.2445452870305925 9.493112818092407e-11 -0.33210079545590127 0.5685486843586822 0.598133740308945 0.5201331461571421 0.5779781212120257 3.8697629766992367e-10 0.5108111649395165 9.880343852587839e-11 0.5009562334569707 -0.614374957518114 0.6771023895698419 -0.24358280869184018 -3.906157781990568e-10 0.4998447718702957 5.476624822904711e-10 0.39453361932138586 7.50973020578864e-10 0.2040201541597454 0.5026432179927726 0.3550394608515004 0.3960267601768277 0.6919769363316121 0.3549520594854425 
0.009960480810205664 8.228067289327775e-11 0.09889166496571548 0.2611779159166867 -0.10364923014518458 -0.0691348793627876 9.70896948773922e-11 0.18096595754805128 0.042749722436717805 0.03950420285800862 0.1633979558405767 0.1026131741624607 -2.240526431330043e-11 -0.03978321841543581 -3.3134960191685846e-11 0.06977128148084759 0.3210339825086219 -0.057031859015783615 0.4315433208830885 8.342074790320064e-11 0.19380652554025976 -3.181731284499162e-10 0.04148193954615502 8.599400537057738e-10 -0.07552025356042343 0.1524670326935379 0.041086934254028526 0.1385221932938506 0.2413198134750963 -0.04967041450063038 
0.23588480190553315 1.053456491934166e-09 -0.1917839542214118 0.020447675653134306 -0.04021447022856124 0.09973672089262312 -6.464193157733655e-10 0.23766078717024244 0.10304967198386175 0.29269155068337444 0.024088902433581992 0.13705369524256988 4.5512849144382805e-10 0.04916774095785723 -2.641695238749326e-11 0.16455946933849008 0.1611719101076987 0.10288954612652053 0.22801794547449983 -1.3090667250161882e-09 -0.05398064096740409 -7.342504685728799e-10 0.18315363878118948 7.42249612100581e-10 0.7585915920120905 -0.015003931245563557 0.11857102502638725 0.182323659806975 0.12804817135438068 0.2744725135016242 
0.42127367834807267 2.516095409896736e-10 0.020878296095243463 0.21619947496459693 0.26141339892746795 -0.06600176025212419 8.528826613572692e-10 0.1458937210652851 0.41583377020787105 0.363595871989236 0.36493742554367886 0.17570316943038078 -3.2405941091516427e-10 0.07087678261565442 7.897915093417799e-10 0.24308440135980341 0.3189031013680066 0.21122844836310062 0.2461071195199052 8.081663143478088e-10 0.2820808788580586 -7.569081923409679e-10 0.23521218864249574 -1.498765782994359e-10 0.08207867247155888 0.1841934831065814 0.10935467040498469 0.33020981630616875 0.3321271855508122 0.4060052229276419 
0.062249683881486266 3.8760597509935445e-10 0.22585816388812457 0.2757076663751913 0.08234323918005763 0.01566405717460794 -6.220898545911806e-11 0.01435844988046536 0.23271279157055752 0.24018265370507358 0.38577447505868956 0.41115295642352134 6.007959727615666e-10 0.24531488769163776 5.304611753366372e-11 0.4298043440915038 0.04703076350414451 0.2969864057024802 -0.12998136361726917 1.6987070900418498e-10 0.06515559236192865 -5.038548990115532e-10 0.12691355154625472 1.3786852028616774e-10 -0.010134373113646691 0.19623626207037478 0.0951797584600309 0.1641042658099912 0.42774098319891296 0.2629227544818311 
0.2866691786994608 1.5583814517113638e-11 0.4251732475437356 0.5818939097297929 0.3359942005286738 0.25948635197903946 4.0140059905641503e-10 -0.2689359423436344 0.33644294530644864 0.2809998161227452 0.5835207307079425 0.4170044281527194 4.529371003148216e-11 0.40231937389975014 3.5351756667517846e-10 0.4255448360828285 -0.033423977854674033 0.581401325310677 -0.3912773966930151 1.1046069794692335e-09 0.429664551883115 5.855570117259713e-10 0.4877297752866886 -2.6771430645358877e-10 -0.3619499185018568 0.4504416355701072 0.633598464355264 0.31295075421099877 0.4319447133343361 0.3888317381691176 
0.38047576996596516 3.187212941561059e-10 0.14299589462961948 0.18057236513696664 0.13026335788715354 0.07079545942525847 -2.34965092079364e-10 0.015146927143236517 0.464370275331984 0.16007335712897264 0.48876411276437776 0.38724447359859043 2.5739149612683777e-10 0.37303944687405927 -6.435316286226477e-11 0.3366536272827546 -0.12155985191930047 0.33796591162600503 -0.17622007257344874 -5.786823773807007e-10 0.18548362829443946 3.65779381359791e-10 0.3850563400758479 3.629612067035354e-10 0.09493445356581257 0.21994762883884728 0.37059930798097895 0.2515537508762145 0.12848459411866672 0.48698190836061783 
0.11294430640038906 -1.501590966728409e-10 0.13619963835281015 0.2972729921508514 -0.037732312561994566 -0.07354252126138883 -1.6530679415101722e-10 -0.14325112056244652 0.16633016231773384 0.28341293695968645 0.3142307866463499 0.22781170652866786 -2.869002666307581e-10 -0.07297846069244422 2.5968059799557523e-10 0.08131641732503211 -0.10735263499118237 0.27648028557099674 -0.1906787919282494 -4.125071287027128e-10 -0.06271343285729737 -4.727224414504171e-10 0.31251218434542877 -5.807007743060245e-10 -0.17645236037345446 -0.007848298815414663 0.24991601014550938 0.07967348103291615 0.13262377046173143 0.04903366670927727 
0.44031440198516797 -5.6976824981412013e-11 0.4513771189978256 0.46915674367595617 0.3472082677110263 0.5068714218977968 -4.973857999059866e-10 -0.5276309521100563 0.4244046279611183 0.4427558884944264 0.5959560050456468 0.48670986152656914 -3.8008965223489743e-10 0.4046025340257591 -1.440974642520479e-10 0.6073636681887107 -0.5701273104157739 0.6443818714309458 -0.5046498742462808 4.009704377583598e-13 0.4315443456086961 -3.881051314743648e-10 0.5326850011605578 8.505395152792156e-10 -3.977681558500085e-06 0.43824432089809906 0.6530153474204294 0.5796094423742613 0.43482392776287004 0.4596791206745491 
0.30812579860966033 3.6778636207067724e-11 0.31068241098944727 0.466386611291104 0.3526420949077782 0.1395390479474909 1.0720717127194123e-09 0.12151798338430277 0.2885492697838317 0.28820499124411614 0.513949278253431 0.22890321979138223 1.1335172273249578e-10 0.13808560184303126 7.047917881090685e-10 0.32862184952511014 0.14310104286997852 0.2606414006648692 -0.21904030707547767 4.905687913455389e-10 0.26093281749745967 -4.4072672701555546e-10 0.44299970880215767 2.759474948762035e-10 0.04527278819455514 0.3507532872384535 0.5277905453989106 0.5290804298575236 0.451985452371891 0.41488549561129995 
0.3091991296991053 8.365064841186895e-10 -0.040953925857023746 0.1826272379398028 0.19446982975320926 0.1503819135713973 -6.28363604226045e-10 -0.08797561408157148 0.14708005492826606 0.21477865072123323 0.2545171163999832 0.2956447714248134 -2.4514664979655713e-12 0.12607299796546972 6.304486709013999e-11 0.20945239506964078 -0.24327614224682037 0.13506806074772001 -0.11923655343776261 -4.741053888486113e-10 0.24009434866999824 9.051125265466467e-11 0.26363157677904214 -1.672327231268062e-10 -1.2903765095898915e-07 0.11529721329451169 0.0641367709123342 0.3509731080605354 0.20989007114824135 0.3185460722594017 
0.07285793421545404 -1.4253480449866312e-09 0.00554260001486097 0.26512729920379 0.03940521789849098 -0.00704204214558141 -3.268774008448295e-11 0.08787823160832169 0.3010749286257685 0.06665635045337172 0.2591184411390952 0.19087361651550155 1.5582198256527404e-10 -0.02166595103704129 1.9099572620143515e-11 0.0874337002685187 -0.0008883725645179637 0.22484463881936867 0.1056488399767887 1.4811450736028642e-10 0.17646579268963786 4.442555179994893e-10 0.1684981440586605 8.781905819472218e-10 0.16131995237960822 0.20763606535533116 0.31189242201263323 0.23995739465593138 0.16254412075693908 0.21842736362208745 
0.20662880538674977 -8.548688251155577e-11 -0.1066042516105827 0.30453383895232006 0.19688847180438024 0.20243780129318797 -8.115107642571422e-10 0.04410403990119178 0.23936233556089834 0.3528772548461952 0.4357370650828518 0.2859606756547693 1.4734012685381305e-10 0.08161694398102401 1.5870531395810836e-09 0.2476011544796581 0.10838485892283169 0.21793986674989654 0.011124272671135051 6.064439828977691e-10 0.3966433407873298 2.1171225913949417e-10 0.3183895456259396 2.7736430038352e-10 -0.017253391056060895 0.3316816827292532 0.35644143732633204 0.1968031638017469 0.28154403688470253 0.32861667834107244 
0.289688274257884 -5.648744278103917e-10 0.8044698546936544 0.1629123854581478 0.15482463723420278 -0.11976246131174839 -4.746463469360916e-10 -0.08116549732066398 -0.023400349714468645 0.22573626429606455 0.31609030775939906 0.1557901710933541 3.0461186814098154e-11 0.09170873698803879 -1.919513790100055e-10 0.1325855127403497 -0.7524799522281634 0.29308942214402317 -0.2046864841161856 -1.5879004162139989e-10 0.23368560377137199 -2.9144679187368654e-10 0.007428404373096871 -4.524694216441201e-10 -0.06641926524095838 0.15899599386010413 0.22105020845499124 0.3120240736708251 0.3378596908788223 0.09495833837981169 
0.3781947770634169 -2.1997125119065538e-10 0.11877453708028625 0.19107568282318851 0.19746794640109616 0.08950014928426069 -1.6962551233177083e-10 -0.06909492568631835 0.472827995922986 0.28224431878347717 0.452930471121454 0.3931039033669078 -2.9794793324173745e-11 0.2881284145054883 1.0752113576073929e-10 0.21298395468575393 0.018631143783132176 0.37474786191016535 -0.09239997252979484 -8.709657779304597e-10 0.1811267513934204 4.33403104415756e-10 0.45205613584116183 1.0467802411004373e-10 -0.11737720977153837 0.3933621476431551 0.30690077744790223 0.3983840866538612 0.42930861903984263 0.47389790033927154 
0.8217581108452544 3.3507966934758034e-10 0.8552918374309917 0.8514936527250592 0.9395405144595796 0.825201309738281 5.990189192058541e-10 -0.00019210779870587602 0.6294960492795373 0.9193182647265175 0.824062460308737 0.7831632943728012 4.1181670584324015e-10 0.5309185819525575 5.350591261729009e-10 0.6295555650900782 -1.6247775115581333e-07 0.821467427875815 -0.0005056184972727531 -1.0529731324976644e-10 0.7082660423371361 6.1986406214652705e-12 0.9443792379620378 4.8206182976423906e-11 -0.6110007987104022 0.7569409489171612 0.9883182947355517 0.8955924411655594 0.7566400785928753 0.858870780680839 
0.3012611622473705 9.685026817904495e-10 0.18438570387280995 0.14815349400669425 0.16533845971570132 0.20010581958885473 4.7654197900084e-10 -0.21378636433407242 0.36550058906410626 0.34899128966478027 0.2914931548916215 0.13519103371155886 2.6200880416976095e-10 0.16604723565045498 -8.075767785859159e-11 0.2989877310637401 -1.4676447381841795e-06 0.16381899523983084 -0.2961185435566592 -8.604437256810497e-10 0.5110823838604786 8.896135212736431e-11 0.29539680323566325 -4.746450547575101e-10 -0.20939633078602035 0.4699684932915939 0.2564788985677171 0.42985513648881135 0.24555506856881423 0.5007833909095701 
-0.0857321319287017 -6.2394813124476695e-12 -0.3257789030070865 -0.2411025924548042 -0.034649610954070154 -0.27618582148131626 4.835627850561979e-10 0.5008903344948944 0.019669965249565286 -0.018906693481068947 -0.24468179225245218 -0.0893820810338043 -2.245614531089394e-10 -0.11158685451682254 -3.638212886599133e-10 -0.19699779668958925 0.3967454556034826 -0.12402419948886052 0.5193065735699768 5.52407426906795e-11 -0.04007455228547883 -2.839098103363592e-10 -0.14322265447975382 4.699366379430271e-10 0.006485266137388192 -0.06609748406435734 -0.1933099801413402 -0.10526258101445256 -0.06367814068720543 -0.26923804887124336 
0.01212232993138712 -1.2294153781258215e-09 -2.356174274217048e-08 -0.0010396498595424638 0.19942140437878372 -0.042388813050722195 -2.688584820266156e-10 0.031999007848204086 0.052492431063571224 0.09553493610489143 0.017814917405304415 0.3916976219125709 9.058524257814818e-11 0.07473363511751073 -8.210311827038601e-10 0.15083523599822563 -0.018074654429903383 0.37777297098696533 -0.07230222395026567 9.380718485020878e-11 0.2410517627962785 -3.8850489375099035e-10 0.20549815773546226 3.3452545235411883e-10 -0.1324799651260688 0.2416167630079965 0.01653696383286321 0.015451988343247356 0.025907598640483455 0.19773440043723509 
0.5192071471703698 -1.9083423231674523e-10 0.08269792624054886 0.5144268183674009 0.3574220190079778 0.21292628195713123 1.1656838977255656e-09 -0.16129737783423473 0.3161409200490921 0.29789229728649713 0.4618008658616602 0.5054238248762364 -1.474876332868225e-10 0.3443687819988437 -4.3923148034830954e-10 0.2970681420981287 0.21400520366830283 0.29003961816269036 -0.12811758786645314 1.8072426957567645e-10 0.19889453165664808 -8.014635478946519e-10 0.34666522666875743 -1.4760597502594458e-10 -7.896391683936265e-06 0.5349772081636867 0.2406144794161601 0.36626371353730625 0.46667310146137025 0.2655739054008775 
0.46835233374660323 2.9471257462363163e-10 0.08279335198251343 0.2526385606620707 0.4225643094569382 0.20531869692293583 -9.348352480219898e-11 0.0013104231158128441 0.2356150536378056 0.5620739574104168 0.2024274585767129 0.23117900505583366 -3.1662523681912526e-10 0.3900380136918453 -3.120215115704262e-11 0.4607518063612845 -1.1209357207656984e-09 0.2573612457121759 -0.03452564756318456 2.5472479575390423e-10 0.3499349969567403 5.140909438449441e-10 0.45354490834099825 -2.7193981512671166e-10 0.13632217729862264 0.31996204754917223 0.48069110072595045 0.5560322662075007 0.5172522433863489 0.2920686321664811 
-6.781409852320284e-11 9.055578778217006e-11 3.32999467003221e-11 -8.973953852271837e-11 -5.894247599159652e-10 2.122196151642287e-10 -6.264735562208402e-10 5.05380690658289e-10 4.989723141035098e-10 2.0678773617913026e-10 -9.019949938776497e-12 1.9377390115934817e-10 -8.41162368709175e-11 3.554689831382326e-10 3.343690761900493e-10 -4.543529444143303e-10 -1.7113456772529583e-10 -1.3882685392193515e-10 -1.1592869699850318e-10 4.934399762300556e-11 -7.694745657977434e-10 1.4351259636138045e-10 -3.5716454550009413e-10 -6.402815018522854e-11 -3.5078408461791014e-11 -1.3329255244816404e-10 -9.577207175210748e-11 -4.0023208185071414e-10 -6.85409676465636e-10 3.677476910209212e-11 
-0.016320921892032006 -4.775784550362521e-10 -0.36814909911683386 -0.1253852888650436 0.09773033802962533 -0.27298848818430793 3.747515209170371e-11 0.20666563246892072 -0.07682460337047126 -0.07912529276076564 0.16136820672418403 -0.004125464914576514 1.3498332578595924e-10 -0.15289242806195424 1.2799051652168356e-10 0.030530192465592725 0.11327593193149399 -0.07629480771889244 0.23002628460887553 -5.204709917097193e-10 -0.1380805536647899 -3.078388031273191e-10 0.11991099761872628 -1.4179327365522846e-10 0.11713531795486887 -0.049014555586360975 0.05986840621605565 -0.18908514604932963 -0.14742706307210168 0.07267437873321651 
0.4065410211509709 9.68269708565719e-11 0.2676829312577481 0.1546240133305912 0.33184706489594407 0.35596167136478746 -4.65345810685555e-10 0.08303986313138415 0.33496005854221494 0.25424854350544446 0.3874823530340783 0.12792148463799113 -4.4253611854219497e-10 0.3014421606683959 1.303050270975538e-09 0.47024513755863445 0.15937030512517034 0.15701686205462517 0.01526008141397285 -6.729092690924663e-10 0.3189359461881677 6.790115090323612e-10 0.3151009116696359 3.256547662412837e-10 0.018680709853097076 0.45947067338127345 0.19225651449869643 0.15658236461325106 0.268047798737747 0.3412524390818715 
0.4580433668467666 -6.16220849358706e-10 0.1135179394495295 0.10354239757344925 0.18739285726539565 0.09514510431761274 8.832239150348374e-12 -0.12274269369055579 0.45605337545724833 0.40808379759532504 0.42373300936319036 0.12733158564792985 5.654850190446938e-11 0.0554956908272658 5.106910185779025e-10 0.10926266846734833 -0.002445960485212827 0.23013645666062718 -0.2239131394209896 -2.2769236495205253e-10 0.11512672486360678 -5.43535485951559e-10 0.22459803915057158 1.2504623259898855e-09 -0.26246100223423796 0.3854080841239408 0.18598373160228435 0.11344111299658331 0.07346865512780841 0.14887935214152817 
-2.6472532892582528e-11 2.8025698721564663e-10 2.368194809943179e-10 -1.290847264956397e-10 -1.4067461301009858e-11 3.8857621601906243e-10 4.4067529501590115e-10 -1.6842807273707658e-10 -9.01482512295291e-10 -7.522241156225108e-10 2.507849576650725e-10 -2.34612999781855e-10 -1.2425604897776684e-11 -3.761652559416781e-10 4.603945200424007e-10 2.198169633583661e-12 1.855190480752701e-11 -2.1175231045323273e-10 7.947168527172068e-12 -9.101327506049802e-10 -2.275802225941866e-10 -1.3325067088794035e-10 -2.177403312390797e-10 -6.327178162826145e-10 1.4715734947942156e-11 3.382356428359723e-10 7.186451263858059e-10 -1.7614317202930467e-12 7.338068096666397e-11 -2.077691167631e-10 
0.06963161556462863 -5.104191541129367e-10 0.07320806228708415 0.2910808237991819 0.06008963291269113 0.07740544452976152 7.374538909059159e-11 -0.02920876078609714 0.32391276397641766 0.2631429485835142 0.27518265396959884 0.26134733183279724 1.2246437239989141e-09 0.13420162213750492 9.212441808898448e-10 0.1908993684287635 0.06332990647689446 0.4046654568011959 0.06392819788238699 -1.907223402079025e-10 0.2505694653767777 -1.3030942540379345e-10 0.16063043215352898 8.922261833585924e-11 -0.09860175645646502 0.21900721466283124 0.4036435089409011 0.19281045043027542 0.09300008759019021 0.21418384749370584 
0.45875746674513135 4.502583674154379e-10 4.187495649664392e-06 0.15334154383629192 0.2397618353891413 0.45672171025128105 -5.410851504424007e-10 -0.4383043083255766 0.48819849580125513 0.1995337299900532 0.43866187395353856 0.37118549820759755 -3.716386466655478e-10 0.4430322874262793 -3.977635332466861e-10 0.42822349301452894 -0.4576878877050584 0.3968148376522478 -0.42313373174514374 -5.42930477053847e-10 0.24365398181553954 2.0271705357143657e-11 0.34888299300380027 1.7070164821851435e-10 -1.3792485727725704e-08 0.2520423485966669 0.520161790067522 0.33461631364385835 0.5395012117590892 0.42503313848962976 
0.319406727842779 9.84125323099781e-12 0.1380269103367634 0.13586650106910236 0.03344924885180567 0.07516144464458854 -3.3177150280376895e-10 -0.25351768351643117 0.13940998095588558 0.10289355242949007 0.38367256412790096 0.07142533637180577 -3.92761925512761e-10 0.19619601781558618 1.207563367259222e-09 0.15293243842089285 -0.1159300269595317 0.4263305292063068 -0.17652051156090431 -1.8051496958325958e-10 0.1955087325527423 8.318260285665712e-11 0.1948614399802052 9.060359302661366e-10 -0.1593816738069215 0.4100552371507181 0.18958760354355755 0.41230721908227164 0.22121500964957302 0.286280301932872 
2.4895824269504445e-10 3.78926340927312e-10 -8.288008781077286e-11 -3.7407732100489454e-11 3.95192236903162e-10 2.199495611698695e-10 7.131464181916865e-10 8.425956248074935e-10 -4.0315511643114606e-10 -3.082338022667802e-10 2.1764878561499385e-10 2.661491014563056e-10 8.23368354796752e-11 5.333780365416646e-10 -2.671729363071608e-10 -1.4416143182843028e-10 -3.4978703734809617e-12 -1.7476427769681016e-10 3.2215930126807954e-11 1.7151738187368848e-10 -3.218405693990638e-10 -9.763825887239433e-12 8.912161937738396e-10 -1.6301772009164492e-10 -7.906801364047089e-10 3.9534739107030294e-10 2.1517661172724286e-12 -7.333126634603312e-10 5.671602345717611e-10 -7.500230977589854e-11 
0.3653948829579048 -7.730166978054953e-11 -0.13119505756654992 0.05769566628754493 0.08669100664545605 0.1714710748150326 -3.9100105777042535e-10 -0.04405259721323649 0.3406547392917171 0.17907801120449943 0.042333294183121 -0.0016738587398751569 2.9964285800681627e-10 0.2826860933076034 5.278566167626521e-10 0.2906901330043052 -0.03184069350199406 0.28700082181678643 -0.1705214983517374 -2.468751018208263e-10 0.25958656175709455 6.912247190080506e-10 0.25118502944780036 -4.0872810245644746e-10 0.05433712417516026 0.3515282251636454 0.024257517159538746 0.07628562176596283 0.08926994514785729 0.29631998988177227 
0.35671573927237854 5.93927305446971e-11 0.07481016602964519 0.18280737008744383 0.0562224289456632 0.302921138379486 2.9498340454057336e-10 -0.17609278792028168 0.21063201276069388 0.07487875728134658 0.17129672724769332 0.08891392744393738 3.2680092093947045e-10 0.14614382889595273 -3.093767173683722e-10 0.14245568887110333 -0.23739567185947696 0.15929649521449907 -0.23294104539676794 -1.9834647153554586e-10 0.27967670491160346 -7.916570423477927e-10 0.1862773882520126 2.6275004387298497e-10 -0.1032462919045535 0.3507545285104898 0.1321026213904375 0.14792244148670763 0.11378684268294009 0.397431297180835 
0.2365403973212071 2.8410397802458633e-10 0.07247794268183122 0.14715386566783697 0.38364718012131593 0.31044228705958 -6.241283170167891e-10 -0.023472672889496796 0.5319949757863826 0.22570244305915876 0.20896389005895716 0.3841101924789924 1.3909223881925302e-09 0.09911997246411447 8.635893651972228e-12 0.4356712427925337 -0.11253422184315057 0.16226600290253052 -0.11261772637506211 -7.91122727131116e-10 0.25432576419615155 1.3376803467633061e-10 0.2946584426487073 -8.812784288133964e-10 -0.004839086117967941 0.30117178693094376 0.22067582614115497 0.55267445365762 0.2134492887865839 0.45157038092489893 
0.41831426630814783 1.043184967383559e-09 0.08779288242719992 0.13306591706254645 0.04090972146943804 0.37737265399562164 5.587544526008903e-10 -0.1978275425345172 0.10318742986410434 0.1451766008094707 0.31425212848636946 0.18212451830780332 -1.9471264113713384e-10 0.0295207204191188 -3.810936480875097e-10 0.2646200804896134 -0.2614505786156261 0.2742795157062667 -0.17364138397010986 -5.16050943689831e-10 0.35242683933509245 4.738718070941168e-10 0.33652669101977695 -2.5981252681326355e-11 -0.23553279583169126 0.40524834594020376 0.10124262209037202 0.46285768642564157 0.06388413016380048 0.29567452587156146 
0.12602759056357352 6.559400408688211e-10 -0.01382405878079192 -0.058309652834282015 0.10837380224096889 -0.1331136058999369 -1.1853460218184864e-10 0.1876486806638377 0.2569487531073629 -0.024683824875307396 0.2393373073219403 0.21324065036713413 9.745335854645848e-10 -0.09856968894292377 -6.687822952325638e-13 0.24586380251439416 -0.018878300379083154 0.15120528487167656 -0.012902164959225639 -2.8973332634387667e-10 -0.08623414567572535 2.864835438665634e-10 0.053530705710815175 -1.024922391074529e-10 -0.06706057234765597 0.18129988079484272 -0.0010583202437359335 0.24670169403941247 0.06187995552388772 0.1841433112007652 
0.4386051861779962 1.186696686486987e-11 0.1533240198467224 0.29795534411298125 0.26850489483766493 0.16433197914802578 2.4213414413958247e-10 -0.08674664681474432 0.2931479052907914 0.15778073569102552 0.3395859385351559 0.22057645987676058 -7.764981638823859e-10 0.3148017489116519 -2.3440629505756335e-10 0.4183858987502187 -0.22896556509103336 0.24462914517613357 -0.0835199342232085 -7.683559387293804e-10 0.28275590749911034 5.728517719503456e-10 0.15626365323294264 -5.701816979166131e-10 -1.3653758466759054e-10 0.363045113819266 0.38311807171188744 0.2420107026990401 0.12423380195329452 0.27724796701487253 
0.09705091187508796 -9.133394102887236e-10 -0.0232078555525135 -0.3865432147604556 -0.32132989391393124 0.2602968103057175 3.8762032185003526e-11 0.14582452296091128 -0.4437032586068487 -0.6638253588282816 -0.6715499795512918 -0.6427384067908192 -3.2982464099372526e-10 0.13264188964699386 3.1854266919173103e-10 0.2588078995407874 -0.21709365357099533 -0.4968305861697349 -0.3607359341051851 -5.0857119429440014e-11 0.038258120515392846 1.2210566434672721e-10 0.13134540026824545 -5.434136454728278e-10 -0.17582388255821826 -0.5471187788635596 0.03805531458003239 -0.7096552578100206 0.25953128133463976 0.18890652350108167 
0.2333547545528792 -6.330133458115537e-10 0.08219428743410091 0.221113589423626 0.08574070005430609 0.2671649913886886 -9.411952884734523e-11 0.017282978500189724 0.4183893204035983 0.4831393578899972 0.36096971652480164 0.2326529545114376 -5.661482411888721e-10 0.022699564218711155 -1.6871838208171104e-10 0.38103022506294054 0.006298073479060641 0.19383799836863827 -0.18026929698553457 -1.8742065784071026e-10 0.3089973424201586 3.3573123920365123e-10 0.3312241828793417 -2.1333308773277344e-10 -0.024867570465954093 0.22452768338555465 0.3713589656129101 0.4531074055798289 0.3604505041237687 0.35310519717502026 
0.16000397402757244 8.091428298915016e-10 0.17728527803861838 0.3387622560910633 0.2142064020742116 -0.002882519041559742 -1.7489250383995386e-10 0.11237118950831539 0.16435680556748777 0.2114364462798311 0.2944836155861606 0.13761487529871816 -2.708348957753904e-10 -0.03264815937036289 -1.8462006018637657e-10 0.26415430246207905 0.10767519193895232 0.41135482174249866 0.13654766492642026 -4.666128270802433e-11 0.39704302979126804 -3.328484439808105e-10 0.27287467606852694 -3.308990836181063e-11 0.16269773459061215 0.3846526453544602 0.1460188407476456 0.2451770417017577 0.11302581427701801 0.2574170177703514 
0.4198830183821135 -7.889297914802338e-10 3.7398181624848944e-06 0.4747257887169484 0.46332861596693553 0.2853768538411262 1.2735523040804795e-10 -0.2997146235575543 0.5270898969294276 0.38633048530719455 0.41346062408785833 0.16767457021856583 4.739834817040274e-10 0.3691302646827868 1.7470033737060324e-10 0.43740088488478696 -0.4936519778508875 0.4465176464590935 -0.3024762167273993 2.5614944375575187e-10 0.13639708070120118 8.903562913830448e-11 0.3553204083770608 -3.5182619448083624e-10 -2.0360785872733463e-09 0.270245979356461 0.48860008562342205 0.23401937042497303 0.5173595302849782 0.5353768872493196 
0.04970385436760469 7.013383810830154e-10 0.053493847245575606 0.09608777836460834 0.04685078980446394 -0.03811185019975112 8.921646761169222e-10 0.03770534604706513 0.30435384617693084 0.10713773122113827 0.317618863686829 0.26976004772709483 -4.5378679318063737e-10 0.041124161120552186 1.600758219844793e-10 0.10763380667764402 -0.0825341232950437 0.06876395672740218 0.13942251919506066 -7.017014864939437e-10 -0.02763819111444147 1.9821869336596003e-10 0.15092786668928745 -1.1893065468954477e-12 -0.00864201577479194 0.19398020339758243 0.2842652946363411 0.07029898423209205 0.2845082617651275 0.12514834677757466 
0.33912307964343474 2.3805698844898784e-10 0.20027293733339877 0.4939856715313557 0.3838076947904703 0.2921182392512586 -2.340407328405721e-10 -0.16585126490350174 0.2584803361405583 0.4829917801872388 0.18686355668869492 0.22933915305960106 4.205112969890917e-11 0.3349191643863334 -4.934978434955482e-12 0.520132076045015 -0.06197033605935215 0.3478767341252685 -0.2761187045797616 -3.41513670668019e-12 0.41567612702877843 -3.136759832449759e-10 0.23121344514433945 1.3335405982865602e-09 -0.28975658482461913 0.27947223054741716 0.4055366358440752 0.3307663237414538 0.2235091203215856 0.33273180023612403 
0.3138674726137976 -8.561087448482818e-10 3.039563229798618e-07 0.531868567101072 0.4776032714687584 0.34389638580379883 -1.700628566986915e-10 -0.2275984490138404 0.5959739729033742 0.41837073493091925 0.30890996983676045 0.32321438256070956 7.737426745507898e-10 0.21795948994538744 -5.751110544431737e-10 0.29295386275849356 -0.12012587492954564 0.510565880012965 -0.20506438529577234 4.4531408125959136e-10 0.3620578305841581 -2.386268000020479e-10 0.24739050642570973 8.015100731091935e-10 -3.661338344057922e-07 0.462418486314632 0.589334772508586 0.30154155578683844 0.5998497190199655 0.4835448090892546 
0.17269099203397967 5.059651363552378e-10 0.000618885825426267 0.30704519844292133 0.3586487006305501 0.052837258335470885 8.76809924207091e-10 -0.06175798610638152 0.14469579985159114 0.4456310683775893 0.5181985234645673 0.41933710879562386 -9.072232681474319e-10 0.03821090245892365 3.565392239888457e-11 0.27806106635677275 0.03978672149961396 0.4431630435533326 0.07815843016527602 1.4498090258253361e-10 0.39192733569736216 -1.6877065680134202e-10 0.19002935445045127 7.544043097509504e-10 -0.16608910361486487 0.309154617945952 0.3929751351844482 0.36538443340892796 0.3004952021193264 0.30650432728018606 
0.015652295958742034 2.3447520835140126e-11 -0.08856055119526804 0.25594018294219223 0.19343592424401274 -0.06912796297248058 1.4554318923494419e-09 0.1546944055729566 0.07669274944630297 -0.014041503359273285 0.1806715679659523 0.11697982245020394 3.304852473802052e-11 0.12832298836442105 3.549331845270749e-10 -0.008136882129545064 0.05473947547743537 0.09956588701125613 0.1169010100721753 7.392471712183326e-10 0.1691159175718567 4.9964891344279415e-11 0.07188287648402496 -3.1120807216055697e-10 -0.08572481643532284 0.1431116482481417 0.031150612215972092 0.19487147390198345 0.2382995299184799 0.04509786754724982 
0.5090317377365959 -6.786834926552019e-10 0.5263426773356397 0.6393111949755123 0.5843001487816688 0.6561744807794201 -2.9481510299237054e-10 -0.06185614749223154 0.5134094601714554 0.4196889126641097 0.5311759288323247 0.4114129043063971 7.70343117528325e-10 0.5950657315182382 -5.893154313005838e-10 0.7193144769310336 -4.663221729103e-06 0.7722354558259604 -0.19813050982430425 7.530553175502288e-10 0.4784958298721896 -1.126451484058897e-10 0.5725524551412389 -6.012055003734751e-10 -0.4198667230850335 0.6534679973549018 0.5972829706955154 0.7518066024799925 0.5050980476384577 0.5455985874724271 
0.478027043502029 3.7156611888497165e-11 0.4282634840002312 0.42223725485628355 0.6846221362424142 0.4600012366042568 6.724654276092524e-11 -0.10680566482516704 0.42499509751364306 0.39556756471789 0.6937114863347162 0.39871981438709664 1.0901491581373714e-11 0.3400381178938478 -2.2531003473683341e-10 0.7309683058810196 -8.119256793561458e-08 0.7489146987030849 -0.24253189983950857 -8.819699987668175e-10 0.5247640817738981 -8.35368611872494e-10 0.5106607520329147 -1.232874714920218e-11 -0.4046621827104566 0.4669803362060198 0.6063680958171923 0.5446226268875134 0.5670447757379008 0.4631770333096845 
0.05132901468754362 6.780941351391602e-10 0.019696952899870387 0.2410099801352692 0.19634430884357454 0.21441995184314083 6.370076072381705e-10 0.10056574095415548 0.08781631003797494 0.2568922905416081 0.27836994662431275 0.23708633869874512 1.0377993053415058e-09 0.20030682046886542 1.046357616819587e-10 0.2700714049679597 -0.04144486104749108 0.286337185784718 0.03200148577463708 6.567990226865105e-10 0.371046967810961 4.472683340703706e-11 0.13668764977637354 -1.5103964237622965e-10 0.09048249302603048 0.21683005105392872 0.3393165451582104 0.25229725417025406 0.20096799229487075 0.1600060773980854 
0.18597085204254934 -8.922705859271474e-10 0.07439513674220583 0.17608329796296174 -0.038334249808684204 0.15248465241354117 -5.018835213654095e-10 0.11067544994529586 0.16668708616623362 0.3462304113320371 0.03075793640754956 0.01594250261127806 5.401071959983909e-10 0.19252246583621666 4.0080916514106706e-10 0.18773332930643416 0.17727509120484905 0.16139260189437488 0.20349053669937928 3.4067741880308784e-10 0.26732333514276413 1.6776294376882387e-10 0.20235900513087163 -6.771042440463603e-11 0.13309429521149937 0.11658916327047147 0.09772436977600524 0.26827692765610683 0.28700215825320574 0.23211755111167778 
0.2683581905635535 -3.7142899211822786e-10 0.4045044649841913 0.5500903999556687 0.16878634086824595 0.21582001477434012 5.736550875703008e-10 -0.1590982072101595 0.3032067749679411 0.4259377896342045 0.4480094329268287 0.4487990229957479 -2.5280673391195034e-11 0.2718415989286358 -1.8405534236714134e-10 0.31872418116584367 -0.0006491683173440676 0.4649477611025222 -0.2264713586781888 1.7787661044591542e-10 0.2326524987133989 -4.5261268129252246e-11 0.2710876113579829 1.8155272843614558e-11 -0.22611310007356586 0.41699229008116956 0.37321381038461293 0.5427468979865531 0.6001042926684356 0.3256458215595698 
3.662536051351974e-10 9.030056177693938e-10 -5.615288566228883e-10 2.1375655338986545e-11 3.874532878913528e-10 -1.0297513710411898e-10 -3.914146528718001e-11 2.7192767079225935e-10 -5.978541286920873e-10 -1.199371571736974e-10 4.688495944701288e-11 -2.8961407918213496e-10 4.441441517483248e-10 2.972752521417929e-10 7.937480996331774e-10 1.5569310736467188e-11 -5.756189766500112e-10 6.99971780261374e-10 4.3144457277264024e-10 3.1426549489121926e-11 4.3600564856301955e-10 5.44621412724709e-10 3.15396991018831e-10 5.3256032356812993e-11 9.432984714753458e-11 4.5416913810565035e-10 1.0142392936735372e-10 -3.4780417922203517e-10 1.833827579470147e-10 2.2084450083673358e-11 
0.26621922059304254 -9.145819699534449e-10 0.21924003971691694 0.4256274004849027 0.46902067651943 0.45328898448793564 -5.713849724388093e-10 -0.30873510632634854 0.4944516713234833 0.29071267930028233 0.2945493445756982 0.18470404804314902 -5.97323451733944e-10 0.14656882880586164 -4.456843961935274e-10 0.3828827388973464 -0.0035396104963837053 0.5034721271344927 -0.27560575491676476 -4.089884641740457e-11 0.4518986163800136 -7.721155774875914e-12 0.23047473506862895 -6.487116727968158e-10 -0.32374929784241124 0.5723195291729175 0.4521466636674531 0.3024153317504835 0.46692201243552073 0.45770077933273384 
0.08616410778723887 -1.1887448577345846e-10 0.302163767901096 0.09681846768073625 0.39371580184003385 0.42465741922458233 4.742545396288309e-10 -0.2654823479163838 0.3053887199008043 0.35144471007484096 0.4429742146120755 0.1254577350529581 3.920718504660968e-10 0.08776067121339633 7.201577456601223e-11 0.3892842937652724 -0.17931261229155115 0.2025375622151555 -0.2261852310866959 -2.126267532670825e-10 0.4711815520080588 5.235030887092174e-10 0.2738508966182666 5.38075472614984e-10 -0.23468373135364218 0.4609619938299737 0.16273887165257828 0.2258147751553853 0.10931435966767034 0.21862182401121058 
0.19997552319128287 1.1254237660161705e-10 0.03977896204868494 0.3277776305320679 0.1444578776015909 0.04296910284649026 -1.000362438200046e-10 -0.06189759684124762 0.21852017955734282 0.4264908744474168 0.18554449567072517 0.20815577553228018 -3.3133807804862473e-10 0.0960558900279042 -8.916259175674571e-11 0.29239243486719063 -0.12799718191017026 0.16472655685666945 -0.0019438377706265113 6.216810591681599e-10 0.09958918678992659 -3.960941876956183e-10 0.11604379335021645 1.7298388464595627e-10 -0.17115404637661957 0.3163380731436755 0.14802013176228215 0.39579336955240807 0.18012531473429566 0.3347138522912952 
-0.250875559913795 -1.8683293169934836e-10 -3.913435991637607e-06 -0.06603540269143919 -0.06895316217382608 -0.13267191860913033 -3.938979040269299e-10 0.1618523459862932 -0.00041978738932492963 -0.053949361099265174 -0.023582889226450555 -0.24430535839357148 -4.743451916198816e-10 -0.2495946148806007 2.1096163438315349e-10 -0.2098648745727702 3.384596005070934e-07 -0.08362374981915546 0.36579552534277393 -7.256224555278606e-10 0.0016775786619207392 8.503007175035998e-10 -0.1715357123530752 5.66503020695798e-10 -0.11360812725845279 0.040002968396867115 -0.10356423227384984 -0.03851934199671161 -0.1971892646036878 -0.011323535715515254 
-4.701171285277111e-10 4.356697133942586e-11 -3.707998493451149e-12 4.380105313657063e-10 -1.243765113206129e-11 3.3122776072584603e-10 -7.899882709366085e-11 -1.841941844810345e-10 3.358847413240245e-10 -6.223798576117818e-11 -2.1040538251589438e-12 5.851452728171052e-11 4.0017303620775587e-10 6.204584260784048e-11 -7.347705617235369e-11 -4.42932915871623e-10 1.9787383284756906e-10 5.486085337367964e-10 -5.706608981431222e-10 -2.3391374767765994e-11 6.935586734309093e-10 4.672107218129853e-11 3.2072208516562376e-11 -6.996856364410885e-10 2.4515231745850363e-11 1.3709506723977805e-10 -4.750112157545149e-10 7.630319646732273e-10 -3.679356342684873e-10 1.6060673879634383e-10 
-2.3202206244898783e-10 -5.705224369222826e-10 -2.528277371778868e-10 -1.5060708321559342e-10 -2.449136835485323e-11 -2.9691441003416774e-10 2.3482012655242767e-10 3.7460288760769723e-10 3.429536447223653e-10 2.1730143880630966e-10 -2.3918264013201546e-10 -3.402397704508923e-10 -5.686655831082799e-10 -8.247164545405885e-11 -6.289525794531244e-10 1.3808961845008235e-10 7.417101482157353e-10 2.7980701599894604e-10 -5.482857102161081e-10 -8.423143892074352e-10 -1.4970927571781562e-10 8.908257756272085e-10 -1.7764564962999907e-10 2.503125510159632e-10 2.1844259496629717e-10 5.4375320354734626e-11 -1.1215531690731874e-10 -3.443955556557649e-10 8.44023329071959e-10 -6.922415109046595e-10 
0.024668470390112444 -1.828639930309759e-10 0.04408218421746106 0.20625134620335905 0.0010549250897305571 -0.09770526180603128 8.645791028261499e-10 0.23853066725317812 -0.03789702078406586 0.2868347782267051 0.18633127805313385 0.1106366947722199 1.6051364982086993e-10 -0.1872781718063142 -1.553125117803632e-10 -0.021159090724471787 0.10785004128852572 0.0952540806154044 0.08289223791025689 -2.0927818229340486e-10 0.2249473599914366 -7.535890665766542e-10 0.06174454806307439 7.0450813487914e-11 0.14879078931190615 0.18280627643241043 0.2382683060345426 -0.02260817979885584 0.039882412144149657 -0.02966866742918292 
0.41418441606012385 1.7060862065895018e-09 3.204864778317824e-06 0.3689092617319667 0.197463290977608 0.3268499426622814 -3.938734115890072e-10 -0.049458274319652426 0.28317930864581903 0.5467687012437856 0.31962184705255237 0.36763882505066797 -3.035272392735177e-10 0.4290473186394338 -6.414618621816851e-12 0.5720903488366595 -0.2855838060147692 0.43378224725121645 -0.1398069733414688 8.483422834818893e-10 0.4689698819998146 -3.946147662418636e-10 0.5421218222989124 -6.658187345397715e-10 -0.16397982617638543 0.55893811956085 0.4496945834746924 0.4348019658866926 0.6044205727599155 0.21976012521408217 
0.09189726137199006 -2.672367777892196e-10 0.24421375421143438 0.2906344487519756 0.21217851210895167 0.1126682361016139 -3.557343168107359e-10 -0.0003203828556651662 0.22724867434735097 0.3114017592796388 0.43697748366562306 0.32629126913927975 -7.118567163729556e-11 0.07059862971117584 -8.153372540384215e-11 0.31512571054108457 -4.166753663895503e-07 0.2132448775538243 -0.08187092929996972 -3.214599377120809e-10 0.19473668542028086 -6.616198739172435e-10 0.26392351553924787 -2.165977533405752e-10 -0.23560110759713793 0.4045990908926859 0.16503494946604116 0.46333965697060014 0.15328046210306823 0.40335415668055635 
0.4057299489281523 -6.302634385712708e-10 0.45386263803833526 0.5259230956902823 0.4826473911132742 0.28770557785059325 -3.1714420068787326e-10 -0.21310816390740386 0.5286809395979539 0.2094927024178425 0.362270826044015 0.48870736841221385 1.9436735370464788e-11 0.2113058650843042 3.465952104485736e-10 0.33168340554449444 -0.1132199514958766 0.2868968388471012 -0.3099981731391711 1.3904348045369687e-10 0.2833103599023946 2.3633340723883156e-10 0.4969382905090883 1.213458764285439e-10 -0.4357542007365779 0.2999370499126952 0.556407367873417 0.5048555447579788 0.2640575950254245 0.3332070575457809 
0.28877754489138074 7.617391335737715e-10 0.151859905531934 0.0952038971570666 0.19581754045339653 0.3220607137989648 -2.5344196695240543e-10 -0.3736426015105765 0.09687509844774699 0.22286416335616438 0.11754222992095094 0.2774139895797269 3.0091723005639443e-10 0.1636031424217253 2.5603690601978273e-10 0.2950527001685628 -0.29589422300651114 0.17760257860538448 -0.22053644043273238 1.061742891788915e-12 0.35293914050636416 -3.84025184103877e-11 0.2911718820690722 -7.699798973137785e-10 -0.42253870223453865 0.13330165535376853 0.14800707858534679 0.2673745137015332 0.30624904847111445 0.22918991633212232 
0.013011015124524732 6.062465529135288e-10 0.2267604939870501 0.2502351445113504 -0.028682283387006503 0.14976475677521756 -6.872865821714926e-10 0.1413276795463904 0.3311310771027998 0.08322703146550288 0.03999386826538191 0.23096194392805094 1.549191750226806e-09 -0.00482420420868915 -3.0022636842536763e-10 0.06836710832156509 -0.04150194360859542 0.20765056586380687 0.022803409025904633 -1.8360577595402366e-10 -0.01319364594465457 -3.2803071147332016e-11 0.08664809483784788 1.27528640542695e-11 0.0015582244621626282 0.0932331293186182 0.11883476414111517 0.0037645792223370855 0.13963061346679584 0.11475186415095391 
0.31853107710347456 8.097982452872952e-10 0.2138221193360331 0.10505729777486357 0.4523950014616314 0.289454680322116 -1.1445893354483164e-10 -0.26531963784110413 0.4631600064575142 0.23924198658323487 0.35247060158979643 0.49854735251973487 -7.860239037747249e-10 0.13445536953627213 -3.023705732847227e-10 0.4642435404905491 -0.28032716062016483 0.11623103228022816 -0.24561996687848803 1.7360382161725295e-10 0.33892844756909074 9.091226087483527e-10 0.44764073684960387 2.7582370080166475e-10 -0.3422384717137437 0.1482385245757289 0.1978590638600285 0.19068321397320917 0.31808375593162763 0.372960998597977 
0.14909433371998485 -7.219677984154046e-10 -0.14309151326503283 0.2997810149376167 0.18246155181873489 -0.02678805499541316 2.367774155596183e-10 0.05698918550906191 -0.013497377849562368 0.18015574602362278 0.09725726049095494 0.11325286882355848 5.98794298222031e-10 0.08525220349473754 3.397218905941806e-10 0.021876755064982635 0.0005707471230034355 0.13750240723475501 0.1287738364856458 -2.1224853188259083e-10 0.11491299957837996 5.135837829862154e-10 0.014555695963735304 -3.605305403889912e-10 -0.010328324554081832 0.25003404818810665 0.2574994999048673 0.2918899920952793 0.1458724797305572 0.31312953332909027 
1.913057865313067e-10 2.1368539888009275e-10 4.050555792916161e-10 1.0847949403404302e-10 -5.890922379939376e-11 -8.062499244335673e-10 7.497416759803122e-11 4.693264222253149e-11 8.005330833172846e-11 -1.6467589667484416e-10 3.9668525322319603e-11 -4.1861183992187304e-10 1.3166160934985602e-10 -6.746865270692786e-10 5.277494667828833e-10 -3.2961605857050655e-10 -2.0353693666650532e-10 5.525176448017669e-10 5.495404870970191e-10 4.359279891861534e-10 -1.595261172027998e-10 5.997605826699945e-10 3.0773918719465467e-10 1.4126762251723746e-10 5.927700419705332e-10 3.2826467482644614e-10 -5.67052764977889e-11 -1.6289894148508568e-10 -8.51984870213813e-11 -7.060842086754917e-10 
0.0921335747534375 -1.2833904607609343e-10 0.04474104092699027 0.2696415880032383 0.2844957876631312 -0.037950954292708325 2.8482188434441343e-10 0.12334285414252336 0.045285607312728765 0.3105565536387492 0.0683993752623729 0.2147231576721205 -4.795497758834315e-10 -0.12256899454050482 3.321663191571716e-10 0.18347893740304116 0.00046383568421535414 0.27488165348093263 0.04526282688222361 4.748738267095268e-10 0.33577228850759666 5.075129324848485e-10 0.07343100804112741 -6.533846776731747e-11 0.1295459064211456 0.32562779257276914 0.25659296903308637 0.28173666970408223 0.3374620838109369 0.1279866891506625 
2.99863748161221e-11 2.4120931431093543e-11 1.2905280236098975e-10 5.802145377518317e-10 8.007195793157347e-11 8.087875159951111e-10 2.4192503210129435e-10 -6.508181726567412e-11 6.188432033524452e-11 6.567940123493875e-10 9.759025743904618e-11 2.0889479711424146e-10 1.450952200530619e-10 -1.4818281067732907e-10 -3.5385864049606946e-10 -7.192265364177761e-11 -4.652760531445798e-10 4.142922489177824e-10 2.0965605446444195e-10 -7.827257710251129e-11 -4.1920207385907175e-10 5.295738033608369e-10 1.1948368409202368e-10 9.047369646822344e-10 -5.903060272741131e-10 -2.78998848734999e-10 -6.393378480566204e-10 2.6185989499081464e-10 -4.452010664399994e-10 5.445404670772418e-10 
-5.6034086045362846e-12 1.7839021936090744e-11 -7.667148677113068e-10 9.30724266537393e-11 -3.087757617246136e-10 -3.345163836726944e-10 5.805779271788458e-10 5.61100951089316e-10 -8.977430752405543e-10 4.2720859556522116e-10 5.996340922520628e-10 7.912182162013444e-12 1.390116664755794e-10 3.006532672836438e-10 1.7537538924470883e-10 -2.87179166022029e-11 5.514670658953812e-11 5.567176951363256e-11 4.4904366492730377e-10 -2.864438303315799e-10 2.8248999514486693e-10 3.850194322477988e-10 3.545698174659981e-10 3.75640579553935e-10 4.2063397588934427e-10 -6.308455165482786e-11 9.696232187868086e-11 2.7915626021155054e-10 3.0413375485076513e-10 7.704441169320025e-10 
0.5954921523350637 4.774209668598192e-11 1.3250249752634811e-05 0.5050214987740724 0.25198770721998526 0.37240533108804336 -3.762048232594614e-10 -0.0685602872684494 0.45743146081313624 0.3943312649468459 0.5534297582797866 0.4078607239500442 -4.769107558128928e-12 0.25402677096078097 -7.035578571801397e-10 0.3653472865105576 -0.15400702616849282 0.4407488252772432 -0.08014123473252949 3.0064727354243213e-10 0.414397715182582 -3.8625026867941437e-10 0.5228953265550113 3.488363180224212e-11 -0.2748991834012882 0.21734513931605082 0.33094266460719096 0.49023955108576844 0.5951349307740401 0.6037431048166012 
0.31954903247996386 -2.0437759505620181e-10 0.1738167969529919 0.09581087660429605 0.27082968025233334 0.0027016328305323896 2.812148708205054e-10 -0.04355957831050796 0.24053406967352192 0.06385143692103007 0.21786847506625773 0.37695180536221223 -4.013919103409581e-10 -0.05341941288267519 2.427888850098836e-10 0.2632870586840779 -0.16470216796955248 0.4145798564785376 -0.13158057582943541 6.548630130787877e-11 0.32171802494537627 7.155314015839861e-10 0.06998535043518452 -1.3353964839928222e-10 -0.2472263747136868 0.23020025573866626 0.08071641593948892 0.069339177838588 0.1494107729024184 0.3987831209615393 
0.5493726904615922 2.9358072525932847e-10 0.143453884941757 0.42642983918620897 0.14822739212027736 0.1495781761170848 -8.783148528445207e-10 -0.24250750742943597 0.431012313420073 0.4338640619131091 0.32491756289420276 0.42532147317710023 4.608341229694606e-10 0.11168407869810269 -6.28550567059061e-10 0.3311452053336 -8.757720227475808e-05 0.27715385544630067 -0.19767500910944205 -1.6603489054197074e-10 0.46201383243538596 9.311902708441365e-10 0.3828953822873782 -5.267782067969386e-11 -0.427316500060892 0.2677959226140643 0.5254998135702742 0.2725980025302019 0.4170268872506114 0.37650406584807766 
0.1080509668467495 5.91580709535142e-10 -0.035761315806830785 0.3177016574466871 0.39637856655571657 0.2168628096770505 -1.6081442457213212e-10 -0.1379772886241986 0.2871382331331006 0.37953544060513783 0.23560763133200074 0.2910591832273771 4.9298443688173453e-11 0.037724413502509 9.501331036427974e-10 0.24135867844015538 -0.07111326826450788 0.42946118485784474 -0.03327443412631481 -3.4940020484135005e-11 0.3352313951960741 -3.377646050869448e-10 0.2925871730330539 1.5394193766860015e-10 -0.0445003688890315 0.36864970447092243 0.32254818743383445 0.4253429422643511 0.4306401009192269 0.11664461671480376 
-0.20727733162693227 -7.273389075678156e-10 -0.4350340867811338 -0.04003963062740852 -0.29780629744692205 -0.3643458408901376 3.059056656896703e-10 0.3022817966665375 -0.17075248848150507 -0.03011438592650837 0.054532251695045365 -0.26575435631787114 1.855382039778433e-10 -0.1575001781222372 5.101327313291943e-10 -0.2180010206819441 0.3360406198331562 -0.24174817773725849 0.17790616356391226 2.2027277632481372e-10 -0.3060998850762098 -7.608456449362893e-10 -0.29203827365671453 -2.3986897748055683e-11 0.3037411763545515 0.09587708358897053 -0.20844383554331095 0.030862713877211033 0.030798789058044614 0.06142523955267269 
1.2099842387974612e-09 0.6931673955122146 0.4307609203858587 0.7046960906111913 0.8747617403687608 0.8332879884473381 0.7223258922967701 -0.08314887510200131 -0.011475240313984253 8.519805818967618e-11 -2.177933632300139e-10 0.047555614154380844 0.0834453837623227 -2.1195360391174757e-09 0.8735157214852006 0.6919327865201094 0.7988097130461204 0.7476812651085286 0.023749687197724204 0.8339070546819869 
-7.375623531765568e-10 -3.5213977810683756e-09 -3.1157298310286746e-09 -1.3096980502720754e-09 3.4225114035939663e-10 -1.080429042824062e-09 4.052923828251597e-09 -9.92892677762115e-09 9.153724171486541e-10 3.3537191745636887e-09 -1.5568493601281089e-09 2.3262210023935907e-10 7.008008929571788e-10 -8.428565420011563e-10 -8.43668367256671e-12 2.395294424166799e-09 -3.160156585848427e-09 -2.080445595585555e-09 -6.589371083370585e-10 -6.474498054864565e-10 
-4.685147138012409e-10 1.2690510038018388 1.1744049118139352 1.7531496032459168 1.3869746691438318 1.5106725589745338 1.4853031332599171 -1.261704217803979 -0.011129637900065333 -3.7213103373619396e-10 3.2349268858951424e-09 -1.1356981463630351 -1.2100095848175472 -7.644683214571559e-10 1.3903149878913614 1.331216612475344 1.5747816848165093 1.2726906916955416 -1.1443480655936005 1.3639484520662606 
-3.885304765686808e-09 0.5000576382986512 0.2316846111693 0.8102884272639755 0.7364847711796864 0.6232048770936894 0.7159740901402114 0.21423431760956255 -0.011556976691590233 1.4941240430603601e-10 -1.8558693993741313e-09 0.05050907106060469 0.03566512330961269 1.7719503554767745e-10 0.8922982573753433 0.3616017713351034 0.6515315969148847 0.39817895645013246 0.028659511008456522 0.8673442973519246 
-3.7394510297386503e-10 0.4830967775664234 0.45649282152791587 0.20286360553887114 0.47897762456896886 0.5990843037669317 0.5541166353149272 0.19361636508897903 -0.011521733674182653 8.261366089880358e-11 3.3277046305046034e-10 -0.05663993885152833 0.26894778380286033 -3.385659868823489e-09 0.4976137171232449 0.3870652479001826 0.5848981961479055 0.5620109610396123 0.008820447292479919 0.8649407515034557 
7.633382226492043e-10 0.8781441097252316 0.5203549110931341 0.6197162778165894 0.5445664901272539 0.41551737937535327 0.5673365804264312 -0.27939693215266903 -0.011263125873010222 1.3180853249150104e-11 -3.7229489174145717e-09 -0.075149698266318 0.05505072407326051 2.305195478129152e-09 0.28058406707991745 0.695631839118743 0.41751910677975873 0.29027879153074926 -0.14874529945341644 0.7207405631219534 
7.195175709869345e-11 -4.133822168422225e-09 4.421220244416696e-09 5.127874465968564e-11 4.743517230071648e-09 -1.5932969846694228e-09 -3.686446426523295e-09 -4.1201444364517025e-11 -2.3610068891217164e-10 -3.721993881999884e-09 -7.695151140149753e-09 -5.428637400945551e-09 -8.377752875246133e-09 -1.3085396487279166e-09 4.846629704404622e-10 6.525422795531064e-11 6.77376497217459e-09 -3.5349064477098333e-09 2.666480216556066e-09 3.1878022222755624e-10 
1.8648903709499735e-09 -1.4576558416816643 -1.4511768945179937 -0.921027086436653 -1.1204949502535688 -1.1344906094011347 -1.5084103479515625 1.0537016327311413 -0.011544350354339289 3.954375845118657e-09 -1.009849143731308e-10 0.5708886489901308 0.9554345616059108 -1.969102800819188e-09 -1.3504906163260453 -1.1741295827230176 -1.0854348620557766 -1.0550249459703085 0.9032954366185312 -1.336120091506246 
6.36798093589628e-10 0.7006608910474622 0.5077223027575944 0.447575416122189 0.26152564930742556 0.15919960118412588 0.44041163291560226 0.1762221493011763 -0.011656332310805699 -1.7057605368889727e-10 -6.557855742067102e-11 0.22330928698056662 0.22804675971801092 3.361484187351759e-09 0.8174225127212561 0.6544374302313827 0.2707708804610642 0.698750601527516 -0.025761429708162666 0.7234440062005583 
-3.4725746881851637e-10 0.32042474373842117 0.5023541805662642 0.13430722895888494 0.7501499694828537 0.35705608530937566 0.6305540668203474 0.23312799044526658 -0.01169398632609783 4.322480312604895e-11 -1.9076365989373378e-10 0.1517627725784045 0.20815928620802618 -1.8616851921819514e-09 0.6183541544348251 0.7375736294921412 0.6666343617917029 0.5890292694088579 0.2484081711874137 0.08902938183705021 
-1.3169370752899594e-09 0.40741561140763066 0.6320225457319619 0.8117222063589428 0.6790631932319927 0.4675359590488598 0.7632983066133657 0.022108490970881182 -0.011612786386750763 -4.011203396689693e-09 -3.2619600476054376e-09 0.0189256505139617 -0.012319504526944644 -1.5228789728033432e-10 0.6919956400560984 0.330604652386105 0.2128588318804565 0.48523178900065306 0.2582258192538105 0.4126343403974315 
-7.138836150228482e-10 0.6678710372473902 0.5196569645660606 0.11015189513438456 0.8126348822428124 0.4424968881783661 0.3052886713730667 0.22215071529742417 -0.011761528366064042 -4.8991062293769624e-11 4.118823077984583e-10 0.023783592871054186 0.11842053633017423 1.0867805479015425e-09 0.7715764007240021 0.11569140033962373 0.6804598890752087 0.7453035296483367 0.3263297858147992 0.7395437096142835 
-1.7955568139527773e-09 6.81942072577456e-09 -2.2173233536581696e-09 -2.552882880374186e-10 -2.2600920916643914e-10 -7.037008944895159e-10 -3.1761179954608335e-10 7.750160264840599e-12 -6.397984027090006e-09 -2.4008565633070523e-10 1.3317850462072516e-10 -4.463074734943797e-09 -2.061332030969944e-09 -9.223603111324518e-10 -3.3082625200380304e-09 3.560763370058519e-09 -1.4928784472950529e-09 -8.586359049229333e-11 -4.478557688714951e-10 -4.824172047047277e-10 
-1.8136620268309117e-09 0.8476395277368814 0.5909356578718639 0.3271641096628306 0.2807685748095144 0.22703663497918564 0.3165369599617322 -0.27828950444920564 -0.011497556755183644 -3.215550145063076e-11 4.425056946483695e-09 0.01049155188323492 0.003853265587853375 1.2617790578337137e-10 0.8469631639210928 0.32116724987884 0.7502275092438291 0.378092292267977 0.1709383812186677 0.479602169402083 
3.56004740432051e-09 4.6301309778713366e-09 5.023086216467362e-10 -5.3338121487470386e-09 -1.634951163369723e-09 -4.35325156148146e-09 2.7866847207720615e-09 -6.918583291260775e-09 1.3702984546553254e-09 -3.4167118172743515e-09 -7.252610928576627e-10 -1.2947311232788901e-09 4.96866925480871e-11 1.3363235318114877e-10 5.283180584493171e-09 7.995110208887098e-10 -3.2670961814351513e-09 -5.45989490923466e-09 1.1316315217714225e-09 1.3914117410883543e-10 
1.236849518487689e-10 0.45024901966016884 0.5252042439937161 0.40778128410937087 0.4732467751986358 0.5384936247625384 0.45942757711173615 -0.14808175546164223 -0.011185628786120491 1.617529323597887e-09 -6.30959844259747e-10 0.08990352091299439 0.2295364052680445 -3.988952651883983e-10 0.7879830100196389 0.15205362113099685 0.665458021009347 0.6687137624567138 -0.047345679115937594 0.24360391961166736 
1.501240799135875e-10 -1.6677416994805998 -1.642688827864502 -1.9556107124303437 -1.8329887448243727 -2.0028098372555654 -1.9704894209991266 1.7456691825744786 -0.01134284746911979 5.392026335606175e-11 -1.2158202450928186e-09 1.466722726443818 1.672671862003903 7.404238144843574e-09 -1.629731350621463 -1.6212277848437597 -1.7693656617532987 -1.8560945089178174 1.456288347687961 -1.8025871556474076 
-2.617851885560002e-09 0.4605552330062646 0.21336057584866003 0.6464295351490754 0.37526488756260007 0.4867205028982356 0.27648880881145776 0.17006428408229776 -0.011513529675557558 -9.479652101811883e-10 -3.861606777639132e-09 0.027298594241151112 0.11800957204160752 -9.34378477222719e-10 0.7254070056380693 0.7291571151466237 0.4008322492108438 0.39098633165251034 -0.12292605908642987 0.5042463712218735 
-1.5175776629625366e-09 -1.0636404452205073 -1.1500831371861557 -1.060619696027601 -1.0496869636718904 -1.1602077362901138 -0.5053307426695502 0.7064999590115985 -0.012010030919680439 -2.7595193533680704e-09 -7.210222035801298e-09 0.3248010769823359 0.6069069876571973 -4.614126519294682e-09 -1.0416955144935625 -0.6882792947292922 -0.8568639120667927 -1.1046883755461356 0.4084040729263417 -1.0894697889704 
-6.382007572948976e-10 2.513134153535946e-10 7.690699285765368e-12 2.495545412723235e-09 -1.5514508363976515e-09 1.4759271244325649e-10 -2.3300023880370017e-09 -2.833404592104903e-09 -4.4602485706394885e-10 -1.6066485414356995e-09 9.223739335117623e-11 -2.2653130679366262e-10 4.514011601169655e-09 5.807000767506832e-10 -2.81729825605484e-09 1.0126103518771799e-09 -1.3192691523566496e-10 1.2857584200481065e-10 4.0989388596578517e-10 -7.0281761616038e-10 
-2.790267138496468e-10 0.5339229109517221 0.5635165985115662 0.35010635917103755 0.5465410090060117 0.34518798844003884 0.5353035765154478 -0.06333489080867045 -0.011358322779401395 4.3917000750639093e-10 1.797357748329261e-09 -0.028407890729898473 -0.14302490055750167 5.410125189517175e-11 0.21033204432260982 0.5335922995484714 0.42767144926803463 0.36620160505579663 -0.05796771505328186 0.18491009700661415 
4.438792158013929e-10 2.569740232292723e-09 -3.8895772273529164e-10 3.188579696331246e-11 3.3909438138423368e-09 8.966322991311219e-10 -5.526968295430073e-09 -1.3861276573130442e-09 4.956571838891748e-09 1.9486173700275963e-09 -3.956707525108359e-10 3.7106854321571454e-09 -1.4202954404954682e-10 -2.386406123724552e-09 -7.419737297179043e-10 -6.226079421874568e-10 -5.589551868375255e-09 -2.445265499121054e-11 3.5733184015403184e-09 5.391354217480114e-10 
6.316641095238548e-11 0.30922187452010275 0.1436813362566444 0.2074396852697369 0.3019771974948201 0.7262022374446717 0.7965710577481944 -0.1609681052867666 -0.01150657167219814 -2.5048141567926944e-10 -1.0486555668518792e-11 0.1392363237140112 0.01920485807627962 -2.7962513412115763e-09 0.5307491788879483 0.14549678353721993 0.7543362295891024 0.5570271692386947 -0.07000222551604728 0.49853731189008405 
-1.7988602546965036e-09 -2.8233036383775184e-09 -9.649935574674928e-10 2.0349801839606656e-09 1.2708535132030488e-09 2.599410341716477e-10 -1.0587165226276214e-09 -3.6289047180217257e-12 4.467680500451114e-09 -1.2232100841007327e-09 6.660991533866207e-10 3.023294418544452e-09 5.130284157153824e-10 -2.228183756038869e-09 -2.742013860651725e-09 1.679521469552281e-10 -3.985727138802136e-09 3.3331386309026652e-09 -7.907849784088762e-12 -5.769445501015188e-10 
1.030300237450998e-10 -2.832438968823105 -2.6339305427870805 -2.8808806069123847 -2.8826815235694974 -2.686990607993913 -2.4549518453061867 2.6893071491467104 -0.011784571661226966 -1.7389446666295727e-09 -5.239629753113481e-10 2.3903805797932596 2.8393495482210205 3.6339317353460536e-09 -2.991826655547118 -2.853418391982706 -2.762447123809301 -2.8977594867695187 2.6459168358359317 -2.8414444443065823 
6.649009559685874e-10 0.8184967038420821 0.4522386540246342 0.6928116376283675 0.45463570784491913 0.693693288591771 0.6498977132968866 0.33364143870619845 -0.011732862729104296 8.594131882053486e-10 4.0058330800281015e-09 0.15175516185976695 0.19784780554854609 5.320626719182534e-09 0.3325129379646692 0.4297693778848395 0.21219047421142817 0.7271294189962297 0.044507115720161534 0.7421129147995538 
-1.0708489009026025e-09 0.4058318287017567 0.6037954981187236 0.7730140097796834 0.6414579784542118 0.3709929197288429 0.15470183610096983 -0.017467328653057276 -0.011491660452577377 6.457175018755273e-10 3.153519260775653e-09 -0.06287699742929104 -0.16076373997018262 -1.2862720779142055e-09 0.5088951270472919 0.5019479228939211 0.4413705826368147 0.7369962901792357 0.1560026802779977 0.22337584402686225 
-8.481227248806858e-10 0.5325440364484737 0.39361509628898594 0.7107998093732175 0.4747084614034999 0.8044643509711987 0.27055658371521085 0.058363502677854034 -0.011547975708734483 -2.7038553928237954e-09 -1.4733594233438374e-09 -0.019348871585135062 0.24661556098625176 -1.389819951696314e-10 0.7714627691682201 0.7403162108839682 0.23685712064661246 0.38478089538392085 0.06914714212599013 0.7515369585758891 
3.6271763645822565e-09 0.4269231522815539 0.7141597564638342 0.7728728098486001 0.3926024423249695 0.3170042249092142 0.6205605464403169 0.07402574279432686 -0.011909084980858034 7.102639738846537e-10 -2.773295952356282e-10 0.09734895486171652 -0.24849590421059786 1.4904826596043534e-10 0.6833968331426159 0.40661728394426655 0.7010466972793297 0.4639096459971898 0.03274607233279052 0.3586951305749928 
7.039627749201989e-10 0.817804966258589 0.4513327903947456 0.8363508470065153 0.7382168495103492 0.36991901689167156 0.3067195735717055 -0.01351010465552925 -0.011552143523264941 -4.889527208923543e-12 6.514164913027682e-10 0.14775406911567568 -0.19868007306935176 -1.7643046691416483e-10 0.45268579662271463 0.4441326047611793 0.5568703616398906 0.7940365637722013 0.005328842633199811 0.7994892641684112 
5.9404550786900466e-09 
0.9166344687264769 
1.3276578592914836 
1.155453152737551 
0.8969297749035879 
1.1490834730988233 
1.2941839829367894 
-2.0678907430542903 
-0.010601251004680127 
5.590862044419189e-09 
-2.6378745881241043e-08 
-1.7841605205481947 
-1.9150968692421892 
-1.3892967449137693e-08 
1.0726184148117541 
1.4417824631185794 
0.8751820647490098 
1.339455047657176 
-2.0061994202785978 
1.096019372358725 
