# data file : FV_Alpha_desc_norm.csv
# value file: Alpha_norm_values.txt
# R^2 train:            0.9765231781304885
# R^2 test:             0.9612416641336052
# comp time:            0.07280755043029785
# nonzeros:             122
# split_seed in KFold:  8
# fold:                 3
297
0.142088502372554 -0.009993150551405839 0.0 -0.023611185238800913 0.0 0.0 -0.0 -0.0 0.011028219693845286 0.0 -0.0264938809910071 -0.0 -0.0 0.036349388708553955 0.018816858823524817 0.002421609212932197 0.040023852311691345 0.004052675022183837 -0.0 -0.011641174934727985 -0.024645614145465965 -0.07100510994747124 0.0 -0.0 0.05789322128025919 -0.11081230095926119 0.0018390957843340725 -0.0 -0.002343435666276901 -0.06764013392303765 0.0 -0.012457005553398933 -0.0 0.0 0.00036091257027999983 0.0 0.0 0.0 0.0059083601677752265 -0.0 0.0 -0.0 -0.0 0.0 -0.0 -0.0022456037218157266 0.008080973945112587 -2.400885561901347e-05 0.0 0.013074240862000276 0.009119042109846124 -0.0 0.0 -0.0 0.0 0.0 0.0019422591290882384 0.003603605430493562 -0.0 -0.0 -0.0 0.0 7.300624198506278e-05 0.0 -0.002476985568994525 0.0 -0.004846046505204301 0.0 -0.0 -0.001976249799460168 -0.0 -0.0022725165857143542 0.0 -0.0 -0.0 -0.0 -0.0005897510164076053 -0.0 -0.001594822356886959 0.0014076039531703698 1.5363800607827538e-17 -0.0036270807603233602 -0.0 0.0 -0.009056346273928997 -0.0 -0.003507121475773425 0.0 -0.0 -0.0 0.010030766358616702 -0.005633218757222117 -0.003993928286137153 -0.0226299026339982 0.0 0.0014047091195759406 0.0025043679118100905 0.0015260824412014163 -0.0 -0.0014895196109398633 -0.0 0.013883855170707357 -0.002598603271956907 0.001944572287762488 -0.0012830866060779614 0.010493817083628159 0.0 0.013405583911260734 -0.0 -0.0 -0.0 0.0039728533728640835 0.0011255794401557537 0.006366212107611183 0.0027434298079287225 0.0045394703915440145 -0.016674562173627807 -0.0 -0.00039352892999279586 -0.001408362743301528 0.003206033883648079 -0.0023276539182103674 0.013889021146077037 0.00449198155735783 -0.0 0.0 -0.0 0.002302749344655405 0.011961591447990434 0.004474120141282588 0.0007625382428357146 -0.00038853203198411417 0.0026146190353963632 -0.002731914310104205 0.007317009957763594 -0.0 0.0 0.001238994563408421 0.0 -0.0004300370944078725 0.0 -0.0 0.005280372526378852 0.002673609622760324 -0.0048354591505234005 -0.0007025750076480018 0.007089582503147889 -0.0015805770084896234 -0.0 -0.0 0.0110523071054841 0.0 0.0 -0.0016468512262608978 0.0 0.0 -0.0 0.0002905970039407631 -0.0 -0.0 -0.002538597027214665 -0.0 0.0 0.0034921641642884907 0.0 -0.0 0.001560185204832141 -0.005870230127407001 0.009048485427457183 0.0 -0.0 -0.0 0.008919596095588043 -0.0 -0.0 -0.0 -0.0 0.0 -0.0 -0.0 -0.0 -0.0005884102512530152 0.0 0.004599568631177832 0.0 0.0015042368352686417 0.0 0.0035131048661302374 -0.0 -0.0 0.0 0.0 -0.0 0.0 0.0 0.0 0.003072027787317089 -0.0 0.0 -0.0 0.013930773063943951 -0.0 0.0 -0.0 -0.0 0.0 -0.0 0.0 -0.004229093193189542 0.0 -0.0 0.0059643058125107146 0.0 -0.0 -0.0 0.0 0.0 0.0 -0.0025187376395777077 0.0 0.0 0.0 0.006972583704209754 -0.0 -0.014028618546202808 -0.0 0.0 0.0 0.0 0.0 0.0 0.0 0.0 -0.0 0.00907560056176907 0.0012353272428115177 -0.0 0.0 0.0 0.0 -0.0 0.0 0.0 -0.0 -0.0 -0.0 -0.001337973197567307 -0.0 -0.0 0.0 -0.005267450522405062 0.0 0.0 0.0 0.01163862431644536 -0.0 -0.0006512649920113477 -0.0 -0.0 0.0 0.0 0.016939246375841176 -0.0 0.0 0.0 0.0 -0.0 -0.0 0.0 -0.0 0.0 0.0 -0.0020482364426824043 -0.0 0.0 0.0 -0.0003493707918639643 -0.0 0.0 0.0 -0.0 0.013780921594438583 -0.021748129748742996 0.0005193771437572254 -0.0 0.003856526014186448 0.003121012391714136 -0.0013464578882581865 0.0 -0.00014492894510671704 -0.010002152195805324 -0.004523984568999853 -0.059127123048399635 -0.0 -0.0246317949865378 0.004145823419556366 -0.0
0.24749148648401187
