# data file : ../../monomer/data/OptR_large_desc_norm.csv
# value file: ../../monomer/data/OptR_norm_values.txt
# R^2 train:            0.9286966633581583
# R^2 test:             0.8242116253836045
# comp time:            0.008171796798706055
# nonzeros:             44
# split_seed in KFold:  10
# fold:                 3
123
0.0 0.0 0.0 -0.23565266949349736 0.0 -0.0 0.0 0.36038327315982877 0.0 0.0 0.0 0.0 -0.0 0.0 0.0 -0.0 0.046226088153348256 -0.030774524756217173 0.0 -0.013393632559398261 0.0 0.09177923441482216 0.0 -0.31856021534185924 0.39993045286649237 0.0 -0.21094099588678486 0.0 0.04876773500669163 -0.22737274313020175 -0.1087854917155957 -0.0 0.0 -0.0 -0.004903114754291546 0.0 0.0 0.0 -0.0 -0.11318461145859685 0.5475058054007835 0.0 0.17225394694488946 -0.0 0.0 0.0 -0.01608623045726498 -0.0 0.0 0.0 -0.0 0.0 -0.0 0.0 -0.0 0.0 0.0 0.17179351845671212 -0.002482464212482009 -0.0 -0.1516090738728107 0.15903726068030857 0.21033589371535644 -0.03365346875838251 -0.03167764803900852 0.14237307164470994 -0.12474909801988147 -0.0 -0.37449456831769573 0.0 0.24020047835611963 0.0 -0.0 -0.0 -0.0 0.0 -0.0 0.0 0.0 -0.08377996433838057 -0.0 -0.0 -0.0 0.008444588074552973 0.3774868045922488 -0.08342655134316618 0.00018680339016384533 5.2126324936668944e-17 0.0 -0.23590765207548148 0.0003179549788938616 0.0 0.0 0.17845902793677687 -0.0 0.0 -0.0 -0.0 0.0 0.0 -0.0 -0.024354597812949803 -0.06278687290578887 -0.0 -0.0 -0.04825418022743472 -0.0 0.0 -0.0008883284250659091 0.0 0.0 0.0 0.0 -0.0 -0.00088748682220634 0.0 0.0 -0.001530076492502524 0.0 0.02678194300792034 0.0 -0.01638198985213919 0.0
0.47104889237190406
