0.14242509614510293
-0.1591423585631831
0.12585960721103878
-0.08078606462241848
-0.09027974570414342
-0.0554637207714958
-0.03238441820915017
-0.22022925363094886
0.11380123044757959
0.11041385849993726
0.1278796602333371
0.15999314916266313
-0.15651262378086508
-0.16722527591379324
0.05158747293525119
0.29949968797834364
-0.20437966005906338
0.005986282213645558
-0.012711364237679004
0.06508877359729602
-0.21100188458942976
-0.2746691638960954
-0.2297191718526126
0.3476539216320021
0.24853580836772732
0.2021633971455512
0.025500903440151122
0.19669178176064922
-0.0070532751844152464
-0.09404740332013735
-0.17381708918956223
0.3695674758535269
-0.052048743788827866
0.06580658060972275
-0.10880145331893136
0.25904693411946517
-0.1291825471718242
-0.14501967337290964
0.15185274672057147
-0.21801548042398308
0.29888807711452725
