41 20 20 1
0.017683788220587297 0.10961674616212934 -0.28285329568585516 -0.028586053149276758 -0.31922605723258485 -0.15024467997012772 -0.13291073266986564 -0.05458976170202281 -0.03210454473115494 -0.04352199126922709 0.023870353993480465 0.122465761774214 -0.11528006380728523 0.2500921755124711 -0.22706100745362184 0.15010791614130867 -0.02571443912200028 0.010660450277364859 -0.18849595956599335 -0.13730789996549966 
0.24895703231434113 0.25234637039103847 -0.10739249745640404 0.18269151292195943 0.19414166950420525 0.32002373192085376 -0.2657392592167401 -0.226191026682863 -0.1977327760105581 0.19584969132852578 -0.2407225573937045 -0.07107060324946823 0.33274282737158334 0.03516078252357063 0.1671717934002977 -0.08704103746731433 0.15795793591221244 0.20520409705313744 -0.27539956621370093 0.1872993935521761 
0.3221073163078144 0.14049901586803049 -0.18704365960972655 0.27597833142311995 -0.28255900223431857 0.09240583540805315 0.37156804942461696 -0.06638647113848019 -0.027760411975808204 -0.31306904922153156 -0.21191330214309256 0.2184814133638099 -0.13466141159540998 -0.14056128947137653 -0.016250119530733794 -0.1535279889181335 0.04552079253389373 -0.23630924703099698 -0.024558103760016645 0.23595537910480785 
-0.2932556516186678 -0.08612370685296412 0.1638943520436489 -0.046299737967021644 -0.3291688755108182 -0.012985623600260137 0.059696463804833746 0.07868474844145114 0.24283112958165567 0.08558269400598557 0.18142665536418076 -0.2647717528436998 -0.26647896615476835 0.23161869862747111 -0.01788111027471849 -0.21693736719929493 0.3169195317393866 -0.05295082862726221 0.18805684189152147 0.1383103025245438 
0.32802186989547927 0.08584424080020851 0.1688323491870474 -0.06749511541758457 -0.09618272087466287 0.2509457856347903 -0.0373654082609081 0.3274083123716281 0.07104711488632032 0.06947652145784808 -0.17955048984932223 0.17509274003116376 -0.04552494499509336 0.02971284995478734 0.039483333699389285 -0.1869786485895133 0.20539737948100115 0.07368472462724518 -0.27991338011481737 0.06397520367341597 
-0.05822314714709829 -0.004705170968519416 0.2630496011208959 -0.06974731466712972 0.20731370416473693 0.10223385833154972 -0.41634210966345647 0.23939329224479555 0.11254251619493938 0.25475026990420235 -0.24061057245440562 -0.23471439702090402 0.295345552416725 0.11333393161732118 -0.313451336281325 0.14638233875213708 0.1991972941980881 0.23738860149282065 0.1526018026081026 -0.17475104386321869 
-0.27424655863288766 -0.2705664605241781 -0.26934865826189186 -0.14362088261480135 0.2571334608291879 0.012226278854404932 -0.010785400597575658 0.1943063154036996 -0.2138041967229969 -0.12477078545025395 0.00851936532585798 0.22412012685992144 0.03420480512330147 -0.2749633656659194 0.21857589603744754 -0.19712433210579453 0.24520960253599344 -0.06302249289979417 0.2545059456353352 0.12317828458667744 
0.1336976535203455 -0.18901780182813238 -0.26260885739183637 -0.2415328207079162 -0.2599128119105519 -0.234327364292739 -0.15536668275723128 0.20959277534890755 -0.056088525684602986 -0.29312766529259415 -0.1969124952093038 0.2669182906506483 0.03818224334474875 -0.1682306137166073 -0.08998353505587596 0.12389957677950049 -0.17274855315103835 0.15440509461745117 0.2683761979463666 0.12068116483238432 
-0.1360897349564278 0.059382286674808944 0.05479684185383621 0.23581638191228674 -0.19498500703665167 -0.3368694570866049 -0.3333673421116075 -0.010838218119007781 0.006496861165267739 0.08136481470562829 -0.028477772142822697 0.20460019561809653 0.10349101563880164 -0.09658029228304318 0.09078626527123314 0.09669237996839587 0.11314987657523912 -0.11511690504088135 -0.24727519715911123 -0.1370771492610608 
-0.016997655096403167 -0.16427960820753523 0.25271709810062776 -0.3134566040413978 -0.13555154830700433 0.10356783252392973 -0.1786265757748451 0.09269470097957304 -0.09141492705835892 0.34639100083117996 -0.13384682507707302 -0.24749188510075842 0.17401775849981815 0.21323552665561704 0.3480915275090534 0.16876339810008167 -0.2776940488351494 -0.21053980281505016 0.06564554733909034 0.23962736708281213 
0.20463730628675825 0.13034010817564404 0.26973368394475156 0.07722669558533407 -0.06180886932990295 -0.12304770750481209 -0.052433334304714065 0.09417686491855987 0.1961462882028342 0.33133729980750776 -0.10420654889813734 0.2746986222871203 -0.18509920324762838 -0.21255886510248032 -0.2075073140789175 0.06333923106588647 -0.27329038588498133 0.39788021200348644 0.15022369192719284 -0.4286865597300713 
-0.1159365699265325 -0.09998615733022757 -0.27154696090845737 0.28944737920612906 -0.18504847029661736 0.36535494272327523 0.11232493271533053 0.3111960058878833 0.27096647141363067 0.17523318658462606 0.06243571775858307 0.10766763153435109 0.25450281580974216 -0.09821476685734461 0.02447913646585377 0.12934534176296128 -0.2179312450375049 0.02160297381608708 -0.03835672529774376 0.26269283611503175 
-0.1519770249311086 0.1755667026265459 0.030693784410966575 -0.2065002325897615 0.17682978122203025 0.06579495917036814 -0.35599033694840565 -0.05483249930920132 0.08326137051598892 0.2987626142980391 -0.4286881698069654 0.1621815729121433 -0.04606502476123368 0.3173175674271317 0.0679993050951309 0.20075020151643058 0.04604377912413313 0.12886635548359332 -0.12311446967783139 -0.007649263373944654 
0.23372802034285434 0.22530780375441356 0.13876000090077137 0.13579388142623164 0.1305419626013593 -0.09609465854514587 0.1150114011725983 0.03094808589275723 -0.08404441580006541 -0.06204889907459262 -0.036298003925034905 -0.0778022967828032 0.1415170654715861 0.015106398631559104 0.34329457072050057 0.07582239237917344 -0.17638903955698476 -0.018249258111635663 -0.12053065927215235 0.16384735817978077 
0.2109471189583076 0.19518828414781678 0.16244440987930872 -0.1751773445367184 -0.16876977042177965 0.1571862621003567 0.0852410706401455 0.2462271141020495 -0.02411058468596248 0.18792762101297394 -0.0622121451394611 0.12367117833624303 0.011901655810273887 -0.04443712647441783 -0.014115517709768873 -0.3494526895224113 -0.025257240966127723 -0.2655073525086294 0.3558337898617903 -0.18807558988698655 
0.18410424245489077 0.19294062078310578 0.11623542573862657 0.10133978624445633 -0.19257639040546273 0.013265275712119941 0.024987462032622983 -0.20345882472646662 0.07798821353666928 -0.11326598158218436 0.2795444782036661 0.2564309104028946 -0.15806707411983978 -0.25715004332801983 -0.24594625773729487 0.08900203910723485 0.1518068101251639 -0.21521232620933137 -0.14257766686779774 0.24080152809297528 
0.04268060178734714 0.0023956955624870693 -0.20148570651772976 -0.24286820874292586 -0.017102484046882496 0.08915923743654079 -0.2692322635417539 0.10939713215758852 0.1450072031924162 -0.031139137531715898 -0.186994228128407 0.22071662895570893 -0.24686142126821073 0.010820327213208818 0.07152473082792936 -0.24122151123753305 -0.09902737361310913 0.09470479501868558 0.21927387495229136 0.13571489483243224 
0.19874030829662068 0.3193026260434526 0.1685557142069531 0.27662032117760826 -0.22850494573523808 0.1735229504777418 0.15188001247345476 0.12160191529767052 0.2255574960995047 -0.3808616237462828 0.2006330606895304 0.17706886972706345 -0.11216590359671831 -0.13740775277557601 0.121486944288918 -0.06746603070559085 0.1681627895966009 0.015594289881697802 0.19765629464868972 0.38315096753685973 
-0.0866618792707483 -0.14753448973439762 0.23816236780168137 0.12933908647859696 0.2810316862998251 0.10556208583558416 0.2871391516526988 0.02579917338861051 0.06422788995129355 -0.2027177373648636 -0.09456061845200113 -0.3152665231234912 -0.19290839811042274 0.12059725173691016 -0.2681323436436779 -0.1313914519908591 0.1832637731584919 0.1470943088282467 0.11145854294701112 -0.11738348167740249 
-0.028017090459894176 -0.0026446942751727105 0.29369914068762465 -0.1962484191768418 -0.23859860975360214 -0.1271955994956159 0.192435149701398 -0.024089240670777206 -0.25490932421934426 -0.05268191988162533 -0.08699968792318638 0.09817535243444783 -0.08649949971311625 -0.26975572366121053 -0.022025634428763676 0.22593649667837865 -0.07879424075629798 0.17093452921648247 0.011075453318386596 0.0651525192800636 
0.3684679660424969 0.1092386463846575 -0.4106866158045579 0.12882236181975146 -0.036824358354131365 0.3633357752544329 -0.09248664730728733 -0.13168898303159476 -0.15723182788720036 -0.11535159581017362 -0.1077495885266943 0.15898836144648426 0.13743714974370336 0.059255288881742425 0.06506066317196663 0.001206551720722948 0.25310130984964097 0.0022716530122079566 0.1064774559777757 0.14326209278048643 
-0.26979779195359116 -0.2402904126947307 -0.2900446565272954 -0.2839166318795047 -0.023186554902430594 -0.22006267386727918 -0.26965266684171413 0.0939630400326126 -0.018002664777711962 0.10657704942751994 0.005397772357250081 -0.14307747225956438 -0.012262303757022927 -0.014540941269919708 0.11180901441823979 -0.1135541033500029 0.2687288052715995 -0.26426258345829284 0.16330505496378142 -0.13036461698023075 
0.006460009732834444 -0.27978066996883244 0.0904739015628953 -0.28405512922430026 0.2844824935800515 0.18630918885025213 0.09786460677019383 0.32860125143538427 -0.2511014810649286 -0.2217102427796542 -0.2204450168264365 0.05795931154550797 0.27370984014260674 0.38478309396762533 0.2130011471836404 0.09867736708808188 0.29330334478283493 -0.1415513469747106 -0.1415376757327316 -0.2015459534343172 
-0.12831634390351712 0.10667633534618662 -0.20074949475490225 -0.1333400209612477 0.14964638186574733 -0.05335429184968564 0.286284948205043 -0.13193662300865455 0.031422069184033403 -0.17010049427537252 0.24534324420299794 -0.1156565686923243 -0.03722967542347549 0.0068704867160259975 0.3150959752666334 -0.36371616251874317 0.12252309343270182 0.20493343099722372 -0.2699409857668591 0.11841286384908929 
-0.14591566714156878 0.2004611295265685 0.06360809197030404 0.11653927405885066 -0.02640314701794565 0.045778966093494695 -0.1185431630012449 -0.2803715386623697 0.018325041323426428 -0.0810828071141558 -0.0419424064081889 0.24456448467057326 -0.041236009346710296 -0.1429425747656677 -0.04629467699639113 0.24668177152985568 0.2946596601709557 0.24917303658489254 0.2933628815369548 -0.20207674826863062 
-0.3856125283606771 -0.15444910829904665 0.01359085810766161 -0.23205294190422615 0.06017112407520018 -0.16617037643726928 0.06349001509552671 -0.1786696421363871 -0.023101825719292323 -0.026449709782101462 -0.07837321198117779 -0.24061594048344515 -0.2527094771388967 -0.15358694400018214 0.21381551265883125 -0.1214420890277028 0.010632339820152133 -0.18465917949028895 0.039654312696326174 0.16915286316444558 
0.09585486663117003 0.05194580080773281 0.2396879572337544 0.1956960039160573 0.0536848515563171 -0.26695485397852137 -0.23149453340649093 -0.24783360167419521 0.00819400428471325 -0.13454651651647884 0.3276653018992892 -0.20407432995779864 0.2699844648526002 0.1327188570533716 0.14813924543521756 0.10774274441084705 0.11678071427158129 0.0075456966992135405 -0.27816819489317074 -0.0026838390130073534 
0.0665910217448561 0.21827322674838068 -0.017553183357662278 -0.14246728138764958 -0.20601627425382232 -0.2794755743972591 0.09778760941845255 -0.10153556099667141 0.35101266274048454 -0.17902365608609386 -0.109465347542092 -0.04828346907331848 0.08039114682637716 -0.020227917721031344 -0.21342921127572118 -0.1409055203885286 0.0025246521837985567 0.1742593844226719 0.15223253831567038 -0.2719711007635739 
-0.27248215575824786 0.03128553336664131 0.2462685474393184 -0.24970198704977453 0.1539371109476083 0.06389273047900382 -0.028428753339335474 0.29859455467353396 0.03468894594245573 -0.24029073975577947 -0.04747414007853889 0.14682532381637733 0.22905675520282553 0.09788490798332371 0.1621434646750421 -0.007599216922334926 -0.12766244909922522 0.09481872370665007 0.09680547353143798 -0.16802598304652708 
0.23137218350757136 -0.17297383422978585 0.06503466187932487 -0.06366709460941335 0.15508494543469575 0.06389622414795568 0.31140749063595363 -0.0824593563526305 -0.06956055580984448 0.04607365527172151 -0.04565978745528526 0.030045043402430964 0.25804060842767573 -0.15783986278159756 -0.16201922463964802 -0.07762370791116158 -0.20321472328980691 -0.06911860823984152 -0.2703241679379459 -0.1417686939876877 
0.008537545151260716 0.29313551861474263 -0.2390492076670383 -0.15193124974929886 -0.16574265433029106 0.15988708301053953 0.029069538327416097 0.03018802176255147 -0.11032258687884204 0.313520586333056 -0.12217832134126162 0.3652279507302098 0.11634676048662357 -0.012285372134007667 -0.21262782976953162 0.18268836207168224 -0.19323193330598246 -0.16862756834633563 -0.0385862062908461 -0.13846011908184613 
-0.2007730778396126 0.06658614359099196 -0.17659100612555867 0.18304364045922172 0.1504341609879134 -0.1639590700633335 0.16556071653767493 0.14083897912241786 0.18355682443683835 -0.040983846897929055 -0.11547207767118665 0.10848728771637867 0.36192460043262115 -0.04175036171005037 0.10185748629679398 -0.18876860031630946 0.20661788951535978 -0.17457599219473985 -0.05893327367753529 -0.0594240069494764 
-0.23929590465735256 0.33423818126515825 -0.0730407283893892 0.017175280703879244 -0.0032872349756888136 -0.20919167899522018 -0.16641538426725233 -0.24156392252134687 -0.07136420680662137 -0.09349480622710901 -0.16637853061884889 -0.2857069616408824 0.10981790530141103 -0.2239698196213684 0.3852924040614694 -0.18561187275809263 0.040605326898391046 -0.2597424481373606 0.19433371940184382 -0.17609603296794635 
0.016386566352363286 0.06568601685886126 -0.1989393469444522 0.09336597444742402 -0.16058173078966193 0.27316055435539416 0.2516570062768142 -0.18360660316572555 0.18846952091635485 -0.2743076262275899 0.34046676869310594 0.14950024641279358 -0.05434610800724594 0.1464596674252009 0.1764860764557397 0.29130821765227044 -0.12539803753213222 -0.2836036920718392 0.166409537552388 0.3374063304287717 
0.08946478746285429 0.009329882226968796 0.20419072322426854 0.1256931087659698 -0.07036749262900682 0.1020121447155696 0.08587926464295578 0.06362845155903363 -0.08496012443122462 0.19342920804010738 -0.28399989924118324 0.24142207402733787 0.1951292014903368 -0.1475692394730383 -0.21577180099028023 -0.2508937777002962 -0.11170207880672256 0.3080740399619201 0.024168803032371258 -0.14877154729595185 
-0.26342660664392636 -0.1185160060458145 0.06400153630979506 -0.1761044251676563 -0.023873245124349452 -0.15132358967270515 0.10307712586707525 -0.041307316634473124 -0.19939736580680684 0.21500445653681352 -0.15779090613500116 0.048153264688958024 -0.10448726372964205 0.07134766904116711 0.3157556628990025 -0.1329270544918482 0.16119835411090672 -0.024094643773507354 0.08799984862323648 -0.27972435523510114 
-0.11623667195950184 0.304818271813053 0.059258592468771285 0.12341416255751393 0.002626041469104517 -0.0855032166607732 0.13677763839514118 -0.24642175701822097 -0.032112870864301556 0.3544755723075349 -0.05962210162540441 -0.12331416089263121 0.14112176684076935 -0.1405142353337866 0.20552106297252082 0.005840571959786659 0.25607509830921293 0.15778237328607547 0.26304698763256423 -0.3068856374669363 
0.2162872333017116 -0.24067992202536503 -0.054360184460371004 0.2366108660955275 -0.28060975888506096 0.13653578008323275 0.15679696774250654 -0.09261753849723942 -0.2825285248514105 0.25929981291627946 -0.09787782860004081 -0.37667263676340396 0.28872229436701013 0.31511050332434304 0.10115449231588848 0.13218158884120632 -0.045684449703464976 0.18034303591686487 -0.057298816099261574 -0.06768635280700949 
-0.17612722080435073 0.3720644359283332 -0.11619423759449811 -0.22577672546692276 -0.20217810358269672 -0.27761220482704757 0.121990648156273 0.03615544783176534 0.10835497355474617 0.06032133467731999 0.10616654187582418 0.07874106886818477 0.10373947888420898 -0.05250498194493014 0.17340909942748037 -0.1840717958852551 -0.10047342207142991 -0.18587690211810434 -0.03095176912002533 -0.14636478710840842 
-0.022526863933916962 0.3150983443329138 -0.19405115001545778 0.2681131901877293 0.07481618742973893 -0.0026317252934983395 0.22073902523430747 0.12358174300466784 -0.1002390519105656 0.1946865758872354 0.014046100366023129 -0.10683529876598259 -0.1373823621079884 0.08400368520739993 -0.18765097702989714 0.2129659425783697 -0.1269642910659369 0.04049655572647912 -0.10792358855012422 0.23217163668184684 
0.33807768682109307 -0.26843171100397745 0.17296612796172894 0.2798416448806046 -0.03018699340648214 0.19806077699238203 -0.19333641507034335 0.0876363276434673 0.04220304394835525 -0.17233263823472164 -0.4328123134463421 -0.11349329272172048 0.20133064572053033 -0.08842140305285646 0.2943187693382155 -0.2512262606372247 -0.11471974023325006 -0.14271905466142604 0.24394301115592013 0.1030896147706568 
-0.2381994215633235 -0.10980387918501872 -0.16670828192782292 0.305435895386307 0.19395415313182188 -0.0072583073474290685 0.12836724308360256 -0.35941390785088495 -0.0033946670363628135 -0.1672383542187051 0.2533479440085215 0.17155405818684566 0.15946855939103619 -0.22866087705358726 0.056319363941635975 0.32691678200836055 0.3209802661434304 0.15185549898580952 -0.3090784412671071 0.15018066505441252 
0.0454955227423325 -0.02165969253921674 -0.0498818411764454 0.041137509460024195 0.30608975991397286 0.1669654626937863 0.036323822651022464 0.29126782558057307 -0.28102132239664623 0.38561554182759933 -0.31613026081971835 -0.2684137206831733 -0.06089337437175398 -0.3537145266949647 0.11782006843995134 -0.38189522308405627 -0.16163177420665806 -0.3827127598639439 0.13424798008416053 0.1950496486545069 
-0.08443160199705632 -0.21913419959799957 0.17301173578052942 -0.14666999769789463 0.25136745074710815 -0.036763084916149165 0.001567001127233321 -0.35010452628324734 0.07026023533782658 -0.13401150948073118 -0.18991426190447194 -0.07411785110548756 -0.14639760897365361 -0.01791976301482751 0.4294359316017442 -0.07464121845454275 0.2793030100207363 0.07413644211083999 0.32539785872074295 -0.11229161296662282 
-0.17831976603034824 0.29021969386958696 -0.3229522156760562 0.361907329745052 0.030864334722809347 -0.05144626681170988 0.40581211636144215 -0.4297211738125368 0.0716770141787574 -0.38553107471101544 0.0493338895759442 -0.23485450439377453 0.1377749535918762 0.3913971800955098 0.3481545774887007 -0.10519795883788859 0.12924715495247793 0.17873256358827191 -0.046135269998354975 0.07533070672290716 
-0.2458747467312135 -0.09086725005133481 -0.2520067380878551 0.18109676734985491 -0.02309722317669611 -0.03349582110149872 0.3055677949076416 0.014454397989501372 -0.14650192585674562 -0.13709893065205214 -0.30242947380327495 -0.058197780863759666 -0.33642739966213736 -0.05627758171296249 0.0070193396946526465 0.362039256951423 -0.2946134120040969 0.22961555058462593 -0.010482241956999554 0.17928126458353102 
-0.2510141455903111 -0.29437570723269507 -0.06998927990149874 0.25781800110384206 -0.26738423056792027 0.24585202571776893 -0.13281872310584766 -0.31864533125653616 -0.3422484861655625 -0.0752221430496409 -0.08267964303170033 0.1515943384170079 -0.3716856795895594 -0.20329493950093114 -0.29835416358401695 -0.34804587081694266 0.15664475872060182 -0.032727146605446136 -0.16056407810174653 0.048599226790870524 
0.3496697458021609 0.2353369057573173 0.13945893176070812 0.3848855802433232 -0.41795501865780316 -0.25065112932487665 0.04893765649987466 -0.11393408618658674 0.27335656721887486 0.011650612848537837 0.027423244810616424 0.3672367645577202 0.030000005243732985 0.38382135020386027 -0.10153083559352533 -0.29841335882889436 -0.2385009073231035 -0.04642091078484642 -0.21487558441631407 0.12119984245813319 
-0.25159698727541924 -0.28653880369582146 0.26090267516627197 -0.3401579292662025 0.04682090081212841 -0.08106745516849433 -0.09641812949608713 -0.2492125418763246 0.3838253971012261 0.2992308096239556 0.21963493672455078 -0.30366788473747197 0.11260506449315184 -0.26588103791381396 0.11364263200631756 0.4597428904273506 -0.013236955432246964 0.24796240924896815 -0.02524317272950554 0.34844715781900176 
-0.12151307609023186 0.274991591535569 0.17635019265150353 0.23000176479661322 -0.05037016715898172 -0.1779289856789999 -0.31257259416098665 -0.21336021856902257 -0.37507115921891926 0.10778722728165822 0.11880761340259027 -0.027324968489358285 0.2702801991071888 0.08045244024023836 -0.27270782003629784 -0.31733980318300514 -0.23495161922146787 -0.1647736112076109 -0.36816097851385454 0.11169530409860508 
0.008325790503398288 0.08165885300344428 -0.04687520592371657 0.2709848841496024 -0.03799152347822523 -0.36086441306503597 0.2907538591406538 0.09627158700037959 0.27565780255748146 0.3761433013536761 -0.31763137261463037 -0.20333191735670847 -0.262143842601632 -0.046548669210594674 0.3604386886852098 -0.32714651084180285 0.006507155661311369 -0.39287195552528287 0.22017006360774868 0.29022665007282034 
-0.32312773754439333 -0.009361031503728535 -0.1826586277196506 0.4395639055196227 0.2560728895072453 0.17750286033831317 0.4569773013899489 -0.2209706338776337 0.27083182347932366 -0.07254127044266871 -0.18521462517431986 0.43013516252449463 0.07549229049171088 -0.22593003181281693 0.2954181181310479 0.10732218801169913 -0.005394447939020077 0.08359729720042063 -0.23274472411510427 0.05098453004484932 
0.2211424499064499 -0.3153235298638083 -0.26039905650736256 0.30986850158371426 0.047678208143716046 0.08348649237818485 -0.1328213349782347 -0.25345691824645694 0.30641115515334943 -0.06759283170749557 -0.3078895150696053 0.35181497488896246 -0.1641678116735351 0.3116023671926476 0.3794003706545221 -0.05720553393489974 0.045451012149865015 0.06483969852029978 0.05219098007672469 0.31492768464182275 
-0.15235550390536579 0.2706327629692332 0.046907173947794305 -0.27810547300983085 -0.23224512791062502 0.10203678969888953 -0.13506234627533276 -0.28580062005831103 -0.3681096623165262 0.20344379038553156 0.07096945918003925 0.37947842270804566 -0.11986530836337368 0.11265689812386791 0.06847723992868913 0.011317897402384331 -0.4009572646270245 0.23217523056870124 0.3611006637527677 0.011161505386447541 
-0.2160216685354585 0.1772151891620996 -0.34910619724415265 -0.15734348597439557 0.34713048339570746 0.04998844898718173 0.2507714704791683 0.12044696828078999 0.25094758383317606 0.36488776272106904 -0.12491305806352523 -0.31600484027233894 0.2680993783724242 -0.12055087531544915 -0.32959163847371 0.11648095004855655 -0.3368316367211129 -0.11574586085583391 0.23982420505476887 -0.4042709388440313 
-0.13736169902483 -0.3389473575817963 0.3525800108246669 -0.03055669374559873 -0.06617776987968406 0.23803506766526472 -0.07748831768704954 0.05497995082560305 0.0522496833320795 -0.18329903676287093 -0.13598974146778195 -0.1936550677010218 -0.3327345750457045 -0.0015622683308135906 0.1906207258033241 -0.3194323817709847 0.48156608399674056 0.23706918974986887 0.3309077825298702 0.24404077663025625 
-0.2966361005881126 -0.01264079013171711 -0.03761302380367735 0.1739962180340837 -0.07988553845857117 0.20872217441799343 0.18866518714316965 0.09707038318247473 0.11586196962470609 -0.23438145665955817 0.18281034139758442 0.2579612556436273 0.33560624502348857 -0.15044007131836767 -0.17527908974848144 -0.11637346413039926 -0.1791793896177051 0.19453230834387683 0.07453643179061574 0.2452715542014883 
-0.050141192714376163 -0.2827005985722942 -0.2715008665694168 -0.11896531710741978 -0.2163768323761353 0.22845556888331786 0.057387931377700235 0.18066931423711002 -0.027346710299862357 -0.36756961655137627 -0.1857385189174999 -0.050644012515162526 -0.23602072398098728 -0.30020068361927577 0.12849519845932808 0.18650640519442535 -0.16909903692578349 0.35331044630978364 -0.0356674767932255 0.28250919830460497 
0.10945643030916787 0.0562046269813552 -0.2101935800585206 -0.04580527930845374 0.3737805533248014 -0.19203785405461887 0.21198062954830452 0.2973775307497211 -0.048209725617313855 0.18341624411037094 0.2817388211229778 -0.39741568013942236 0.4168462890231804 -0.31843193356813954 0.357835778653238 0.1854737664498849 -0.11563371981724833 -0.19483212641861516 0.15128778669075715 0.35962765093261334 
0.2263055183556706 0.08921191394956965 0.3228337531770009 0.005308540504613197 -0.1698133613166626 -0.1231429424694215 -0.18748716549789596 0.41272124656582687 -0.030827215634213298 0.35278614528875235 0.012986927854125667 -0.31831609581292464 -0.40652176770284354 -0.09143119062471208 -0.18809472489562185 0.17987770737074327 0.036938923062819776 0.3775740839898837 0.39774059254816324 -0.29945922519498974 
-0.07302091284395777 -0.02657107188622305 0.042216414037660174 0.2578688120095103 -0.04950839144912742 -0.018542301968365524 -0.13434654584230302 0.2361369460683375 -0.39952922910209754 0.2948542699670234 -0.2189385419646188 0.18406687312821884 -0.1587384531112577 0.4036317524482157 -0.29707522236370365 -0.28960231841355544 0.3100025004687279 0.015254968442937025 -0.19739608910854398 -0.392279725868136 
-0.3739046365877343 
0.3291830214385397 
0.2370910942043214 
0.1376405912190067 
-0.23949356299287683 
0.180045815991948 
0.15598340326081733 
-0.17999894941232947 
-0.489130095668945 
0.4426670367033177 
-0.038264820058631924 
0.3456030397615174 
-0.3904310965021264 
0.15657478908196884 
-0.15966137780029624 
-0.09489234112861344 
-0.49353393094148285 
-0.32565144703657717 
-0.47948409399871855 
-0.30273132986788776 
