FID,(atom depth)-seq,Multiplicity seq, Charge seq
1, C4 0 H1 1, 1, 0 0
2, C4 0,, 0
3, C4 0 H1 1 H1 1, 1 1, 0 0 0
4, C4 0 O2 1, 2, 0 0
5, N3 0,, 0
6, N3 0 H1 1, 1, 0 0
7, O2 0,, 0
8, C4 0 C4 1 H1 2 H1 2 H1 2, 1 1 1 1, 0 0 0 0 0
9, C4 0 H1 1 H1 1 C4 1 H1 2 H1 2 C4 2 H1 3 H1 3 H1 3, 1 1 1 1 1 1 1 1 1, 0 0 0 0 0 0 0 0 0 0
10, C4 0 O2 1 H1 2, 1 1, 0 0 0
11, C4 0 Cl1 1, 1, 0 0
12, C4 0 O2 1 C4 2 H1 3 H1 3 H1 3, 1 1 1 1 1, 0 0 0 0 0 0
13, S2 0,, 0
14, C4 0 H1 1 O2 1 H1 2, 1 1 1, 0 0 0 0
15, C4 0 C4 1 O2 2 O2 2 H1 3, 1 2 1 1, 0 0 0 0 0
16, C4 0 H1 1 C4 1 H1 2 H1 2 H1 2, 1 1 1 1 1, 0 0 0 0 0 0
17, S6 0 O2 1 O2 1, 2 2, 0 0 0
18, C4 0 N3 1 H1 2 H1 2, 1 1 1, 0 0 0 0
19, O2 0 C4 1 H1 2 H1 2 C4 2 H1 3 H1 3 H1 3, 1 1 1 1 1 1 1, 0 0 0 0 0 0 0 0
20, C4 0 H1 1 H1 1 C4 1 O2 2 O2 2 H1 3, 1 1 1 2 1 1, 0 0 0 0 0 0 0
21, C4 0 N3 1 O2 2 O2 2, 1 1 2, 0 1 -1 0
22, C4 0 F1 1, 1, 0 0
23, N3 0 C4 1 H1 2 H1 2 H1 2, 1 1 1 1, 0 0 0 0 0
24, C4 0 S6 1 O2 2 O2 2 N3 2 H1 3 H1 3, 1 2 2 1 1 1, 0 0 0 0 0 0 0
25, C4 0 H1 1 C4 1 O2 2 O2 2 H1 3, 1 1 2 1 1, 0 0 0 0 0 0
26, O2 0 N3 1 O2 2 O2 2, 1 1 2, 0 1 -1 0
27, C4 0 H1 1 H1 1 C4 1 H1 2 C4 2 H1 3 H1 3 H1 3 C4 2 H1 3 H1 3 H1 3, 1 1 1 1 1 1 1 1 1 1 1 1, 0 0 0 0 0 0 0 0 0 0 0 0 0
28, C4 0 C4 1 H1 2 H1 2 C4 2 H1 3 H1 3 H1 3, 1 1 1 1 1 1 1, 0 0 0 0 0 0 0 0
29, N3 0 H1 1 C4 1 O2 2 C4 2 H1 3 H1 3 H1 3, 1 1 2 1 1 1 1, 0 0 0 0 0 0 0 0
30, C4 0 H1 1 H1 1 C4 1 H1 2 H1 2 O2 2 H1 3, 1 1 1 1 1 1 1, 0 0 0 0 0 0 0 0
31, O2 0 C4 1 O2 2 C4 2 H1 3 H1 3 H1 3, 1 2 1 1 1 1, 0 0 0 0 0 0 0
32, C4 0 O2 1 O2 1 C4 2 H1 3 H1 3 H1 3, 2 1 1 1 1 1, 0 0 0 0 0 0 0
33, N3 0 C4 1 H1 2 H1 2 C4 2 H1 3 H1 3 H1 3 C4 1 H1 2 H1 2 C4 2 H1 3 H1 3 H1 3, 1 1 1 1 1 1 1 1 1 1 1 1 1 1, 0 0 0 0 0 0 0 0 0 0 0 0 0 0 0
34, C4 0 H1 1 N3 1 H1 2 H1 2 C4 1 O2 2 O2 2 H1 3, 1 1 1 1 1 2 1 1, 0 0 0 0 0 0 0 0 0
35, C4 0 C4 1 H1 2 H1 2 H1 2 C4 1 H1 2 H1 2 H1 2, 1 1 1 1 1 1 1 1, 0 0 0 0 0 0 0 0 0
36, C4 0 H1 1 N3 1 H1 2 H1 2, 1 1 1 1, 0 0 0 0 0
37, C4 0 H1 1 O2 1 H1 2 C4 1 H1 2 H1 2 O2 2 H1 3, 1 1 1 1 1 1 1 1, 0 0 0 0 0 0 0 0 0
38, N3 0 O2 1 H1 2, 1 1, 0 0 0
39, C4 0 S2 1, 2, 0 0
40, C4 0 Br1 1, 1, 0 0
41, C4 0 O2 1 N3 1 C4 2 H1 3 H1 3 H1 3 C4 2 H1 3 H1 3 H1 3, 2 1 1 1 1 1 1 1 1 1, 0 0 0 0 0 0 0 0 0 0 0
42, C4 0 H1 1 C4 1 H1 2 H1 2 C4 2 H1 3 H1 3 H1 3, 1 1 1 1 1 1 1 1, 0 0 0 0 0 0 0 0 0
43, C4 0 S6 1 O2 2 O2 2 O2 2 H1 3, 1 2 2 1 1, 0 0 0 0 0 0
44, C4 0 H1 1 H1 1 C4 1 H1 2 C4 2 H1 3 H1 3, 1 1 1 1 2 1 1, 0 0 0 0 0 0 0 0
45, C4 0 N3 1 O2 2 H1 3, 2 1 1, 0 0 0 0
46, N3 0 H1 1 C4 1 O2 2 N3 2 H1 3 H1 3, 1 1 2 1 1 1, 0 0 0 0 0 0 0
47, C4 0 H1 1 C4 1 H1 2 H1 2 O2 2 H1 3, 1 1 1 1 1 1, 0 0 0 0 0 0 0
48, C4 0 H1 1 C4 1 H1 2 H1 2 H1 2 C4 1 O2 2 O2 2 H1 3, 1 1 1 1 1 1 2 1 1, 0 0 0 0 0 0 0 0 0 0
49, C4 0 I1 1, 1, 0 0
50, C4 0 C4 1 H1 2 H1 2 C4 2 H1 3 H1 3 H1 3 C4 1 H1 2 H1 2 C4 2 H1 3 H1 3 H1 3, 1 1 1 1 1 1 1 1 1 1 1 1 1 1, 0 0 0 0 0 0 0 0 0 0 0 0 0 0 0
51, C4 0 H1 1 H1 1 C4 1 O2 2 C4 2 H1 3 H1 3 H1 3, 1 1 1 2 1 1 1 1, 0 0 0 0 0 0 0 0 0
52, C4 0 H1 1 H1 1 C4 1 N3 2, 1 1 1 3, 0 0 0 0 0
53, P5 0 O2 1, 2, 0 0
54, C4 0 H1 1 H1 1 C4 1 O2 2 S2 2 H1 3, 1 1 1 2 1 1, 0 0 0 0 0 0 0
55, C4 0 N3 1 C4 2 H1 3 H1 3 H1 3 C4 2 H1 3 H1 3 H1 3, 1 1 1 1 1 1 1 1 1, 0 0 0 0 0 0 0 0 0 0
56, C4 0 O2 1 N3 1 H1 2 O2 2 H1 3, 2 1 1 1 1, 0 0 0 0 0 0
57, C4 0 H1 1 H1 1 C4 1 H1 2 H1 2 Cl1 2, 1 1 1 1 1 1, 0 0 0 0 0 0 0
58, C4 0 O2 1 C4 1 H1 2 O2 2 H1 3 C4 2 H1 3 H1 3 H1 3, 2 1 1 1 1 1 1 1 1, 0 0 0 0 0 0 0 0 0 0
59, C4 0 H1 1 C4 1 H1 2 C4 2 H1 3 H1 3 H1 3 C4 2 H1 3 H1 3 H1 3, 1 1 1 1 1 1 1 1 1 1 1, 0 0 0 0 0 0 0 0 0 0 0 0
60, C4 0 O2 1 C4 1 H1 2 H1 2 O2 2 H1 3, 2 1 1 1 1 1, 0 0 0 0 0 0 0
61, N3 0 H1 1 C4 1 H1 2 H1 2 C4 2 H1 3 H1 3 H1 3, 1 1 1 1 1 1 1 1, 0 0 0 0 0 0 0 0 0
62, N3 0 H1 1 C4 1 H1 2 C4 2 H1 3 H1 3 H1 3 C4 2 H1 3 H1 3 H1 3, 1 1 1 1 1 1 1 1 1 1 1, 0 0 0 0 0 0 0 0 0 0 0 0
63, C4 0 H1 1 H1 1 N3 1 C4 2 H1 3 H1 3 H1 3 C4 2 H1 3 H1 3 H1 3, 1 1 1 1 1 1 1 1 1 1 1, 0 0 0 0 0 0 0 0 0 0 0 0
64, C4 0 H1 1 C4 1 H1 2 H1 2 H1 2 C4 1 H1 2 H1 2 C4 2 H1 3 H1 3 H1 3, 1 1 1 1 1 1 1 1 1 1 1 1, 0 0 0 0 0 0 0 0 0 0 0 0 0
65, C4 0 H1 1 H1 1 C4 1 O2 2 N3 2 H1 3 H1 3, 1 1 1 2 1 1 1, 0 0 0 0 0 0 0 0
66, C4 0 C4 1 H1 2 C4 2 H1 3 H1 3 H1 3 C4 2 H1 3 H1 3 H1 3, 1 1 1 1 1 1 1 1 1 1, 0 0 0 0 0 0 0 0 0 0 0
67, C4 0 H1 1 H1 1 O2 1 C4 2 H1 3 H1 3 H1 3, 1 1 1 1 1 1 1, 0 0 0 0 0 0 0 0
68, C4 0 O2 1 C4 1 H1 2 H1 2 C4 2 H1 3 H1 3 H1 3, 2 1 1 1 1 1 1 1, 0 0 0 0 0 0 0 0 0
69, C4 0 O2 1 N3 1 H1 2 N3 2 H1 3 H1 3, 2 1 1 1 1 1, 0 0 0 0 0 0 0
70, O2 0 C4 1 O2 2 N3 2 H1 3 H1 3, 1 2 1 1 1, 0 0 0 0 0 0
71, C4 0 N3 1 H1 2 H1 2 C4 1 H1 2 H1 2 H1 2, 1 1 1 1 1 1 1, 0 0 0 0 0 0 0 0
72, C4 0 O2 1 C4 1 H1 2 H1 2 N3 2 H1 3 H1 3, 2 1 1 1 1 1 1, 0 0 0 0 0 0 0 0
73, C4 0 O2 1 N3 1 H1 2 C4 2 H1 3 H1 3 H1 3, 2 1 1 1 1 1 1, 0 0 0 0 0 0 0 0
74, C4 0 C4 1 F1 2 F1 2 F1 2, 1 1 1 1, 0 0 0 0 0
75, P5 0 S2 1, 2, 0 0
76, C4 0 S2 1 C4 2 H1 3 H1 3 H1 3, 1 1 1 1 1, 0 0 0 0 0 0
77, C4 0 N3 1 H1 2 H1 2 N3 1 O2 2 H1 3, 1 1 1 2 1 1, 0 0 0 0 0 0 0
78, S4 0 O2 1, 2, 0 0
79, C4 0 H1 1 C4 1 H1 2 C4 2 H1 3 H1 3 H1 3 C4 2 H1 3 H1 3 H1 3 C4 1 O2 2 O2 2 H1 3, 1 1 1 1 1 1 1 1 1 1 1 1 2 1 1, 0 0 0 0 0 0 0 0 0 0 0 0 0 0 0 0
80, C4 0 C4 1 H1 2 H1 2 H1 2 C4 1 O2 2 O2 2 H1 3, 1 1 1 1 1 2 1 1, 0 0 0 0 0 0 0 0 0
81, N3 0 C4 1 O2 2 N3 2 H1 3 H1 3, 1 2 1 1 1, 0 0 0 0 0 0
82, P5 0 O2 1 C4 2 H1 3 H1 3 H1 3 O2 1 C4 2 H1 3 H1 3 H1 3 S2 1, 1 1 1 1 1 1 1 1 1 1 2, 0 0 0 0 0 0 0 0 0 0 0 0
83, C4 0 H1 1 C4 1 O2 2 C4 2 H1 3 H1 3 H1 3, 1 1 2 1 1 1 1, 0 0 0 0 0 0 0 0
84, S2 0 C4 1 H1 2 H1 2 C4 2 H1 3 H1 3 H1 3, 1 1 1 1 1 1 1, 0 0 0 0 0 0 0 0
85, N3 0 C4 1 N3 2 H1 3 H1 3 N3 2 H1 3 H1 3, 2 1 1 1 1 1 1, 0 0 0 0 0 0 0 0
86, C4 0 H1 1 H1 1 C4 1 H1 2 O2 2 H1 3 C4 2 H1 3 H1 3 H1 3, 1 1 1 1 1 1 1 1 1 1, 0 0 0 0 0 0 0 0 0 0 0
87, N3 0 C4 1 H1 2 H1 2 C4 2 H1 3 H1 3 H1 3, 1 1 1 1 1 1 1, 0 0 0 0 0 0 0 0
88, C4 0 C4 1 O2 2 N3 2 H1 3 H1 3, 1 2 1 1 1, 0 0 0 0 0 0
89, C4 0 H1 1 N3 1 H1 2 C4 2 H1 3 H1 3 H1 3, 1 1 1 1 1 1 1, 0 0 0 0 0 0 0 0
90, C4 0 C4 1 H1 2 H1 2 O2 2 H1 3, 1 1 1 1 1, 0 0 0 0 0 0
91, C4 0 O2 1 C4 1 H1 2 H1 2 Cl1 2, 2 1 1 1 1, 0 0 0 0 0 0
92, N3 0 O2 1, 1, 1 -1
93, N3 0 H1 1 S6 1 O2 2 O2 2 N3 2 H1 3 H1 3, 1 1 2 2 1 1 1, 0 0 0 0 0 0 0 0
94, N3 0 C4 1 H1 2 H1 2 O2 2 H1 3, 1 1 1 1 1, 0 0 0 0 0 0
95, N3 0 H1 1 C4 1 C4 2 H1 3 H1 3 H1 3 C4 2 H1 3 H1 3 H1 3 C4 2 H1 3 H1 3 H1 3, 1 1 1 1 1 1 1 1 1 1 1 1 1 1, 0 0 0 0 0 0 0 0 0 0 0 0 0 0 0
96, P5 0 O2 1 O2 1 C4 2 H1 3 H1 3 H1 3 O2 1 C4 2 H1 3 H1 3 H1 3, 2 1 1 1 1 1 1 1 1 1 1, 0 0 0 0 0 0 0 0 0 0 0 0
97, C4 0 H1 1 C4 1 H1 2 C4 2 H1 3 H1 3 H1 3, 1 2 1 1 1 1 1, 0 0 0 0 0 0 0 0
98, C4 0 H1 1 H1 1 C4 1 C4 2 H1 3 H1 3 H1 3 C4 2 H1 3 H1 3 H1 3 C4 2 H1 3 H1 3 H1 3, 1 1 1 1 1 1 1 1 1 1 1 1 1 1 1, 0 0 0 0 0 0 0 0 0 0 0 0 0 0 0 0
99, P5 0 O2 1 O2 1 H1 2, 2 1 1, 0 0 0 0
100, N3 0 H1 1 S6 1 O2 2 O2 2 C4 2 H1 3 H1 3 H1 3, 1 1 2 2 1 1 1 1, 0 0 0 0 0 0 0 0 0
101, C4 0 O2 1 C4 1 H1 2 Cl1 2 Cl1 2, 2 1 1 1 1, 0 0 0 0 0 0
102, C4 0 N3 1 H1 2 O2 2 H1 3, 1 1 1 1, 0 0 0 0 0
103, N3 0 C4 1 C4 2 H1 3 H1 3 H1 3 C4 2 H1 3 H1 3 H1 3 C4 2 H1 3 H1 3 H1 3, 1 1 1 1 1 1 1 1 1 1 1 1 1, 0 0 0 0 0 0 0 0 0 0 0 0 0 0
104, C4 0 N3 1 O2 2 H1 3 C4 1 H1 2 H1 2 H1 2, 2 1 1 1 1 1 1, 0 0 0 0 0 0 0 0
105, C4 0 O2 1 C4 1 F1 2 F1 2 F1 2, 2 1 1 1 1, 0 0 0 0 0 0
106, C4 0 N3 1 C4 2 H1 3 H1 3 H1 3, 2 1 1 1 1, 0 0 0 0 0 0
107, N3 0 H1 1 C4 1 N3 2, 1 1 3, 0 0 0 0
108, C4 0 H1 1 O2 1 H1 2 C4 1 H1 2 O2 2 H1 3 C4 2 H1 3 H1 3 H1 3, 1 1 1 1 1 1 1 1 1 1 1, 0 0 0 0 0 0 0 0 0 0 0 0
109, C4 0 C4 1 H1 2 C4 2 H1 3 H1 3, 1 1 2 1 1, 0 0 0 0 0 0
110, C4 0 O2 1, 1, 0 -1
111, C4 0 H1 1 C4 1 H1 2 C4 2 H1 3 H1 3, 1 1 1 2 1 1, 0 0 0 0 0 0 0
112, C4 0 H1 1 H1 1 S2 1 C4 2 H1 3 H1 3 H1 3, 1 1 1 1 1 1 1, 0 0 0 0 0 0 0 0
113, C4 0 C4 1 N3 2, 1 3, 0 0 0
114, C4 0 H1 1 C4 1 H1 2 H1 2 C4 2 H1 3 H1 3 H1 3 C4 1 O2 2 O2 2 H1 3, 1 1 1 1 1 1 1 1 1 2 1 1, 0 0 0 0 0 0 0 0 0 0 0 0 0
115, C4 0 H1 1 C4 1 Cl1 2 Cl1 2 Cl1 2, 1 1 1 1 1, 0 0 0 0 0 0
116, N3 0 N3 1 C4 2 H1 3 H1 3 H1 3 C4 2 H1 3 H1 3 H1 3, 1 1 1 1 1 1 1 1 1, 0 0 0 0 0 0 0 0 0 0
117, N3 0 C4 1 N3 2 H1 3 N3 2 H1 3 H1 3, 1 2 1 1 1 1, 0 0 0 0 0 0 0
118, C4 0 S6 1 O2 2 O2 2 C4 2 H1 3 H1 3 H1 3, 1 2 2 1 1 1 1, 0 0 0 0 0 0 0 0
119, S2 0 C4 1 N3 2 H1 3 N3 2 H1 3 H1 3, 1 2 1 1 1 1, 0 0 0 0 0 0 0
120, C4 0 H1 1 N3 1 O2 2 O2 2, 1 1 1 2, 0 0 1 -1 0
121, C4 0 C4 1 H1 2 H1 2 O2 2 H1 3 C4 1 H1 2 H1 2 O2 2 H1 3 C4 1 H1 2 H1 2 O2 2 H1 3, 1 1 1 1 1 1 1 1 1 1 1 1 1 1 1, 0 0 0 0 0 0 0 0 0 0 0 0 0 0 0 0
122, N3 0 C4 1 H1 2 H1 2 C4 2 H1 3 H1 3 H1 3 C4 1 O2 2 N3 2 H1 3 H1 3, 1 1 1 1 1 1 1 1 2 1 1 1, 0 0 0 0 0 0 0 0 0 0 0 0 0
123, N3 0 C4 1 H1 2 H1 2 H1 2 C4 1 O2 2 N3 2 H1 3 H1 3, 1 1 1 1 1 2 1 1 1, 0 0 0 0 0 0 0 0 0 0
124, C4 0 H1 1 C4 1 H1 2 H1 2 H1 2 C4 1 O2 2 N3 2 H1 3 H1 3, 1 1 1 1 1 1 2 1 1 1, 0 0 0 0 0 0 0 0 0 0 0
125, C4 0 H1 1 C4 1 O2 2 N3 2 H1 3 H1 3, 1 1 2 1 1 1, 0 0 0 0 0 0 0
126, C4 0 C4 1 H1 2 H1 2 H1 2 C4 1 H1 2 H1 2 C4 2 H1 3 H1 3 H1 3, 1 1 1 1 1 1 1 1 1 1 1, 0 0 0 0 0 0 0 0 0 0 0 0
127, C4 0 N3 1 O2 2, 1 2, 0 0 0
128, O2 0 C4 1 H1 2 C4 2 H1 3 H1 3 H1 3 C4 2 H1 3 H1 3 H1 3, 1 1 1 1 1 1 1 1 1 1, 0 0 0 0 0 0 0 0 0 0 0
129, C4 0 C4 1 H1 2 H1 2 N3 2 H1 3 H1 3, 1 1 1 1 1 1, 0 0 0 0 0 0 0
130, C4 0 H1 1 H1 1 N3 1 H1 2 C4 2 H1 3 H1 3 H1 3, 1 1 1 1 1 1 1 1, 0 0 0 0 0 0 0 0 0
131, C4 0 H1 1 C4 1 H1 2 H1 2 O2 2 H1 3 C4 1 O2 2 O2 2 H1 3, 1 1 1 1 1 1 1 2 1 1, 0 0 0 0 0 0 0 0 0 0 0
132, C4 0 H1 1 H1 1 S6 1 O2 2 O2 2 O2 2 H1 3, 1 1 1 2 2 1 1, 0 0 0 0 0 0 0 0
133, C4 0 H1 1 N3 1 H1 2 C4 2 H1 3 H1 3 H1 3 C4 1 H1 2 H1 2 H1 2, 1 1 1 1 1 1 1 1 1 1 1, 0 0 0 0 0 0 0 0 0 0 0 0
134, C4 0 H1 1 H1 1 C4 1 H1 2 H1 2 N3 2 H1 3 H1 3, 1 1 1 1 1 1 1 1, 0 0 0 0 0 0 0 0 0
135, C4 0 H1 1 C4 1 H1 2 H1 2 H1 2 S6 1 O2 2 O2 2 O2 2 H1 3, 1 1 1 1 1 1 2 2 1 1, 0 0 0 0 0 0 0 0 0 0 0
136, N3 0 N3 1 H1 2 H1 2, 1 1 1, 0 0 0 0
137, C4 0 O2 1 H1 2 C4 1 H1 2 C4 2 H1 3 H1 3 H1 3 C4 2 H1 3 H1 3 H1 3 C4 1 O2 2 O2 2 H1 3, 1 1 1 1 1 1 1 1 1 1 1 1 1 2 1 1, 0 0 0 0 0 0 0 0 0 0 0 0 0 0 0 0 0
138, C4 0 H1 1 O2 1 H1 2 C4 1 Cl1 2 Cl1 2 Cl1 2, 1 1 1 1 1 1 1, 0 0 0 0 0 0 0 0
139, C4 0 S2 1 N3 1 H1 2 C4 2 H1 3 H1 3 H1 3, 2 1 1 1 1 1 1, 0 0 0 0 0 0 0 0
140, C4 0 H1 1 O2 1 C4 2 H1 3 H1 3 H1 3, 1 1 1 1 1 1, 0 0 0 0 0 0 0
141, C4 0 O2 1 N3 1 O2 2 H1 3 C4 2 H1 3 H1 3 H1 3, 2 1 1 1 1 1 1 1, 0 0 0 0 0 0 0 0 0
142, C4 0 C4 1 H1 2 H1 2 H1 2 C4 1 O2 2 O2 2 H1 3 C4 1 O2 2 O2 2 H1 3, 1 1 1 1 1 2 1 1 1 2 1 1, 0 0 0 0 0 0 0 0 0 0 0 0 0
143, C4 0 H1 1 C4 1 H1 2 O2 2 H1 3 C4 2 H1 3 H1 3 H1 3 C4 1 O2 2 O2 2 H1 3, 1 1 1 1 1 1 1 1 1 1 2 1 1, 0 0 0 0 0 0 0 0 0 0 0 0 0 0
144, C4 0 C4 1 O2 2 C4 2 H1 3 H1 3 H1 3, 1 2 1 1 1 1, 0 0 0 0 0 0 0
145, C4 0 H1 1 C4 1 C4 2 H1 3, 1 1 3 1, 0 0 0 0 0
146, C4 0 C4 1 H1 2 Cl1 2, 2 1 1, 0 0 0 0
147, C4 0 C4 1 H1 2 H1 2 H1 2 C4 1 H1 2 H1 2 H1 2 C4 1 O2 2 N3 2 H1 3 H1 3, 1 1 1 1 1 1 1 1 1 2 1 1 1, 0 0 0 0 0 0 0 0 0 0 0 0 0 0
148, C4 0 H1 1 C4 1 H1 2 H1 2 C4 2 H1 3 H1 3 H1 3 C4 1 H1 2 H1 2 C4 2 H1 3 H1 3 H1 3, 1 1 1 1 1 1 1 1 1 1 1 1 1 1 1, 0 0 0 0 0 0 0 0 0 0 0 0 0 0 0 0
149, C4 0 H1 1 C4 1 H1 2 H1 2 O2 2 H1 3 C4 1 H1 2 H1 2 O2 2 H1 3, 1 1 1 1 1 1 1 1 1 1 1, 0 0 0 0 0 0 0 0 0 0 0 0
150, N3 0 C4 1 N3 2, 1 3, 0 0 0
151, N3 0 C4 1 H1 2 H1 2 H1 2 C4 1 O2 2 C4 2 H1 3 H1 3 H1 3, 1 1 1 1 1 2 1 1 1 1, 0 0 0 0 0 0 0 0 0 0 0
152, C4 0 O2 1 H1 2 C4 1 H1 2 H1 2 H1 2 C4 1 O2 2 O2 2 H1 3, 1 1 1 1 1 1 1 2 1 1, 0 0 0 0 0 0 0 0 0 0 0
153, C4 0 C4 1 N3 2 H1 3 N3 2 H1 3 H1 3, 1 2 1 1 1 1, 0 0 0 0 0 0 0
154, C4 0 C4 1 N3 2 C4 1 N3 2, 1 3 1 3, 0 0 0 0 0
155, N3 0 H1 1 S6 1 O2 2 O2 2 O2 2 H1 3, 1 1 2 2 1 1, 0 0 0 0 0 0 0
156, C4 0 H1 1 N3 1 H1 2 H1 2 C4 1 H1 2 C4 2 H1 3 H1 3 H1 3 C4 2 H1 3 H1 3 H1 3, 1 1 1 1 1 1 1 1 1 1 1 1 1 1, 0 0 0 0 0 0 0 0 0 0 0 0 0 0 0
157, C4 0 H1 1 N3 1 C4 2 H1 3 H1 3 H1 3 C4 2 H1 3 H1 3 H1 3 C4 1 H1 2 H1 2 H1 2, 1 1 1 1 1 1 1 1 1 1 1 1 1 1, 0 0 0 0 0 0 0 0 0 0 0 0 0 0 0
158, C4 0 C4 1 H1 2 C4 2 H1 3 H1 3 C4 1 H1 2 C4 2 H1 3 H1 3, 1 1 2 1 1 1 1 2 1 1, 0 0 0 0 0 0 0 0 0 0 0
159, C4 0 O2 1 H1 2 C4 1 H1 2 O2 2 H1 3 C4 2 H1 3 H1 3 H1 3, 1 1 1 1 1 1 1 1 1 1, 0 0 0 0 0 0 0 0 0 0 0
160, C4 0 H1 1 C4 1 H1 2 O2 2 H1 3 C4 2 H1 3 H1 3 H1 3, 1 1 1 1 1 1 1 1 1, 0 0 0 0 0 0 0 0 0 0
161, C4 0 O2 1 C4 1 O2 2 O2 2 H1 3, 2 1 2 1 1, 0 0 0 0 0 0
162, O2 0 P5 1 O2 2 O2 2 O2 2 H1 3, 1 1 2 1 1, 0 0 -1 0 0 0
163, C4 0 N3 1 H1 2 H1 2 N3 1 C4 2 H1 3 H1 3 H1 3, 1 1 1 2 1 1 1 1, 0 0 0 0 0 0 0 0 0
164, S2 0 C4 1 O2 2 N3 2 H1 3 H1 3, 1 2 1 1 1, 0 0 0 0 0 0
165, C4 0 N3 1 O2 2, 2 1, 0 0 -1
166, O2 0 S6 1 O2 2 O2 2 O2 2 H1 3, 1 2 2 1 1, 0 0 0 0 0 0
167, C4 0 O2 1 H1 2 C4 1 O2 2 O2 2 H1 3, 1 1 1 2 1 1, 0 0 0 0 0 0 0
168, C4 0 C4 1 H1 2 H1 2 H1 2 C4 1 H1 2 H1 2 H1 2 C4 1 H1 2 H1 2 C4 2 H1 3 H1 3 H1 3, 1 1 1 1 1 1 1 1 1 1 1 1 1 1 1, 0 0 0 0 0 0 0 0 0 0 0 0 0 0 0 0
169, S6 0 O2 1 O2 1 N3 1 Cl1 2 Cl1 2, 2 2 1 1 1, 0 0 0 0 0 0
170, O2 0 C4 1 C4 2 H1 3 H1 3 H1 3 C4 2 H1 3 H1 3 H1 3 C4 2 H1 3 H1 3 H1 3, 1 1 1 1 1 1 1 1 1 1 1 1 1, 0 0 0 0 0 0 0 0 0 0 0 0 0 0
171, C4 0 H1 1 Cl1 1, 1 1, 0 0 0
172, N3 0 C4 1 H1 2 H1 2 H1 2 C4 1 H1 2 H1 2 C4 2 H1 3 H1 3 H1 3, 1 1 1 1 1 1 1 1 1 1 1, 0 0 0 0 0 0 0 0 0 0 0 0
173, C4 0 C4 1 H1 2 H1 2 H1 2 C4 1 H1 2 H1 2 C4 2 H1 3 H1 3 H1 3 C4 1 O2 2 O2 2 H1 3, 1 1 1 1 1 1 1 1 1 1 1 1 2 1 1, 0 0 0 0 0 0 0 0 0 0 0 0 0 0 0 0
174, C4 0 Cl1 1 Cl1 1, 1 1, 0 0 0
175, C4 0 N3 1 H1 2 C4 2 H1 3 H1 3 H1 3 N3 1 C4 2 H1 3 H1 3 H1 3, 1 1 1 1 1 1 2 1 1 1 1, 0 0 0 0 0 0 0 0 0 0 0 0
176, C4 0 O2 1 H1 2 C4 1 H1 2 H1 2 O2 2 H1 3 C4 1 O2 2 O2 2 H1 3, 1 1 1 1 1 1 1 1 2 1 1, 0 0 0 0 0 0 0 0 0 0 0 0
177, C4 0 H1 1 C4 1 N3 2, 1 1 3, 0 0 0 0
178, C4 0 O2 1 H1 2 O2 1 H1 2, 1 1 1 1, 0 0 0 0 0
179, S2 0 C4 1 C4 2 H1 3 H1 3 H1 3 C4 2 H1 3 H1 3 H1 3 C4 2 H1 3 H1 3 H1 3, 1 1 1 1 1 1 1 1 1 1 1 1 1, 0 0 0 0 0 0 0 0 0 0 0 0 0 0
180, C4 0 C4 1 H1 2 H1 2 H1 2 C4 1 H1 2 H1 2 H1 2 C4 1 O2 2 O2 2 H1 3, 1 1 1 1 1 1 1 1 1 2 1 1, 0 0 0 0 0 0 0 0 0 0 0 0 0
181, S6 0 O2 1 O2 1 N3 1 Cl1 2, 1 2 2 1, 0 -1 0 0 0
182, C4 0 H1 1 C4 1 C4 2 H1 3 H1 3 H1 3 C4 2 H1 3 H1 3 H1 3, 1 2 1 1 1 1 1 1 1 1, 0 0 0 0 0 0 0 0 0 0 0
183, N3 0 C4 1 H1 2 C4 2 H1 3 H1 3 H1 3 C4 2 H1 3 H1 3 H1 3, 1 1 1 1 1 1 1 1 1 1, 0 0 0 0 0 0 0 0 0 0 0
184, C4 0 H1 1 C4 1 O2 2 O2 2 H1 3 C4 1 O2 2 C4 2 H1 3 H1 3 H1 3, 1 1 2 1 1 1 2 1 1 1 1, 0 0 0 0 0 0 0 0 0 0 0 0
185, C4 0 O2 1 H1 2 C4 1 H1 2 H1 2 H1 2, 1 1 1 1 1 1, 0 0 0 0 0 0 0
186, N3 0 H1 1 C4 1 S2 2 N3 2 H1 3 H1 3, 1 1 2 1 1 1, 0 0 0 0 0 0 0
187, C4 0 H1 1 F1 1, 1 1, 0 0 0
188, C4 0 N3 1 H1 2 N3 1 C4 2 H1 3 H1 3 H1 3 C4 2 H1 3 H1 3 H1 3, 2 1 1 1 1 1 1 1 1 1 1, 0 0 0 0 0 0 0 0 0 0 0 0
189, C4 0 H1 1 H1 1 N3 1 O2 2 O2 2, 1 1 1 1 2, 0 0 0 1 -1 0
190, C4 0 N3 1 H1 2 C4 2 H1 3 H1 3 H1 3, 1 1 1 1 1 1, 0 0 0 0 0 0 0
191, S6 0 O2 1 O2 1 N3 1 Br1 2 Br1 2, 2 2 1 1 1, 0 0 0 0 0 0
192, C4 0 H1 1 O2 1 C4 2 H1 3 H1 3 H1 3 C4 1 H1 2 H1 2 H1 2, 1 1 1 1 1 1 1 1 1 1, 0 0 0 0 0 0 0 0 0 0 0
193, C4 0 C4 1 H1 2 C4 2 H1 3 H1 3 C4 1 H1 2 C4 2 H1 3 H1 3 H1 3 C4 2 H1 3 H1 3 H1 3, 1 1 2 1 1 1 1 1 1 1 1 1 1 1 1, 0 0 0 0 0 0 0 0 0 0 0 0 0 0 0 0
194, N3 0 C4 1 H1 2 C4 2 H1 3 H1 3 H1 3 C4 2 H1 3 H1 3 H1 3 C4 1 H1 2 C4 2 H1 3 H1 3 H1 3 C4 2 H1 3 H1 3 H1 3, 1 1 1 1 1 1 1 1 1 1 1 1 1 1 1 1 1 1 1 1, 0 0 0 0 0 0 0 0 0 0 0 0 0 0 0 0 0 0 0 0 0
195, C4 0 C4 1 H1 2 H1 2 H1 2 C4 1 H1 2 H1 2 H1 2 C4 1 H1 2 H1 2 F1 2, 1 1 1 1 1 1 1 1 1 1 1 1, 0 0 0 0 0 0 0 0 0 0 0 0 0
196, S6 0 O2 1 O2 1 O2 1 C4 2 H1 3 H1 3 H1 3, 2 2 1 1 1 1 1, 0 0 0 0 0 0 0 0
197, C4 0 N3 1 O2 2 H1 3 C4 1 H1 2 H1 2 C4 2 H1 3 H1 3 H1 3, 2 1 1 1 1 1 1 1 1 1, 0 0 0 0 0 0 0 0 0 0 0
198, C4 0 O2 1 C4 1 H1 2 H1 2 S2 2 H1 3, 2 1 1 1 1 1, 0 0 0 0 0 0 0
