FID,(atom depth)-seq,Multiplicity seq, Charge seq
1, C4 0 H1 1, 1, 0 0
2, C4 0,, 0
3, C4 0 H1 1 H1 1, 1 1, 0 0 0
4, C4 0 Cl1 1, 1, 0 0
5, C4 0 O2 1, 2, 0 0
6, N3 0,, 0
7, O2 0,, 0
8, C4 0 C4 1 H1 2 H1 2 H1 2, 1 1 1 1, 0 0 0 0 0
9, N3 0 H1 1, 1, 0 0
10, C4 0 H1 1 H1 1 C4 1 H1 2 H1 2 C4 2 H1 3 H1 3 H1 3, 1 1 1 1 1 1 1 1 1, 0 0 0 0 0 0 0 0 0 0
11, C4 0 O2 1 H1 2, 1 1, 0 0 0
12, C4 0 N3 1 O2 2 O2 2, 1 1 2, 0 1 -1 0
13, O2 0 C4 1 H1 2 H1 2 C4 2 H1 3 H1 3 H1 3, 1 1 1 1 1 1 1, 0 0 0 0 0 0 0 0
14, C4 0 N3 1 H1 2 H1 2, 1 1 1, 0 0 0 0
15, S2 0,, 0
16, C4 0 C4 1 O2 2 O2 2 H1 3, 1 2 1 1, 0 0 0 0 0
17, C4 0 H1 1 O2 1 H1 2, 1 1 1, 0 0 0 0
18, C4 0 O2 1 C4 2 H1 3 H1 3 H1 3, 1 1 1 1 1, 0 0 0 0 0 0
19, C4 0 H1 1 H1 1 C4 1 O2 2 O2 2 H1 3, 1 1 1 2 1 1, 0 0 0 0 0 0 0
20, C4 0 H1 1 C4 1 H1 2 H1 2 H1 2, 1 1 1 1 1, 0 0 0 0 0 0
21, C4 0 F1 1, 1, 0 0
22, C4 0 H1 1 H1 1 C4 1 H1 2 H1 2 O2 2 H1 3, 1 1 1 1 1 1 1, 0 0 0 0 0 0 0 0
23, C4 0 Br1 1, 1, 0 0
24, S6 0 O2 1 O2 1, 2 2, 0 0 0
25, N3 0 C4 1 H1 2 H1 2 H1 2, 1 1 1 1, 0 0 0 0 0
26, C4 0 C4 1 H1 2 H1 2 C4 2 H1 3 H1 3 H1 3, 1 1 1 1 1 1 1, 0 0 0 0 0 0 0 0
27, C4 0 O2 1 O2 1 C4 2 H1 3 H1 3 H1 3, 2 1 1 1 1 1, 0 0 0 0 0 0 0
28, C4 0 S6 1 O2 2 O2 2 N3 2 H1 3 H1 3, 1 2 2 1 1 1, 0 0 0 0 0 0 0
29, P5 0 S2 1, 2, 0 0
30, O2 0 C4 1 O2 2 C4 2 H1 3 H1 3 H1 3, 1 2 1 1 1 1, 0 0 0 0 0 0 0
31, C4 0 H1 1 H1 1 C4 1 H1 2 C4 2 H1 3 H1 3, 1 1 1 1 2 1 1, 0 0 0 0 0 0 0 0
32, C4 0 O2 1 N3 1 H1 2 C4 2 H1 3 H1 3 H1 3, 2 1 1 1 1 1 1, 0 0 0 0 0 0 0 0
33, C4 0 H1 1 H1 1 C4 1 H1 2 C4 2 H1 3 H1 3 H1 3 C4 2 H1 3 H1 3 H1 3, 1 1 1 1 1 1 1 1 1 1 1 1, 0 0 0 0 0 0 0 0 0 0 0 0 0
34, C4 0 C4 1 H1 2 H1 2 H1 2 C4 1 H1 2 H1 2 H1 2, 1 1 1 1 1 1 1 1, 0 0 0 0 0 0 0 0 0
35, C4 0 C4 1 F1 2 F1 2 F1 2, 1 1 1 1, 0 0 0 0 0
36, P5 0 O2 1 C4 2 H1 3 H1 3 H1 3 O2 1 C4 2 H1 3 H1 3 H1 3 S2 1, 1 1 1 1 1 1 1 1 1 1 2, 0 0 0 0 0 0 0 0 0 0 0 0
37, O2 0 C4 1 H1 2 C4 2 H1 3 H1 3 H1 3 C4 2 H1 3 H1 3 H1 3, 1 1 1 1 1 1 1 1 1 1, 0 0 0 0 0 0 0 0 0 0 0
38, N3 0 H1 1 C4 1 O2 2 C4 2 H1 3 H1 3 H1 3, 1 1 2 1 1 1 1, 0 0 0 0 0 0 0 0
39, P5 0 O2 1, 2, 0 0
40, N3 0 H1 1 C4 1 H1 2 C4 2 H1 3 H1 3 H1 3 C4 2 H1 3 H1 3 H1 3, 1 1 1 1 1 1 1 1 1 1 1, 0 0 0 0 0 0 0 0 0 0 0 0
41, N3 0 C4 1 H1 2 H1 2 C4 2 H1 3 H1 3 H1 3 C4 1 H1 2 H1 2 C4 2 H1 3 H1 3 H1 3, 1 1 1 1 1 1 1 1 1 1 1 1 1 1, 0 0 0 0 0 0 0 0 0 0 0 0 0 0 0
42, C4 0 I1 1, 1, 0 0
43, C4 0 H1 1 C4 1 H1 2 H1 2 H1 2 C4 1 H1 2 H1 2 C4 2 H1 3 H1 3 H1 3, 1 1 1 1 1 1 1 1 1 1 1 1, 0 0 0 0 0 0 0 0 0 0 0 0 0
44, C4 0 H1 1 C4 1 O2 2 O2 2 H1 3, 1 1 2 1 1, 0 0 0 0 0 0
45, N3 0 H1 1 C4 1 H1 2 H1 2 C4 2 H1 3 H1 3 H1 3, 1 1 1 1 1 1 1 1, 0 0 0 0 0 0 0 0 0
46, C4 0 S2 1 C4 2 H1 3 H1 3 H1 3, 1 1 1 1 1, 0 0 0 0 0 0
47, C4 0 O2 1 N3 1 C4 2 H1 3 H1 3 H1 3 C4 2 H1 3 H1 3 H1 3, 2 1 1 1 1 1 1 1 1 1, 0 0 0 0 0 0 0 0 0 0 0
48, C4 0 N3 1 C4 2 H1 3 H1 3 H1 3 C4 2 H1 3 H1 3 H1 3, 1 1 1 1 1 1 1 1 1, 0 0 0 0 0 0 0 0 0 0
49, C4 0 C4 1 H1 2 O2 2, 1 1 2, 0 0 0 0
50, C4 0 C4 1 H1 2 C4 2 H1 3 H1 3 H1 3 C4 2 H1 3 H1 3 H1 3, 1 1 1 1 1 1 1 1 1 1, 0 0 0 0 0 0 0 0 0 0 0
51, C4 0 C4 1 C4 2 H1 3 H1 3 H1 3 C4 2 H1 3 H1 3 H1 3 C4 2 H1 3 H1 3 H1 3, 1 1 1 1 1 1 1 1 1 1 1 1 1, 0 0 0 0 0 0 0 0 0 0 0 0 0 0
52, C4 0 H1 1 H1 1 C4 1 H1 2 H1 2 Cl1 2, 1 1 1 1 1 1, 0 0 0 0 0 0 0
53, C4 0 H1 1 C4 1 H1 2 H1 2 H1 2 C4 1 H1 2 H1 2 H1 2, 1 1 1 1 1 1 1 1 1, 0 0 0 0 0 0 0 0 0 0
54, C4 0 H1 1 H1 1 O2 1 C4 2 H1 3 H1 3 H1 3, 1 1 1 1 1 1 1, 0 0 0 0 0 0 0 0
55, C4 0 H1 1 H1 1 C4 1 H1 2 H1 2 H1 2, 1 1 1 1 1 1, 0 0 0 0 0 0 0
56, C4 0 H1 1 H1 1 C4 1 H1 2 H1 2 N3 2 H1 3 H1 3, 1 1 1 1 1 1 1 1, 0 0 0 0 0 0 0 0 0
57, C4 0 H1 1 O2 1 H1 2 C4 1 H1 2 H1 2 O2 2 H1 3, 1 1 1 1 1 1 1 1, 0 0 0 0 0 0 0 0 0
58, C4 0 O2 1 C4 1 H1 2 H1 2 C4 2 H1 3 H1 3 H1 3, 2 1 1 1 1 1 1 1, 0 0 0 0 0 0 0 0 0
59, C4 0 H1 1 N3 1 H1 2 H1 2 C4 1 O2 2 O2 2 H1 3, 1 1 1 1 1 2 1 1, 0 0 0 0 0 0 0 0 0
60, C4 0 H1 1 Cl1 1, 1 1, 0 0 0
61, C4 0 O2 1 C4 1 H1 2 H1 2 O2 2 H1 3, 2 1 1 1 1 1, 0 0 0 0 0 0 0
62, C4 0 C4 1 N3 2, 1 3, 0 0 0
63, C4 0 C4 1 H1 2 H1 2 O2 2 H1 3, 1 1 1 1 1, 0 0 0 0 0 0
64, C4 0 H1 1 H1 1 C4 1 N3 2, 1 1 1 3, 0 0 0 0 0
65, N3 0 N3 1 O2 2, 1 2, 0 0 0
66, O2 0 C4 1 O2 2 N3 2 H1 3 H1 3, 1 2 1 1 1, 0 0 0 0 0 0
67, C4 0 O2 1 C4 1 H1 2 H1 2 Cl1 2, 2 1 1 1 1, 0 0 0 0 0 0
68, C4 0 H1 1 H1 1 C4 1 C4 2 H1 3, 1 1 1 3 1, 0 0 0 0 0 0
69, P5 0 O2 1 O2 1 C4 2 H1 3 H1 3 H1 3 O2 1 C4 2 H1 3 H1 3 H1 3, 2 1 1 1 1 1 1 1 1 1 1, 0 0 0 0 0 0 0 0 0 0 0 0
70, C4 0 H1 1 H1 1 C4 1 O2 2 C4 2 H1 3 H1 3 H1 3, 1 1 1 2 1 1 1 1, 0 0 0 0 0 0 0 0 0
71, C4 0 H1 1 C4 1 H1 2 H1 2 O2 2 H1 3, 1 1 1 1 1 1, 0 0 0 0 0 0 0
72, C4 0 H1 1 H1 1 N3 1 C4 2 H1 3 H1 3 H1 3 C4 2 H1 3 H1 3 H1 3, 1 1 1 1 1 1 1 1 1 1 1, 0 0 0 0 0 0 0 0 0 0 0 0
73, S2 0 C4 1 H1 2 H1 2 C4 2 H1 3 H1 3 H1 3, 1 1 1 1 1 1 1, 0 0 0 0 0 0 0 0
74, C4 0 H1 1 C4 1 H1 2 H1 2 C4 2 H1 3 H1 3 H1 3, 1 1 1 1 1 1 1 1, 0 0 0 0 0 0 0 0 0
75, C4 0 H1 1 H1 1 C4 1 H1 2 O2 2 H1 3 C4 2 H1 3 H1 3 H1 3, 1 1 1 1 1 1 1 1 1 1, 0 0 0 0 0 0 0 0 0 0 0
76, C4 0 O2 1 C4 1 C4 2 H1 3 H1 3 C4 2 H1 3 H1 3 H1 3, 2 1 2 1 1 1 1 1 1, 0 0 0 0 0 0 0 0 0 0
77, C4 0 C4 1 H1 2 H1 2 H1 2 C4 1 H1 2 H1 2 H1 2 C4 1 H1 2 H1 2 H1 2, 1 1 1 1 1 1 1 1 1 1 1 1, 0 0 0 0 0 0 0 0 0 0 0 0 0
78, C4 0 C4 1 O2 2 C4 2 H1 3 H1 3 H1 3, 1 2 1 1 1 1, 0 0 0 0 0 0 0
79, C4 0 H1 1 C4 1 H1 2 H1 2 H1 2 C4 1 O2 2 O2 2 H1 3, 1 1 1 1 1 1 2 1 1, 0 0 0 0 0 0 0 0 0 0
80, C4 0 C4 1 H1 2 H1 2 C4 1 H1 2 H1 2 H1 2, 2 1 1 1 1 1 1, 0 0 0 0 0 0 0 0
81, C4 0 Cl1 1 Cl1 1, 1 1, 0 0 0
82, C4 0 H1 1 H1 1 C4 1 H1 2 H1 2 Br1 2, 1 1 1 1 1 1, 0 0 0 0 0 0 0
83, C4 0 O2 1 C4 1 H1 2 C4 2 H1 3 H1 3, 2 1 1 2 1 1, 0 0 0 0 0 0 0
84, C4 0 C4 1 O2 2 N3 2 H1 3 H1 3, 1 2 1 1 1, 0 0 0 0 0 0
85, C4 0 H1 1 C4 1 N3 2, 1 1 3, 0 0 0 0
86, C4 0 H1 1 C4 1 H1 2 H1 2, 1 2 1 1, 0 0 0 0 0
87, S6 0 O2 1 O2 1 C4 1 H1 2 H1 2 C4 2 H1 3 H1 3 H1 3, 2 2 1 1 1 1 1 1 1, 0 0 0 0 0 0 0 0 0 0
88, C4 0 O2 1 C4 1 H1 2 H1 2 H1 2, 2 1 1 1 1, 0 0 0 0 0 0
89, C4 0 H1 1 H1 1 C4 1 H1 2 O2 2, 1 1 1 1 2, 0 0 0 0 0 0
90, C4 0 C4 1 H1 2 H1 2 Cl1 2, 1 1 1 1, 0 0 0 0 0
91, C4 0 S2 1, 2, 0 0
92, C4 0 H1 1 C4 1 O2 2 C4 2 H1 3 H1 3 H1 3, 1 1 2 1 1 1 1, 0 0 0 0 0 0 0 0
93, C4 0 H1 1 C4 1 H1 2 C4 2 H1 3 H1 3 H1 3 C4 2 H1 3 H1 3 H1 3, 1 1 1 1 1 1 1 1 1 1 1, 0 0 0 0 0 0 0 0 0 0 0 0
94, C4 0 H1 1 O2 1 H1 2 C4 1 H1 2 H1 2 H1 2, 1 1 1 1 1 1 1, 0 0 0 0 0 0 0 0
95, N3 0 C4 1 H1 2 H1 2 C4 2 H1 3 H1 3 H1 3, 1 1 1 1 1 1 1, 0 0 0 0 0 0 0 0
96, C4 0 C4 1 H1 2 H1 2, 2 1 1, 0 0 0 0
97, C4 0 O2 1 H1 2 C4 1 H1 2 H1 2 H1 2 C4 1 H1 2 H1 2 H1 2, 1 1 1 1 1 1 1 1 1 1, 0 0 0 0 0 0 0 0 0 0 0
98, N3 0 O2 1 C4 2 H1 3 H1 3 H1 3 C4 1 H1 2 H1 2 H1 2, 1 1 1 1 1 1 1 1 1, 0 0 0 0 0 0 0 0 0 0
99, C4 0 H1 1 C4 1 Cl1 2 Cl1 2 Cl1 2, 1 1 1 1 1, 0 0 0 0 0 0
100, C4 0 O2 1 C4 1 H1 2 Cl1 2 Cl1 2, 2 1 1 1 1, 0 0 0 0 0 0
101, C4 0 H1 1 H1 1 C4 1 O2 2 H1 3 C4 2 H1 3 H1 3 H1 3 C4 2 H1 3 H1 3 H1 3, 1 1 1 1 1 1 1 1 1 1 1 1 1, 0 0 0 0 0 0 0 0 0 0 0 0 0 0
102, N3 0 C4 1 H1 2 C4 2 H1 3 H1 3 H1 3 C4 2 H1 3 H1 3 H1 3, 1 1 1 1 1 1 1 1 1 1, 0 0 0 0 0 0 0 0 0 0 0
103, C4 0 H1 1 C4 1 C4 2 H1 3 H1 3 H1 3 C4 2 H1 3 H1 3 H1 3, 1 2 1 1 1 1 1 1 1 1, 0 0 0 0 0 0 0 0 0 0 0
104, N3 0 C4 1 S2 2, 2 2, 0 0 0
105, N3 0 H1 1 C4 1 C4 2 H1 3 H1 3 H1 3 C4 2 H1 3 H1 3 H1 3 C4 2 H1 3 H1 3 H1 3, 1 1 1 1 1 1 1 1 1 1 1 1 1 1, 0 0 0 0 0 0 0 0 0 0 0 0 0 0 0
106, N3 0 H1 1 C4 1 O2 2 N3 2 H1 3 H1 3, 1 1 2 1 1 1, 0 0 0 0 0 0 0
107, C4 0 F1 1 F1 1, 1 1, 0 0 0
108, C4 0 H1 1 O2 1 H1 2 C4 1 C4 2 H1 3 H1 3 H1 3 C4 2 H1 3 H1 3 H1 3 C4 2 H1 3 H1 3 H1 3, 1 1 1 1 1 1 1 1 1 1 1 1 1 1 1 1, 0 0 0 0 0 0 0 0 0 0 0 0 0 0 0 0 0
109, O2 0 C4 1 H1 2 O2 2, 1 1 2, 0 0 0 0
110, C4 0 N3 1 H1 2 C4 2 H1 3 H1 3 H1 3, 1 1 1 1 1 1, 0 0 0 0 0 0 0
111, C4 0 H1 1 C4 1 Cl1 2 Cl1 2, 1 2 1 1, 0 0 0 0 0
112, C4 0 C4 1 H1 2, 3 1, 0 0 0
113, C4 0 H1 1 C4 1 H1 2 C4 2 H1 3 H1 3 H1 3, 1 2 1 1 1 1 1, 0 0 0 0 0 0 0 0
114, C4 0 C4 1 H1 2 C4 2 H1 3 H1 3, 1 1 2 1 1, 0 0 0 0 0 0
115, P5 0 O2 1 C4 2 H1 3 H1 3 H1 3 S2 1, 1 1 1 1 1 2, 0 0 0 0 0 0 0
116, S4 0 O2 1 C4 1 H1 2 H1 2 C4 2 H1 3 H1 3 H1 3, 2 1 1 1 1 1 1 1, 0 0 0 0 0 0 0 0 0
117, C4 0 H1 1 C4 1 H1 2 Cl1 2 Cl1 2, 1 1 1 1 1, 0 0 0 0 0 0
118, C4 0 H1 1 O2 1 H1 2 C4 1 O2 2 O2 2 H1 3, 1 1 1 1 2 1 1, 0 0 0 0 0 0 0 0
119, C4 0 O2 1 H1 2 C4 1 C4 2 H1 3, 1 1 1 3 1, 0 0 0 0 0 0
120, C4 0 H1 1 Cl1 1 C4 1 H1 2 H1 2 H1 2, 1 1 1 1 1 1, 0 0 0 0 0 0 0
121, N3 0 H1 1 C4 1 S2 2 N3 2 H1 3 H1 3, 1 1 2 1 1 1, 0 0 0 0 0 0 0
122, C4 0 O2 1 C4 1 C4 2 H1 3 H1 3 H1 3 C4 2 H1 3 H1 3 H1 3 C4 2 H1 3 H1 3 H1 3, 2 1 1 1 1 1 1 1 1 1 1 1 1 1, 0 0 0 0 0 0 0 0 0 0 0 0 0 0 0
123, C4 0 S6 1 O2 2 O2 2 O2 2 H1 3, 1 2 2 1 1, 0 0 0 0 0 0
124, C4 0 S2 1 C4 2 H1 3 H1 3 H1 3 C4 1 H1 2 H1 2 H1 2, 1 1 1 1 1 1 1 1 1, 0 0 0 0 0 0 0 0 0 0
125, C4 0 C4 1 C4 2 H1 3, 1 3 1, 0 0 0 0
126, C4 0 H1 1 C4 1 H1 2 H1 2 Cl1 2 C4 1 H1 2 H1 2 Cl1 2, 1 1 1 1 1 1 1 1 1, 0 0 0 0 0 0 0 0 0 0
127, C4 0 H1 1 H1 1 C4 1 C4 2 H1 3 H1 3 H1 3 C4 2 H1 3 H1 3 H1 3 C4 2 H1 3 H1 3 H1 3, 1 1 1 1 1 1 1 1 1 1 1 1 1 1 1, 0 0 0 0 0 0 0 0 0 0 0 0 0 0 0 0
128, C4 0 O2 1 H1 2 C4 1 O2 2 O2 2 H1 3, 1 1 1 2 1 1, 0 0 0 0 0 0 0
129, C4 0 O2 1 O2 1 H1 2, 2 1 1, 0 0 0 0
130, O2 0 C4 1 C4 2 H1 3 H1 3 H1 3 C4 2 H1 3 H1 3 H1 3 C4 2 H1 3 H1 3 H1 3, 1 1 1 1 1 1 1 1 1 1 1 1 1, 0 0 0 0 0 0 0 0 0 0 0 0 0 0
131, C4 0 O2 1 H1 2 C4 1 O2 2 C4 2 H1 3 H1 3 H1 3, 1 1 1 2 1 1 1 1, 0 0 0 0 0 0 0 0 0
132, C4 0 H1 1 N3 1 H1 2 H1 2, 1 1 1 1, 0 0 0 0 0
133, C4 0 H1 1 H1 1 N3 1 H1 2 C4 2 H1 3 H1 3 H1 3, 1 1 1 1 1 1 1 1, 0 0 0 0 0 0 0 0 0
134, C4 0 H1 1 H1 1 S2 1 C4 2 H1 3 H1 3 H1 3, 1 1 1 1 1 1 1, 0 0 0 0 0 0 0 0
135, C4 0 H1 1 C4 1 H1 2 H1 2 H1 2 C4 1 H1 2 H1 2 Cl1 2, 1 1 1 1 1 1 1 1 1, 0 0 0 0 0 0 0 0 0 0
136, C4 0 C4 1 H1 2 H1 2 H1 2 C4 1 H1 2 H1 2 H1 2 C4 1 N3 2, 1 1 1 1 1 1 1 1 1 3, 0 0 0 0 0 0 0 0 0 0 0
137, C4 0 H1 1 C4 1 H1 2 O2 2, 1 1 1 2, 0 0 0 0 0
138, C4 0 O2 1 H1 2 C4 1 H1 2 H1 2 H1 2, 1 1 1 1 1 1, 0 0 0 0 0 0 0
139, C4 0 H1 1 C4 1 C4 2 H1 3 H1 3 C4 2 H1 3 H1 3 H1 3, 1 1 2 1 1 1 1 1 1, 0 0 0 0 0 0 0 0 0 0
140, O2 0 N3 1 O2 2 O2 2, 1 1 2, 0 1 -1 0
141, C4 0 C4 1 Cl1 2 Cl1 2 Cl1 2, 1 1 1 1, 0 0 0 0 0
142, C4 0 H1 1 N3 1 C4 2 H1 3 H1 3 H1 3 C4 2 H1 3 H1 3 H1 3, 1 1 1 1 1 1 1 1 1 1, 0 0 0 0 0 0 0 0 0 0 0
143, C4 0 C4 1 H1 2 H1 2 C4 1 O2 2 O2 2 H1 3, 2 1 1 1 2 1 1, 0 0 0 0 0 0 0 0
144, O2 0 C4 1 H1 2 H1 2 H1 2, 1 1 1 1, 0 0 0 0 0
145, C4 0 H1 1 H1 1 C4 1 O2 2 N3 2 H1 3 H1 3, 1 1 1 2 1 1 1, 0 0 0 0 0 0 0 0
146, C4 0 N3 1 H1 2, 2 1, 0 0 0
147, C4 0 H1 1 C4 1 H1 2 H1 2 O2 2 H1 3 C4 1 H1 2 H1 2 C4 2 H1 3 H1 3 H1 3, 1 1 1 1 1 1 1 1 1 1 1 1 1, 0 0 0 0 0 0 0 0 0 0 0 0 0 0
148, S4 0 O2 1, 2, 0 0
149, P5 0 S2 1 C4 1 H1 2 H1 2 C4 2 H1 3 H1 3 H1 3, 2 1 1 1 1 1 1 1, 0 0 0 0 0 0 0 0 0
150, C4 0 Cl1 1 C4 1 Cl1 2 Cl1 2, 1 2 1 1, 0 0 0 0 0
151, C4 0 S6 1 O2 2 O2 2 C4 2 H1 3 H1 3 H1 3, 1 2 2 1 1 1 1, 0 0 0 0 0 0 0 0
152, C4 0 H1 1 C4 1 O2 2 H1 3 C4 2 H1 3 H1 3 H1 3 C4 2 H1 3 H1 3 H1 3, 1 1 1 1 1 1 1 1 1 1 1 1, 0 0 0 0 0 0 0 0 0 0 0 0 0
153, C4 0 C4 1 H1 2 H1 2 H1 2 C4 1 H1 2 H1 2 H1 2 C4 1 H1 2 H1 2 C4 2 H1 3 H1 3 H1 3, 1 1 1 1 1 1 1 1 1 1 1 1 1 1 1, 0 0 0 0 0 0 0 0 0 0 0 0 0 0 0 0
154, C4 0 H1 1 O2 1, 1 2, 0 0 0
155, C4 0 C4 1 H1 2 H1 2 C4 2 H1 3 H1 3 H1 3 C4 1 H1 2 H1 2 C4 2 H1 3 H1 3 H1 3, 1 1 1 1 1 1 1 1 1 1 1 1 1 1, 0 0 0 0 0 0 0 0 0 0 0 0 0 0 0
156, C4 0 H1 1 C4 1 H1 2 H1 2 H1 2 C4 1 C4 2 H1 3, 1 1 1 1 1 1 3 1, 0 0 0 0 0 0 0 0 0
157, N3 0 N3 1 O2 2 C4 1 H1 2 H1 2 H1 2, 1 2 1 1 1 1, 0 0 0 0 0 0 0
158, C4 0 C4 1 H1 2 H1 2 N3 2 H1 3 H1 3, 1 1 1 1 1 1, 0 0 0 0 0 0 0
159, C4 0 O2 1 H1 2 C4 1 H1 2 H1 2 H1 2 C4 1 H1 2 H1 2 C4 2 H1 3 H1 3 H1 3, 1 1 1 1 1 1 1 1 1 1 1 1 1, 0 0 0 0 0 0 0 0 0 0 0 0 0 0
160, C4 0 C4 1 H1 2 Cl1 2, 2 1 1, 0 0 0 0
161, C4 0 H1 1 H1 1 O2 1 H1 2, 1 1 1 1, 0 0 0 0 0
162, C4 0 N3 1 O2 2, 1 2, 0 0 0
163, C4 0 S4 1 O2 2 C4 2 H1 3 H1 3 H1 3, 1 2 1 1 1 1, 0 0 0 0 0 0 0
164, O2 0 C4 1 H1 2 C4 2 H1 3 H1 3, 1 1 2 1 1, 0 0 0 0 0 0
165, C4 0 H1 1 H1 1 C4 1 H1 2 H1 2 O2 2 H1 3 C4 1 H1 2 H1 2 C4 2 H1 3 H1 3 H1 3, 1 1 1 1 1 1 1 1 1 1 1 1 1 1, 0 0 0 0 0 0 0 0 0 0 0 0 0 0 0
166, O2 0 C4 1 H1 2 C4 2 H1 3 H1 3 C4 1 H1 2 C4 2 H1 3 H1 3, 1 1 2 1 1 1 1 2 1 1, 0 0 0 0 0 0 0 0 0 0 0
167, C4 0 H1 1 H1 1 C4 1 C4 2 H1 3 H1 3 C4 2 H1 3 H1 3 H1 3, 1 1 1 2 1 1 1 1 1 1, 0 0 0 0 0 0 0 0 0 0 0
168, C4 0 H1 1 H1 1 C4 1 H1 2 H1 2 C4 2 H1 3 H1 3 H1 3 C4 1 O2 2 O2 2 H1 3, 1 1 1 1 1 1 1 1 1 1 2 1 1, 0 0 0 0 0 0 0 0 0 0 0 0 0 0
169, C4 0 H1 1 H1 1 C4 1 H1 2 H1 2 C4 2 H1 3 H1 3 H1 3 C4 1 H1 2 C4 2 H1 3 H1 3 H1 3 C4 2 H1 3 H1 3 H1 3, 1 1 1 1 1 1 1 1 1 1 1 1 1 1 1 1 1 1 1, 0 0 0 0 0 0 0 0 0 0 0 0 0 0 0 0 0 0 0 0
170, P5 0 O2 1 C4 1 H1 2 H1 2 H1 2, 2 1 1 1 1, 0 0 0 0 0 0
171, C4 0 H1 1 H1 1 C4 1 H1 2 H1 2 C4 2 H1 3 H1 3 H1 3 C4 1 H1 2 C4 2 H1 3 H1 3, 1 1 1 1 1 1 1 1 1 1 1 2 1 1, 0 0 0 0 0 0 0 0 0 0 0 0 0 0 0
172, C4 0 O2 1 O2 1 C4 2 H1 3 H1 3 H1 3 C4 1 C4 2 H1 3 H1 3 C4 2 H1 3 H1 3 H1 3, 2 1 1 1 1 1 1 2 1 1 1 1 1 1, 0 0 0 0 0 0 0 0 0 0 0 0 0 0 0
173, C4 0 H1 1 O2 1 H1 2 C4 1 H1 2 H1 2 C4 2 H1 3 H1 3 H1 3 C4 1 C4 2 H1 3 H1 3 H1 3 C4 2 H1 3 H1 3 H1 3 C4 2 H1 3 H1 3 H1 3, 1 1 1 1 1 1 1 1 1 1 1 1 1 1 1 1 1 1 1 1 1 1 1, 0 0 0 0 0 0 0 0 0 0 0 0 0 0 0 0 0 0 0 0 0 0 0 0
174, C4 0 H1 1 O2 1 C4 2 H1 3 H1 3 H1 3, 1 1 1 1 1 1, 0 0 0 0 0 0 0
175, C4 0 H1 1 C4 1 H1 2 H1 2 H1 2 C4 1 C4 2 H1 3 H1 3 H1 3 C4 2 H1 3 H1 3 H1 3 C4 2 H1 3 H1 3 H1 3, 1 1 1 1 1 1 1 1 1 1 1 1 1 1 1 1 1 1, 0 0 0 0 0 0 0 0 0 0 0 0 0 0 0 0 0 0 0
176, C4 0 H1 1 C4 1 H1 2 H1 2 C4 2 H1 3 H1 3 H1 3 C4 1 H1 2 H1 2 C4 2 H1 3 H1 3 H1 3, 1 1 1 1 1 1 1 1 1 1 1 1 1 1 1, 0 0 0 0 0 0 0 0 0 0 0 0 0 0 0 0
177, C4 0 O2 1 O2 1 C4 2 H1 3 H1 3 H1 3 C4 1 H1 2 C4 2 H1 3 H1 3, 2 1 1 1 1 1 1 1 2 1 1, 0 0 0 0 0 0 0 0 0 0 0 0
178, C4 0 H1 1 C4 1 H1 2 H1 2 H1 2 C4 1 H1 2 H1 2 C4 2 H1 3 H1 3 H1 3 C4 1 H1 2 O2 2 H1 3 C4 2 H1 3 H1 3 H1 3, 1 1 1 1 1 1 1 1 1 1 1 1 1 1 1 1 1 1 1 1, 0 0 0 0 0 0 0 0 0 0 0 0 0 0 0 0 0 0 0 0 0
179, C4 0 H1 1 H1 1 N3 1 C4 2 H1 3 H1 3 H1 3 C4 2 H1 3 H1 3 H1 3 C4 2 H1 3 H1 3 H1 3 C4 1 H1 2 H1 2 Cl1 2, 1 1 1 1 1 1 1 1 1 1 1 1 1 1 1 1 1 1 1, 0 0 0 1 0 0 0 0 0 0 0 0 0 0 0 0 0 0 0 0
180, C4 0 H1 1 H1 1 C4 1 Cl1 2 Cl1 2 Cl1 2, 1 1 1 1 1 1, 0 0 0 0 0 0 0
181, C4 0 O2 1 C4 1 H1 2 H1 2 C4 2 H1 3 H1 3 H1 3 C4 1 H1 2 H1 2 C4 2 H1 3 H1 3 H1 3, 2 1 1 1 1 1 1 1 1 1 1 1 1 1 1, 0 0 0 0 0 0 0 0 0 0 0 0 0 0 0 0
182, S2 0 C4 1 Cl1 2 Cl1 2 Cl1 2, 1 1 1 1, 0 0 0 0 0
183, N3 0 H1 1 N3 1 C4 2 H1 3 H1 3 H1 3 C4 2 H1 3 H1 3 H1 3, 1 1 1 1 1 1 1 1 1 1, 0 0 0 0 0 0 0 0 0 0 0
184, C4 0 O2 1 O2 1 C4 2 H1 3 H1 3 H1 3 C4 1 H1 2 H1 2 C4 2 H1 3 H1 3 H1 3, 2 1 1 1 1 1 1 1 1 1 1 1 1, 0 0 0 0 0 0 0 0 0 0 0 0 0 0
185, C4 0 H1 1 C4 1 H1 2 H1 2 H1 2 C4 1 H1 2 H1 2 C4 2 H1 3 H1 3 H1 3 C4 1 C4 2 H1 3 H1 3 H1 3 C4 2 H1 3 H1 3 H1 3 C4 2 H1 3 H1 3 H1 3, 1 1 1 1 1 1 1 1 1 1 1 1 1 1 1 1 1 1 1 1 1 1 1 1 1, 0 0 0 0 0 0 0 0 0 0 0 0 0 0 0 0 0 0 0 0 0 0 0 0 0 0
186, C4 0 H1 1 H1 1 C4 1 H1 2 C4 2 H1 3 H1 3 C4 1 H1 2 C4 2 H1 3 H1 3, 1 1 1 1 2 1 1 1 1 2 1 1, 0 0 0 0 0 0 0 0 0 0 0 0 0
187, S6 0 O2 1 O2 1 C4 1 H1 2 H1 2 C4 2 H1 3 H1 3 H1 3 C4 1 H1 2 H1 2 C4 2 H1 3 H1 3 H1 3, 2 2 1 1 1 1 1 1 1 1 1 1 1 1 1 1, 0 0 0 0 0 0 0 0 0 0 0 0 0 0 0 0 0
188, C4 0 O2 1 H1 2 C4 1 H1 2 H1 2 C4 2 H1 3 H1 3 H1 3 C4 1 H1 2 H1 2 C4 2 H1 3 H1 3 H1 3 C4 1 H1 2 H1 2 C4 2 H1 3 H1 3 H1 3, 1 1 1 1 1 1 1 1 1 1 1 1 1 1 1 1 1 1 1 1 1 1 1, 0 0 0 0 0 0 0 0 0 0 0 0 0 0 0 0 0 0 0 0 0 0 0 0
189, C4 0 N3 1 C4 2 H1 3 H1 3 H1 3, 2 1 1 1 1, 0 0 0 0 0 0
190, C4 0 H1 1 H1 1 C4 1 F1 2 F1 2 F1 2, 1 1 1 1 1 1, 0 0 0 0 0 0 0
191, C4 0 O2 1 N3 1 H1 2 N3 2 H1 3 H1 3, 2 1 1 1 1 1, 0 0 0 0 0 0 0
192, C4 0 H1 1 H1 1 C4 1 H1 2 C4 2 H1 3 H1 3 H1 3 C4 2 H1 3 H1 3 H1 3 C4 1 C4 2 H1 3 H1 3 H1 3 C4 2 H1 3 H1 3 H1 3 C4 2 H1 3 H1 3 H1 3, 1 1 1 1 1 1 1 1 1 1 1 1 1 1 1 1 1 1 1 1 1 1 1 1 1, 0 0 0 0 0 0 0 0 0 0 0 0 0 0 0 0 0 0 0 0 0 0 0 0 0 0
193, S4 0 O2 1 C4 1 C4 2 H1 3 H1 3 H1 3 C4 2 H1 3 H1 3 H1 3 C4 2 H1 3 H1 3 H1 3, 2 1 1 1 1 1 1 1 1 1 1 1 1 1, 0 0 0 0 0 0 0 0 0 0 0 0 0 0 0
194, C4 0 H1 1 N3 1 H1 2 H1 2 C4 1 H1 2 H1 2 C4 2 H1 3 H1 3 H1 3, 1 1 1 1 1 1 1 1 1 1 1, 0 0 0 0 0 0 0 0 0 0 0 0
195, C4 0 H1 1 C4 1 H1 2 H1 2 C4 2 H1 3 H1 3 H1 3 C4 1 H1 2 H1 2 C4 2 H1 3 H1 3 H1 3 C4 1 O2 2 O2 2 H1 3, 1 1 1 1 1 1 1 1 1 1 1 1 1 1 1 1 2 1 1, 0 0 0 0 0 0 0 0 0 0 0 0 0 0 0 0 0 0 0 0
196, C4 0 H1 1 H1 1 N3 1 O2 2, 1 1 1 2, 0 0 0 0 0
197, C4 0 H1 1 H1 1 C4 1 H1 2 H1 2 C4 2 H1 3 H1 3 H1 3 C4 1 H1 2 O2 2 H1 3 C4 2 H1 3 H1 3 H1 3, 1 1 1 1 1 1 1 1 1 1 1 1 1 1 1 1 1, 0 0 0 0 0 0 0 0 0 0 0 0 0 0 0 0 0 0
198, C4 0 S2 1 H1 2, 1 1, 0 0 0
199, C4 0 H1 1 C4 1 H1 2 O2 2 C4 1 H1 2 C4 2 H1 3 H1 3 H1 3, 1 1 1 2 2 1 1 1 1 1, 0 0 0 0 0 0 0 0 0 0 0
200, C4 0 H1 1 C4 1 H1 2 H1 2 H1 2 C4 1 H1 2 H1 2 O2 2 H1 3 C4 1 H1 2 H1 2 C4 2 H1 3 H1 3 H1 3, 1 1 1 1 1 1 1 1 1 1 1 1 1 1 1 1 1, 0 0 0 0 0 0 0 0 0 0 0 0 0 0 0 0 0 0
201, N3 0 C4 1 H1 2 H1 2 H1 2 C4 1 H1 2 H1 2 H1 2, 1 1 1 1 1 1 1 1, 0 0 0 0 0 0 0 0 0
202, C4 0 H1 1 H1 1 C4 1 H1 2 C4 2 H1 3 H1 3 C4 1 H1 2 C4 2 H1 3 H1 3 H1 3 C4 2 H1 3 H1 3 H1 3, 1 1 1 1 2 1 1 1 1 1 1 1 1 1 1 1 1, 0 0 0 0 0 0 0 0 0 0 0 0 0 0 0 0 0 0
203, O2 0 C4 1 H1 2 H1 2 C4 2 H1 3 H1 3 H1 3 C4 1 H1 2 C4 2 H1 3 H1 3 H1 3 C4 2 H1 3 H1 3 H1 3, 1 1 1 1 1 1 1 1 1 1 1 1 1 1 1 1 1, 0 0 0 0 0 0 0 0 0 0 0 0 0 0 0 0 0 0
204, P5 0 O2 1 O2 1 C4 2 H1 3 H1 3 H1 3 N3 1 H1 2 C4 2 H1 3 H1 3 H1 3, 2 1 1 1 1 1 1 1 1 1 1 1, 0 0 0 0 0 0 0 0 0 0 0 0 0
205, C4 0 H1 1 H1 1 N3 1 H1 2 H1 2, 1 1 1 1 1, 0 0 0 0 0 0
206, N3 0 H1 1 C4 1 N3 2, 1 1 3, 0 0 0 0
207, C4 0 H1 1 H1 1 C4 1 H1 2 H1 2 C4 2 H1 3 H1 3 H1 3 C4 1 O2 2 C4 2 H1 3 H1 3 H1 3, 1 1 1 1 1 1 1 1 1 1 2 1 1 1 1, 0 0 0 0 0 0 0 0 0 0 0 0 0 0 0 0
208, N3 0 N3 1 H1 2 H1 2, 1 1 1, 0 0 0 0
209, C4 0 H1 1 C4 1 H1 2 H1 2 H1 2 C4 1 H1 2 H1 2 C4 2 H1 3 H1 3 H1 3 C4 1 H1 2 H1 2 C4 2 H1 3 H1 3 H1 3, 1 1 1 1 1 1 1 1 1 1 1 1 1 1 1 1 1 1 1, 0 0 0 0 0 0 0 0 0 0 0 0 0 0 0 0 0 0 0 0
210, C4 0 H1 1 Br1 1 C4 1 Cl1 2 Cl1 2 Br1 2, 1 1 1 1 1 1, 0 0 0 0 0 0 0
211, C4 0 H1 1 H1 1 Br1 1, 1 1 1, 0 0 0 0
212, C4 0 O2 1 C4 1 H1 2 C4 2 H1 3 H1 3 H1 3 C4 2 H1 3 H1 3 H1 3, 2 1 1 1 1 1 1 1 1 1 1, 0 0 0 0 0 0 0 0 0 0 0 0
213, C4 0 H1 1 C4 1 H1 2 H1 2 C4 2 H1 3 H1 3 H1 3 C4 1 O2 2 O2 2 H1 3 C4 1 O2 2 O2 2 H1 3, 1 1 1 1 1 1 1 1 1 2 1 1 1 2 1 1, 0 0 0 0 0 0 0 0 0 0 0 0 0 0 0 0 0
214, C4 0 H1 1 H1 1 C4 1 O2 2 C4 2 H1 3 H1 3 H1 3 C4 1 O2 2 C4 2 H1 3 H1 3 H1 3, 1 1 1 2 1 1 1 1 1 2 1 1 1 1, 0 0 0 0 0 0 0 0 0 0 0 0 0 0 0
215, C4 0 H1 1 N3 1 C4 2 H1 3 H1 3 H1 3 C4 2 H1 3 H1 3 H1 3 C4 1 H1 2 H1 2 H1 2, 1 1 1 1 1 1 1 1 1 1 1 1 1 1, 0 0 0 0 0 0 0 0 0 0 0 0 0 0 0
216, C4 0 O2 1 H1 2 C4 1 Cl1 2 Cl1 2 Cl1 2, 1 1 1 1 1 1, 0 0 0 0 0 0 0
217, S2 0 C4 1 H1 2 C4 2 H1 3 H1 3 H1 3 C4 2 H1 3 H1 3 H1 3, 1 1 1 1 1 1 1 1 1 1, 0 0 0 0 0 0 0 0 0 0 0
218, C4 0 H1 1 N3 1 H1 2 C4 2 H1 3 H1 3 H1 3 C4 1 H1 2 H1 2 H1 2, 1 1 1 1 1 1 1 1 1 1 1, 0 0 0 0 0 0 0 0 0 0 0 0
219, C4 0 H1 1 N3 1 H1 2 H1 2 C4 1 O2 2 O2 2 H1 3 C4 1 S2 2 H1 3 C4 2 H1 3 H1 3 H1 3 C4 2 H1 3 H1 3 H1 3, 1 1 1 1 1 2 1 1 1 1 1 1 1 1 1 1 1 1 1, 0 0 0 0 0 0 0 0 0 0 0 0 0 0 0 0 0 0 0 0
220, C4 0 C4 1 C4 2 H1 3 H1 3 C4 2 H1 3 H1 3 H1 3, 1 2 1 1 1 1 1 1, 0 0 0 0 0 0 0 0 0
221, C4 0 Br1 1 C4 1 H1 2 H1 2 C4 2 H1 3 H1 3 H1 3 C4 1 H1 2 H1 2 C4 2 H1 3 H1 3 H1 3, 1 1 1 1 1 1 1 1 1 1 1 1 1 1 1, 0 0 0 0 0 0 0 0 0 0 0 0 0 0 0 0
222, C4 0 C4 1 H1 2 H1 2 O2 2 H1 3 C4 1 H1 2 H1 2 O2 2 H1 3 C4 1 H1 2 H1 2 O2 2 H1 3 C4 1 H1 2 H1 2 O2 2 H1 3, 1 1 1 1 1 1 1 1 1 1 1 1 1 1 1 1 1 1 1 1, 0 0 0 0 0 0 0 0 0 0 0 0 0 0 0 0 0 0 0 0 0
223, C4 0 H1 1 C4 1 H1 2 H1 2 H1 2 C4 1 H1 2 H1 2 C4 2 H1 3 H1 3 H1 3 C4 1 O2 2 C4 2 H1 3 H1 3 H1 3, 1 1 1 1 1 1 1 1 1 1 1 1 1 2 1 1 1 1, 0 0 0 0 0 0 0 0 0 0 0 0 0 0 0 0 0 0 0
224, C4 0 C4 1 H1 2 N3 2 H1 3 H1 3 C4 2 H1 3 H1 3 H1 3, 1 1 1 1 1 1 1 1 1, 0 0 0 0 0 0 0 0 0 0
225, C4 0 H1 1 C4 1 H1 2 H1 2 H1 2 C4 1 O2 2 O2 2 H1 3 C4 1 O2 2 O2 2 H1 3, 1 1 1 1 1 1 2 1 1 1 2 1 1, 0 0 0 0 0 0 0 0 0 0 0 0 0 0
226, C4 0 H1 1 C4 1 H1 2 C4 2 H1 3 H1 3 H1 3 C4 1 N3 2, 1 2 1 1 1 1 1 1 3, 0 0 0 0 0 0 0 0 0 0
227, O2 0 C4 1 O2 2 C4 2 H1 3 H1 3 H1 3 C4 1 O2 2 C4 2 H1 3 H1 3 H1 3, 1 2 1 1 1 1 1 2 1 1 1 1, 0 0 0 0 0 0 0 0 0 0 0 0 0
228, C4 0 H1 1 H1 1 C4 1 H1 2 O2 2 H1 3 C4 2 H1 3 H1 3 H1 3 C4 1 H1 2 C4 2 H1 3 H1 3 H1 3 C4 2 H1 3 H1 3 H1 3, 1 1 1 1 1 1 1 1 1 1 1 1 1 1 1 1 1 1 1 1, 0 0 0 0 0 0 0 0 0 0 0 0 0 0 0 0 0 0 0 0 0
229, C4 0 C4 1 H1 2 H1 2 C4 2 H1 3 H1 3 H1 3 C4 1 H1 2 C4 2 H1 3 H1 3 H1 3 C4 2 H1 3 H1 3 H1 3, 1 1 1 1 1 1 1 1 1 1 1 1 1 1 1 1 1, 0 0 0 0 0 0 0 0 0 0 0 0 0 0 0 0 0 0
230, O2 0 S6 1 O2 2 O2 2 O2 2 H1 3, 1 2 2 1 1, 0 0 0 0 0 0
231, C4 0 O2 1 C4 1 H1 2 O2 2 H1 3 C4 2 H1 3 H1 3 H1 3, 2 1 1 1 1 1 1 1 1, 0 0 0 0 0 0 0 0 0 0
232, S6 0 O2 1 O2 1 C4 1 C4 2 H1 3 H1 3 H1 3 C4 2 H1 3 H1 3 H1 3 C4 2 H1 3 H1 3 H1 3, 2 2 1 1 1 1 1 1 1 1 1 1 1 1 1, 0 0 0 0 0 0 0 0 0 0 0 0 0 0 0 0
233, C4 0 N3 1 H1 2 H1 2 C4 1 O2 2 O2 2 H1 3, 1 1 1 1 2 1 1, 0 0 0 0 0 0 0 0
234, C4 0 H1 1 H1 1 C4 1 H1 2 N3 2 H1 3 H1 3 C4 2 H1 3 H1 3 H1 3 C4 1 O2 2 O2 2 H1 3, 1 1 1 1 1 1 1 1 1 1 1 1 2 1 1, 0 0 0 0 0 0 0 0 0 0 0 0 0 0 0 0
235, C4 0 H1 1 H1 1 C4 1 H1 2 H1 2 C4 2 H1 3 H1 3 H1 3 C4 1 H1 2 Cl1 2 C4 2 H1 3 H1 3 H1 3, 1 1 1 1 1 1 1 1 1 1 1 1 1 1 1 1, 0 0 0 0 0 0 0 0 0 0 0 0 0 0 0 0 0
236, C4 0 H1 1 H1 1 C4 1 H1 2 H1 2 C4 2 H1 3 H1 3 H1 3 C4 1 O2 2 H1 3 C4 2 H1 3 H1 3 H1 3 C4 2 H1 3 H1 3 H1 3, 1 1 1 1 1 1 1 1 1 1 1 1 1 1 1 1 1 1 1 1, 0 0 0 0 0 0 0 0 0 0 0 0 0 0 0 0 0 0 0 0 0
237, C4 0 N3 1 H1 2 H1 2 C4 1 H1 2 H1 2 H1 2 C4 1 H1 2 H1 2 H1 2 C4 1 H1 2 H1 2 H1 2, 1 1 1 1 1 1 1 1 1 1 1 1 1 1 1, 0 0 0 0 0 0 0 0 0 0 0 0 0 0 0 0
238, C4 0 S2 1 C4 2 H1 3 H1 3 H1 3 C4 1 H1 2 H1 2 H1 2 C4 1 H1 2 H1 2 H1 2, 1 1 1 1 1 1 1 1 1 1 1 1 1, 0 0 0 0 0 0 0 0 0 0 0 0 0 0
239, C4 0 H1 1 H1 1 C4 1 H1 2 H1 2 C4 2 H1 3 H1 3 H1 3 C4 1 H1 2 Cl1 2 Cl1 2, 1 1 1 1 1 1 1 1 1 1 1 1 1, 0 0 0 0 0 0 0 0 0 0 0 0 0 0
240, C4 0 H1 1 Cl1 1 C4 1 H1 2 H1 2 C4 2 H1 3 H1 3 H1 3 C4 1 H1 2 H1 2 C4 2 H1 3 H1 3 H1 3, 1 1 1 1 1 1 1 1 1 1 1 1 1 1 1 1, 0 0 0 0 0 0 0 0 0 0 0 0 0 0 0 0 0
241, C4 0 C4 1 Cl1 2 Cl1 2, 2 1 1, 0 0 0 0
242, C4 0 O2 1 C4 1 H1 2 C4 2 H1 3 H1 3 H1 3 C4 2 H1 3 H1 3 H1 3 C4 1 H1 2 C4 2 H1 3 H1 3 H1 3 C4 2 H1 3 H1 3 H1 3, 2 1 1 1 1 1 1 1 1 1 1 1 1 1 1 1 1 1 1 1 1, 0 0 0 0 0 0 0 0 0 0 0 0 0 0 0 0 0 0 0 0 0 0
243, N3 0 H1 1 C4 1 H1 2 H1 2 C4 2 H1 3 H1 3 H1 3 C4 1 H1 2 H1 2 C4 2 H1 3 H1 3 H1 3, 1 1 1 1 1 1 1 1 1 1 1 1 1 1 1, 0 0 0 0 0 0 0 0 0 0 0 0 0 0 0 0
244, C4 0 H1 1 H1 1 C4 1 H1 2 H1 2 C4 2 H1 3 H1 3 H1 3 C4 1 C4 2 H1 3 H1 3 H1 3 C4 2 H1 3 H1 3 H1 3 C4 2 H1 3 H1 3 H1 3, 1 1 1 1 1 1 1 1 1 1 1 1 1 1 1 1 1 1 1 1 1 1, 0 0 0 0 0 0 0 0 0 0 0 0 0 0 0 0 0 0 0 0 0 0 0
245, O2 0 C4 1 H1 2 F1 2 F1 2, 1 1 1 1, 0 0 0 0 0
246, C4 0 N3 1 C4 2 H1 3 H1 3 H1 3 C4 2 H1 3 H1 3 H1 3, 2 1 1 1 1 1 1 1 1, 0 1 0 0 0 0 0 0 0 0
247, O2 0 C4 1 H1 2 C4 2 H1 3 H1 3 C4 1 O2 2 C4 2 H1 3 H1 3 H1 3, 1 1 2 1 1 1 2 1 1 1 1, 0 0 0 0 0 0 0 0 0 0 0 0
248, O2 0 C4 1 O2 2 C4 2 H1 3 H1 3 H1 3 C4 1 C4 2 H1 3 H1 3 H1 3 C4 2 H1 3 H1 3 H1 3 C4 2 H1 3 H1 3 H1 3, 1 2 1 1 1 1 1 1 1 1 1 1 1 1 1 1 1 1 1, 0 0 0 0 0 0 0 0 0 0 0 0 0 0 0 0 0 0 0 0
249, C4 0 H1 1 H1 1 C4 1 H1 2 C4 2 H1 3 H1 3 H1 3 C4 2 H1 3 H1 3 H1 3 C4 1 H1 2 C4 2 H1 3 H1 3 H1 3 C4 2 H1 3 H1 3 H1 3, 1 1 1 1 1 1 1 1 1 1 1 1 1 1 1 1 1 1 1 1 1 1, 0 0 0 0 0 0 0 0 0 0 0 0 0 0 0 0 0 0 0 0 0 0 0
250, S2 0 C4 1 O2 2 C4 2 H1 3 H1 3 H1 3, 1 2 1 1 1 1, 0 0 0 0 0 0 0
251, P5 0 O2 1 O2 1 C4 2 H1 3 H1 3 H1 3, 2 1 1 1 1 1, 0 0 0 0 0 0 0
252, N3 0 H1 1 C4 1 H1 2 C4 2 H1 3 H1 3 H1 3 C4 2 H1 3 H1 3 H1 3 C4 1 H1 2 C4 2 H1 3 H1 3 H1 3 C4 2 H1 3 H1 3 H1 3, 1 1 1 1 1 1 1 1 1 1 1 1 1 1 1 1 1 1 1 1 1, 0 0 0 0 0 0 0 0 0 0 0 0 0 0 0 0 0 0 0 0 0 0
253, C4 0 H1 1 H1 1 C4 1 H1 2 C4 2 H1 3 H1 3 H1 3 C4 2 H1 3 H1 3 H1 3 C4 1 O2 2 C4 2 H1 3 H1 3 H1 3, 1 1 1 1 1 1 1 1 1 1 1 1 1 2 1 1 1 1, 0 0 0 0 0 0 0 0 0 0 0 0 0 0 0 0 0 0 0
254, O2 0 C4 1 H1 2 H1 2 C4 2 H1 3 H1 3 H1 3 C4 1 H1 2 H1 2 C4 2 H1 3 H1 3 H1 3, 1 1 1 1 1 1 1 1 1 1 1 1 1 1, 0 0 0 0 0 0 0 0 0 0 0 0 0 0 0
255, C4 0 H1 1 C4 1 O2 2 C4 2 H1 3 H1 3 H1 3 C4 1 C4 2 H1 3 H1 3 H1 3 C4 2 H1 3 H1 3 H1 3, 1 1 2 1 1 1 1 2 1 1 1 1 1 1 1 1, 0 0 0 0 0 0 0 0 0 0 0 0 0 0 0 0 0
256, C4 0 H1 1 H1 1 C4 1 H1 2 H1 2 Br1 2 C4 1 H1 2 C4 2 H1 3 H1 3 H1 3 C4 2 H1 3 H1 3 H1 3, 1 1 1 1 1 1 1 1 1 1 1 1 1 1 1 1, 0 0 0 0 0 0 0 0 0 0 0 0 0 0 0 0 0
257, O2 0 C4 1 H1 2 O2 2 C4 1 H1 2 C4 2 H1 3 H1 3 H1 3 C4 2 H1 3 H1 3 H1 3, 1 1 2 1 1 1 1 1 1 1 1 1 1, 0 0 0 0 0 0 0 0 0 0 0 0 0 0
258, C4 0 H1 1 O2 1 C4 2 H1 3 H1 3 H1 3 C4 1 H1 2 H1 2 Cl1 2, 1 1 1 1 1 1 1 1 1 1, 0 0 0 0 0 0 0 0 0 0 0
259, N3 0 H1 1 C4 1 H1 2 O2 2, 1 1 1 2, 0 0 0 0 0
260, C4 0 H1 1 H1 1 C4 1 H1 2 H1 2 O2 2 H1 3 C4 1 C4 2 H1 3 H1 3 H1 3 C4 2 H1 3 H1 3 H1 3 C4 2 H1 3 H1 3 H1 3, 1 1 1 1 1 1 1 1 1 1 1 1 1 1 1 1 1 1 1 1, 0 0 0 0 0 0 0 0 0 0 0 0 0 0 0 0 0 0 0 0 0
261, C4 0 H1 1 C4 1 H1 2 H1 2 Cl1 2 C4 1 H1 2 C4 2 H1 3 H1 3 H1 3, 1 1 1 1 1 2 1 1 1 1 1, 0 0 0 0 0 0 0 0 0 0 0 0
262, N3 0 N3 1 O2 2 C4 1 H1 2 H1 2 C4 2 H1 3 H1 3 H1 3, 1 2 1 1 1 1 1 1 1, 0 0 0 0 0 0 0 0 0 0
263, N3 0 C4 1 N3 2 H1 3 H1 3 N3 2 H1 3 H1 3, 2 1 1 1 1 1 1, 0 0 0 0 0 0 0 0
264, N3 0 C4 1 H1 2 H1 2 H1 2 C4 1 O2 2 C4 2 H1 3 H1 3 H1 3, 1 1 1 1 1 2 1 1 1 1, 0 0 0 0 0 0 0 0 0 0 0
265, P5 0 O2 1 N3 1 C4 2 H1 3 H1 3 H1 3 C4 2 H1 3 H1 3 H1 3 N3 1 C4 2 H1 3 H1 3 H1 3 C4 2 H1 3 H1 3 H1 3 N3 1 C4 2 H1 3 H1 3 H1 3 C4 2 H1 3 H1 3 H1 3, 2 1 1 1 1 1 1 1 1 1 1 1 1 1 1 1 1 1 1 1 1 1 1 1 1 1 1 1, 0 0 0 0 0 0 0 0 0 0 0 0 0 0 0 0 0 0 0 0 0 0 0 0 0 0 0 0 0
266, O2 0 C4 1 H1 2 H1 2 C4 2 H1 3 H1 3 H1 3 C4 1 O2 2 C4 2 H1 3 H1 3 H1 3, 1 1 1 1 1 1 1 1 2 1 1 1 1, 0 0 0 0 0 0 0 0 0 0 0 0 0 0
267, P5 0 O2 1 O2 1 C4 2 H1 3 H1 3 H1 3 S2 1 C4 2 H1 3 H1 3 H1 3, 2 1 1 1 1 1 1 1 1 1 1, 0 0 0 0 0 0 0 0 0 0 0 0
268, S2 0 C4 1 C4 2 H1 3 H1 3 H1 3 C4 2 H1 3 H1 3 H1 3 C4 2 H1 3 H1 3 H1 3, 1 1 1 1 1 1 1 1 1 1 1 1 1, 0 0 0 0 0 0 0 0 0 0 0 0 0 0
269, C4 0 H1 1 O2 1 H1 2 C4 1 H1 2 H1 2 C4 2 H1 3 H1 3 H1 3 C4 1 H1 2 C4 2 H1 3 H1 3, 1 1 1 1 1 1 1 1 1 1 1 1 2 1 1, 0 0 0 0 0 0 0 0 0 0 0 0 0 0 0 0
270, C4 0 H1 1 H1 1 C4 1 H1 2 H1 2 C4 2 H1 3 H1 3 H1 3 C4 1 C4 2 H1 3, 1 1 1 1 1 1 1 1 1 1 3 1, 0 0 0 0 0 0 0 0 0 0 0 0 0
271, C4 0 H1 1 C4 1 H1 2 H1 2 H1 2 C4 1 H1 2 H1 2 C4 2 H1 3 H1 3 H1 3 C4 1 H1 2 C4 2 H1 3 H1 3 H1 3 C4 2 H1 3 H1 3 H1 3, 1 1 1 1 1 1 1 1 1 1 1 1 1 1 1 1 1 1 1 1 1 1, 0 0 0 0 0 0 0 0 0 0 0 0 0 0 0 0 0 0 0 0 0 0 0
272, C4 0 H1 1 C4 1 H1 2 H1 2 O2 2 H1 3 C4 1 H1 2 H1 2 C4 2 H1 3 H1 3 H1 3 C4 1 H1 2 H1 2 C4 2 H1 3 H1 3 H1 3, 1 1 1 1 1 1 1 1 1 1 1 1 1 1 1 1 1 1 1 1, 0 0 0 0 0 0 0 0 0 0 0 0 0 0 0 0 0 0 0 0 0
273, C4 0 H1 1 C4 1 H1 2 H1 2 H1 2 C4 1 H1 2 H1 2 O2 2 H1 3, 1 1 1 1 1 1 1 1 1 1, 0 0 0 0 0 0 0 0 0 0 0
274, C4 0 N3 1 H1 2 N3 2 H1 3 H1 3, 1 1 1 1 1, 0 0 0 0 0 0
275, S6 0 O2 1 O2 1 C4 1 F1 2 F1 2 F1 2, 2 2 1 1 1 1, 0 0 0 0 0 0 0
276, N3 0 O2 1 H1 2, 1 1, 0 0 0
277, C4 0 C4 1 S2 2 N3 2 H1 3 H1 3, 1 2 1 1 1, 0 0 0 0 0 0
278, C4 0 O2 1 C4 2 H1 3 H1 3 H1 3 C4 1 H1 2 H1 2 H1 2 C4 1 H1 2 H1 2 H1 2, 1 1 1 1 1 1 1 1 1 1 1 1 1, 0 0 0 0 0 0 0 0 0 0 0 0 0 0
279, C4 0 H1 1 N3 1 H1 2 H1 2 C4 1 H1 2 O2 2 H1 3 C4 2 H1 3 H1 3 H1 3 C4 1 O2 2 O2 2 H1 3, 1 1 1 1 1 1 1 1 1 1 1 1 1 2 1 1, 0 0 0 0 0 0 0 0 0 0 0 0 0 0 0 0 0
280, C4 0 H1 1 H1 1 N3 1 O2 2 O2 2, 1 1 1 1 2, 0 0 0 1 -1 0
281, C4 0 C4 1 H1 2 H1 2 H1 2 C4 1 H1 2 H1 2 H1 2 C4 1 H1 2 H1 2 O2 2 H1 3 C4 1 H1 2 H1 2 C4 2 H1 3 H1 3 H1 3, 1 1 1 1 1 1 1 1 1 1 1 1 1 1 1 1 1 1 1 1, 0 0 0 0 0 0 0 0 0 0 0 0 0 0 0 0 0 0 0 0 0
282, C4 0 H1 1 H1 1 C4 1 H1 2 C4 2 H1 3 H1 3 H1 3 C4 2 H1 3 H1 3 H1 3 C4 1 O2 2 O2 2 H1 3, 1 1 1 1 1 1 1 1 1 1 1 1 1 2 1 1, 0 0 0 0 0 0 0 0 0 0 0 0 0 0 0 0 0
283, C4 0 H1 1 C4 1 H1 2 H1 2 C4 2 H1 3 H1 3 H1 3 C4 1 O2 2 O2 2 H1 3, 1 1 1 1 1 1 1 1 1 2 1 1, 0 0 0 0 0 0 0 0 0 0 0 0 0
284, C4 0 N3 1 O2 2 O2 2 C4 1 H1 2 H1 2 O2 2 H1 3 C4 1 H1 2 H1 2 O2 2 H1 3 C4 1 H1 2 H1 2 O2 2 H1 3, 1 1 2 1 1 1 1 1 1 1 1 1 1 1 1 1 1 1, 0 1 -1 0 0 0 0 0 0 0 0 0 0 0 0 0 0 0 0
285, C4 0 H1 1 H1 1 C4 1 H1 2 H1 2 C4 2 H1 3 H1 3 H1 3 C4 1 C4 2 H1 3 H1 3 C4 2 H1 3 H1 3 H1 3, 1 1 1 1 1 1 1 1 1 1 2 1 1 1 1 1 1, 0 0 0 0 0 0 0 0 0 0 0 0 0 0 0 0 0 0
286, C4 0 C4 1 H1 2 H1 2 H1 2 C4 1 H1 2 H1 2 H1 2 S6 1 O2 2 O2 2 C4 2 H1 3 H1 3 H1 3, 1 1 1 1 1 1 1 1 1 2 2 1 1 1 1, 0 0 0 0 0 0 0 0 0 0 0 0 0 0 0 0
287, C4 0 H1 1 C4 1 H1 2 C4 2 H1 3 H1 3, 1 1 1 2 1 1, 0 0 0 0 0 0 0
288, C4 0 C4 1 H1 2 H1 2 H1 2 C4 1 H1 2 H1 2 H1 2 C4 1 H1 2 H1 2 C4 2 H1 3 H1 3 H1 3 C4 1 H1 2 H1 2 C4 2 H1 3 H1 3 H1 3, 1 1 1 1 1 1 1 1 1 1 1 1 1 1 1 1 1 1 1 1 1 1, 0 0 0 0 0 0 0 0 0 0 0 0 0 0 0 0 0 0 0 0 0 0 0
289, C4 0 H1 1 O2 1 H1 2 C4 1 H1 2 C4 2 H1 3 H1 3, 1 1 1 1 1 2 1 1, 0 0 0 0 0 0 0 0 0
290, C4 0 O2 1 H1 2 C4 1 H1 2 H1 2 H1 2 C4 1 H1 2 H1 2 C4 2 H1 3 H1 3 H1 3 C4 1 H1 2 C4 2 H1 3 H1 3 H1 3 C4 2 H1 3 H1 3 H1 3, 1 1 1 1 1 1 1 1 1 1 1 1 1 1 1 1 1 1 1 1 1 1 1, 0 0 0 0 0 0 0 0 0 0 0 0 0 0 0 0 0 0 0 0 0 0 0 0
291, C4 0 H1 1 H1 1 O2 1 C4 2 H1 3 H1 3 H1 3 C4 1 H1 2 H1 2 C4 2 H1 3 H1 3 H1 3, 1 1 1 1 1 1 1 1 1 1 1 1 1 1, 0 0 0 0 0 0 0 0 0 0 0 0 0 0 0
292, C4 0 O2 1 C4 1 H1 2 H1 2 C4 2 H1 3 H1 3 H1 3 C4 1 H1 2 C4 2 H1 3 H1 3 H1 3 C4 2 H1 3 H1 3 H1 3, 2 1 1 1 1 1 1 1 1 1 1 1 1 1 1 1 1 1, 0 0 0 0 0 0 0 0 0 0 0 0 0 0 0 0 0 0 0
293, C4 0 C4 1 H1 2 H1 2 H1 2 C4 1 H1 2 H1 2 H1 2 C4 1 O2 2 O2 2 H1 3 C4 1 O2 2 O2 2 H1 3, 1 1 1 1 1 1 1 1 1 2 1 1 1 2 1 1, 0 0 0 0 0 0 0 0 0 0 0 0 0 0 0 0 0
294, C4 0 C4 1 H1 2 H1 2 H1 2 C4 1 H1 2 H1 2 C4 2 H1 3 H1 3 H1 3 C4 1 H1 2 H1 2 C4 2 H1 3 H1 3 H1 3, 1 1 1 1 1 1 1 1 1 1 1 1 1 1 1 1 1 1, 0 0 0 0 0 0 0 0 0 0 0 0 0 0 0 0 0 0 0
295, C4 0 Br1 1 C4 1 H1 2 H1 2 H1 2 C4 1 H1 2 H1 2 H1 2 C4 1 H1 2 H1 2 H1 2, 1 1 1 1 1 1 1 1 1 1 1 1 1, 0 0 0 0 0 0 0 0 0 0 0 0 0 0
296, C4 0 O2 1 C4 1 H1 2 H1 2 N3 2 H1 3 H1 3, 2 1 1 1 1 1 1, 0 0 0 0 0 0 0 0
297, C4 0 H1 1 C4 1 H1 2 H1 2 N3 2 H1 3 H1 3, 1 1 1 1 1 1 1, 0 0 0 0 0 0 0 0
298, C4 0 H1 1 H1 1 C4 1 H1 2 H1 2 C4 2 H1 3 H1 3 H1 3 C4 1 H1 2 H1 2 C4 2 H1 3 H1 3 H1 3, 1 1 1 1 1 1 1 1 1 1 1 1 1 1 1 1, 0 0 0 0 0 0 0 0 0 0 0 0 0 0 0 0 0
299, C4 0 H1 1 O2 1 H1 2 C4 1 H1 2 H1 2 C4 2 H1 3 H1 3 H1 3 C4 1 H1 2 C4 2 H1 3 H1 3 H1 3 C4 2 H1 3 H1 3 H1 3, 1 1 1 1 1 1 1 1 1 1 1 1 1 1 1 1 1 1 1 1, 0 0 0 0 0 0 0 0 0 0 0 0 0 0 0 0 0 0 0 0 0
300, C4 0 C4 1 H1 2 H1 2 H1 2 C4 1 H1 2 H1 2 C4 2 H1 3 H1 3 H1 3, 1 1 1 1 1 1 1 1 1 1 1, 0 0 0 0 0 0 0 0 0 0 0 0
301, C4 0 H1 1 C4 1 Br1 2 Br1 2, 1 2 1 1, 0 0 0 0 0
302, C4 0 H1 1 O2 1 H1 2 C4 1 H1 2 C4 2 H1 3 H1 3 H1 3 C4 2 H1 3 H1 3 H1 3, 1 1 1 1 1 1 1 1 1 1 1 1 1, 0 0 0 0 0 0 0 0 0 0 0 0 0 0
303, C4 0 H1 1 H1 1 S6 1 O2 2 O2 2 C4 2 H1 3 H1 3 H1 3, 1 1 1 2 2 1 1 1 1, 0 0 0 0 0 0 0 0 0 0
304, C4 0 H1 1 C4 1 H1 2 H1 2 H1 2 C4 1 H1 2 H1 2 H1 2 C4 1 H1 2 H1 2 H1 2, 1 1 1 1 1 1 1 1 1 1 1 1 1, 0 0 0 0 0 0 0 0 0 0 0 0 0 0
305, C4 0 H1 1 O2 1 H1 2 C4 1 H1 2 H1 2 C4 2 H1 3 H1 3 H1 3, 1 1 1 1 1 1 1 1 1 1, 0 0 0 0 0 0 0 0 0 0 0
306, C4 0 H1 1 H1 1 C4 1 H1 2 H1 2 Cl1 2 C4 1 H1 2 H1 2 C4 2 H1 3 H1 3 H1 3, 1 1 1 1 1 1 1 1 1 1 1 1 1, 0 0 0 0 0 0 0 0 0 0 0 0 0 0
307, C4 0 H1 1 H1 1 C4 1 H1 2 H1 2 I1 2 C4 1 H1 2 H1 2 C4 2 H1 3 H1 3 H1 3, 1 1 1 1 1 1 1 1 1 1 1 1 1, 0 0 0 0 0 0 0 0 0 0 0 0 0 0
308, C4 0 H1 1 O2 1 H1 2 C4 1 Cl1 2 Cl1 2 Cl1 2, 1 1 1 1 1 1 1, 0 0 0 0 0 0 0 0
309, O2 0 C4 1 H1 2 H1 2 C4 2 H1 3 H1 3 H1 3 C4 1 H1 2 C4 2 H1 3 H1 3, 1 1 1 1 1 1 1 1 1 2 1 1, 0 0 0 0 0 0 0 0 0 0 0 0 0
310, C4 0 N3 1, 3, 0 0
311, N3 0 N3 1 O2 2 C4 1 H1 2 H1 2 C4 2 H1 3 H1 3 H1 3 C4 1 H1 2 H1 2 C4 2 H1 3 H1 3 H1 3, 1 2 1 1 1 1 1 1 1 1 1 1 1 1 1 1, 0 0 0 0 0 0 0 0 0 0 0 0 0 0 0 0 0
312, C4 0 H1 1 C4 1 H1 2 H1 2 H1 2 C4 1 H1 2 C4 2 H1 3 H1 3 H1 3 C4 2 H1 3 H1 3 H1 3, 1 1 1 1 1 1 1 1 1 1 1 1 1 1 1, 0 0 0 0 0 0 0 0 0 0 0 0 0 0 0 0
313, C4 0 H1 1 H1 1 C4 1 H1 2 H1 2 S2 2 H1 3 C4 1 H1 2 H1 2 C4 2 H1 3 H1 3 H1 3, 1 1 1 1 1 1 1 1 1 1 1 1 1 1, 0 0 0 0 0 0 0 0 0 0 0 0 0 0 0
314, C4 0 H1 1 C4 1 H1 2 H1 2 C4 2 H1 3 H1 3 H1 3 C4 1 H1 2 C4 2 H1 3 H1 3 H1 3, 1 1 1 1 1 1 1 1 2 1 1 1 1 1, 0 0 0 0 0 0 0 0 0 0 0 0 0 0 0
315, C4 0 H1 1 N3 1 H1 2 H1 2 C4 1 H1 2 H1 2 H1 2, 1 1 1 1 1 1 1 1, 0 0 0 0 0 0 0 0 0
316, C4 0 H1 1 O2 1 H1 2 C4 1 H1 2 H1 2 C4 2 H1 3 H1 3 H1 3 C4 1 H1 2 H1 2 C4 2 H1 3 H1 3 H1 3, 1 1 1 1 1 1 1 1 1 1 1 1 1 1 1 1 1, 0 0 0 0 0 0 0 0 0 0 0 0 0 0 0 0 0 0
317, C4 0 C4 1 H1 2 Cl1 2 Cl1 2, 1 1 1 1, 0 0 0 0 0
318, C4 0 H1 1 C4 1 H1 2 H1 2 Cl1 2 C4 1 H1 2 H1 2 C4 2 H1 3 H1 3 H1 3, 1 1 1 1 1 1 1 1 1 1 1 1, 0 0 0 0 0 0 0 0 0 0 0 0 0
319, C4 0 O2 1 H1 2 C4 1 H1 2 H1 2 H1 2 C4 1 H1 2 H1 2 C4 2 H1 3 H1 3 H1 3 C4 1 H1 2 H1 2 C4 2 H1 3 H1 3 H1 3, 1 1 1 1 1 1 1 1 1 1 1 1 1 1 1 1 1 1 1 1, 0 0 0 0 0 0 0 0 0 0 0 0 0 0 0 0 0 0 0 0 0
320, C4 0 O2 1 H1 2 C4 1 H1 2 H1 2 H1 2 C4 1 H1 2 C4 2 H1 3 H1 3, 1 1 1 1 1 1 1 1 2 1 1, 0 0 0 0 0 0 0 0 0 0 0 0
321, O2 0 P5 1 F1 2 O2 2 C4 2 H1 3 H1 3 H1 3, 1 1 2 1 1 1 1, 0 0 0 0 0 0 0 0
322, C4 0 N3 1 H1 2 O2 2 H1 3, 1 1 1 1, 0 0 0 0 0
323, O2 0 C4 1 H1 2 C4 2 H1 3 H1 3 H1 3 C4 2 H1 3 H1 3 H1 3 C4 1 C4 2 H1 3 H1 3 H1 3 C4 2 H1 3 H1 3 H1 3 C4 2 H1 3 H1 3 H1 3, 1 1 1 1 1 1 1 1 1 1 1 1 1 1 1 1 1 1 1 1 1 1 1, 0 0 0 0 0 0 0 0 0 0 0 0 0 0 0 0 0 0 0 0 0 0 0 0
324, S2 0 C4 1 H1 2 H1 2 C4 2 H1 3 H1 3 H1 3 C4 1 H1 2 H1 2 C4 2 H1 3 H1 3 H1 3, 1 1 1 1 1 1 1 1 1 1 1 1 1 1, 0 0 0 0 0 0 0 0 0 0 0 0 0 0 0
325, N3 0 C4 1 C4 2 H1 3 H1 3 H1 3 C4 2 H1 3 H1 3 H1 3 C4 2 H1 3 H1 3 H1 3, 1 1 1 1 1 1 1 1 1 1 1 1 1, 0 0 0 0 0 0 0 0 0 0 0 0 0 0
326, C4 0 H1 1 H1 1 O2 1 C4 2 H1 3 H1 3 H1 3 C4 1 H1 2 C4 2 H1 3 H1 3 H1 3 C4 2 H1 3 H1 3 H1 3, 1 1 1 1 1 1 1 1 1 1 1 1 1 1 1 1 1, 0 0 0 0 0 0 0 0 0 0 0 0 0 0 0 0 0 0
327, O2 0 S6 1 O2 2 O2 2 C4 2 H1 3 H1 3 H1 3, 1 2 2 1 1 1 1, 0 0 0 0 0 0 0 0
328, C4 0 Cl1 1 C4 1 H1 2 H1 2 H1 2 C4 1 H1 2 H1 2 H1 2 C4 1 H1 2 H1 2 H1 2, 1 1 1 1 1 1 1 1 1 1 1 1 1, 0 0 0 0 0 0 0 0 0 0 0 0 0 0
329, C4 0 O2 1 N3 1 C4 2 H1 3 H1 3 H1 3 C4 2 H1 3 H1 3 H1 3 N3 1 C4 2 H1 3 H1 3 H1 3 C4 2 H1 3 H1 3 H1 3, 2 1 1 1 1 1 1 1 1 1 1 1 1 1 1 1 1 1 1, 0 0 0 0 0 0 0 0 0 0 0 0 0 0 0 0 0 0 0 0
330, C4 0 C4 1 H1 2 H1 2 H1 2 C4 1 H1 2 H1 2 H1 2 C4 1 C4 2 H1 3, 1 1 1 1 1 1 1 1 1 3 1, 0 0 0 0 0 0 0 0 0 0 0 0
331, O2 0 C4 1 H1 2 C4 2 H1 3 H1 3 H1 3 C4 2 H1 3 H1 3 H1 3 C4 1 O2 2 C4 2 H1 3 H1 3 H1 3, 1 1 1 1 1 1 1 1 1 1 1 2 1 1 1 1, 0 0 0 0 0 0 0 0 0 0 0 0 0 0 0 0 0
332, C4 0 H1 1 H1 1 C4 1 H1 2 H1 2 I1 2, 1 1 1 1 1 1, 0 0 0 0 0 0 0
333, C4 0 H1 1 H1 1 C4 1 H1 2 H1 2 C4 2 H1 3 H1 3 H1 3 C4 1 O2 2 N3 2 H1 3 H1 3, 1 1 1 1 1 1 1 1 1 1 2 1 1 1, 0 0 0 0 0 0 0 0 0 0 0 0 0 0 0
334, C4 0 C4 1 H1 2 H1 2 H1 2 C4 1 H1 2 H1 2 H1 2 C4 1 H1 2 H1 2 O2 2 H1 3, 1 1 1 1 1 1 1 1 1 1 1 1 1, 0 0 0 0 0 0 0 0 0 0 0 0 0 0
335, C4 0 C4 1 H1 2 H1 2 C4 1 H1 2 H1 2 H1 2 C4 1 H1 2 H1 2 H1 2, 2 1 1 1 1 1 1 1 1 1 1, 0 0 0 0 0 0 0 0 0 0 0 0
336, C4 0 H1 1 O2 1 C4 2 H1 3 H1 3 H1 3 C4 1 H1 2 H1 2 H1 2 C4 1 H1 2 H1 2 C4 2 H1 3 H1 3 H1 3, 1 1 1 1 1 1 1 1 1 1 1 1 1 1 1 1 1, 0 0 0 0 0 0 0 0 0 0 0 0 0 0 0 0 0 0
337, C4 0 H1 1 H1 1 C4 1 H1 2 H1 2 Br1 2 C4 1 H1 2 H1 2 C4 2 H1 3 H1 3 H1 3, 1 1 1 1 1 1 1 1 1 1 1 1 1, 0 0 0 0 0 0 0 0 0 0 0 0 0 0
338, C4 0 C4 1 H1 2 H1 2 Br1 2 C4 1 H1 2 H1 2 Br1 2 C4 1 H1 2 H1 2 O2 2 H1 3 C4 1 H1 2 H1 2 O2 2 H1 3, 1 1 1 1 1 1 1 1 1 1 1 1 1 1 1 1 1 1, 0 0 0 0 0 0 0 0 0 0 0 0 0 0 0 0 0 0 0
339, O2 0 C4 1 H1 2 C4 2 H1 3 H1 3 H1 3 C4 2 H1 3 H1 3 H1 3 C4 1 H1 2 C4 2 H1 3 H1 3 H1 3 C4 2 H1 3 H1 3 H1 3, 1 1 1 1 1 1 1 1 1 1 1 1 1 1 1 1 1 1 1 1, 0 0 0 0 0 0 0 0 0 0 0 0 0 0 0 0 0 0 0 0 0
340, C4 0 H1 1 H1 1 C4 1 H1 2 H1 2 C4 2 H1 3 H1 3 H1 3 C4 1 N3 2, 1 1 1 1 1 1 1 1 1 1 3, 0 0 0 0 0 0 0 0 0 0 0 0
341, C4 0 H1 1 Cl1 1 C4 1 O2 2 O2 2 H1 3, 1 1 1 2 1 1, 0 0 0 0 0 0 0
342, C4 0 H1 1 H1 1 C4 1 H1 2 H1 2 Br1 2 C4 1 H1 2 C4 2 H1 3 H1 3, 1 1 1 1 1 1 1 1 2 1 1, 0 0 0 0 0 0 0 0 0 0 0 0
343, C4 0 H1 1 H1 1 C4 1 H1 2 H1 2 N3 2 H1 3 H1 3 C4 1 H1 2 H1 2 C4 2 H1 3 H1 3 H1 3, 1 1 1 1 1 1 1 1 1 1 1 1 1 1 1, 0 0 0 0 0 0 0 0 0 0 0 0 0 0 0 0
344, C4 0 H1 1 O2 1 H1 2 C4 1 H1 2 C4 2 H1 3 H1 3 H1 3 C4 2 H1 3 H1 3 H1 3 C4 1 H1 2 C4 2 H1 3 H1 3 H1 3 C4 2 H1 3 H1 3 H1 3, 1 1 1 1 1 1 1 1 1 1 1 1 1 1 1 1 1 1 1 1 1 1 1, 0 0 0 0 0 0 0 0 0 0 0 0 0 0 0 0 0 0 0 0 0 0 0 0
345, C4 0 H1 1 Br1 1, 1 1, 0 0 0
346, C4 0 C4 1 H1 2 H1 2 O2 2 H1 3 C4 1 H1 2 H1 2 C4 2 H1 3 H1 3 H1 3 C4 1 H1 2 H1 2 C4 2 H1 3 H1 3 H1 3, 1 1 1 1 1 1 1 1 1 1 1 1 1 1 1 1 1 1 1, 0 0 0 0 0 0 0 0 0 0 0 0 0 0 0 0 0 0 0 0
347, C4 0 H1 1 H1 1 C4 1 H1 2 H1 2 O2 2 H1 3 C4 1 H1 2 C4 2 H1 3 H1 3 H1 3 C4 2 H1 3 H1 3 H1 3, 1 1 1 1 1 1 1 1 1 1 1 1 1 1 1 1 1, 0 0 0 0 0 0 0 0 0 0 0 0 0 0 0 0 0 0
348, C4 0 Cl1 1 Cl1 1 Cl1 1, 1 1 1, 0 0 0 0
349, C4 0 H1 1 H1 1 C4 1 H1 2 H1 2 C4 2 H1 3 H1 3 H1 3 C4 1 H1 2 O2 2, 1 1 1 1 1 1 1 1 1 1 1 2, 0 0 0 0 0 0 0 0 0 0 0 0 0
350, C4 0 O2 1 H1 2 C4 1 H1 2 H1 2 H1 2 C4 1 H1 2 H1 2 C4 2 H1 3 H1 3 H1 3 C4 1 C4 2 H1 3, 1 1 1 1 1 1 1 1 1 1 1 1 1 1 3 1, 0 0 0 0 0 0 0 0 0 0 0 0 0 0 0 0 0
351, C4 0 H1 1 H1 1 C4 1 H1 2 C4 2 H1 3 H1 3 H1 3 C4 2 H1 3 H1 3 H1 3 C4 1 O2 2 H1 3 C4 2 H1 3 H1 3 H1 3 C4 2 H1 3 H1 3 H1 3, 1 1 1 1 1 1 1 1 1 1 1 1 1 1 1 1 1 1 1 1 1 1 1, 0 0 0 0 0 0 0 0 0 0 0 0 0 0 0 0 0 0 0 0 0 0 0 0
352, N3 0 C4 1 H1 2 H1 2 C4 2 H1 3 H1 3 H1 3 C4 1 H1 2 H1 2 C4 2 H1 3 H1 3 H1 3 C4 1 H1 2 H1 2 C4 2 H1 3 H1 3 H1 3, 1 1 1 1 1 1 1 1 1 1 1 1 1 1 1 1 1 1 1 1 1, 0 0 0 0 0 0 0 0 0 0 0 0 0 0 0 0 0 0 0 0 0 0
353, C4 0 O2 1 H1 2 C4 1 H1 2 H1 2 H1 2 C4 1 H1 2 H1 2 H1 2 C4 1 H1 2 H1 2 H1 2, 1 1 1 1 1 1 1 1 1 1 1 1 1 1, 0 0 0 0 0 0 0 0 0 0 0 0 0 0 0
354, C4 0 H1 1 C4 1 H1 2 H1 2 Cl1 2, 1 1 1 1 1, 0 0 0 0 0 0
355, C4 0 H1 1 C4 1 H1 2 H1 2 H1 2 C4 1 H1 2 C4 2 H1 3 H1 3 H1 3 C4 2 H1 3 H1 3 H1 3 C4 1 H1 2 C4 2 H1 3 H1 3 H1 3 C4 2 H1 3 H1 3 H1 3, 1 1 1 1 1 1 1 1 1 1 1 1 1 1 1 1 1 1 1 1 1 1 1 1 1, 0 0 0 0 0 0 0 0 0 0 0 0 0 0 0 0 0 0 0 0 0 0 0 0 0 0
356, C4 0 H1 1 C4 1 Cl1 2 C4 2 H1 3 H1 3 H1 3 C4 1 O2 2 O2 2 H1 3, 1 2 1 1 1 1 1 1 2 1 1, 0 0 0 0 0 0 0 0 0 0 0 0
357, C4 0 C4 1 C4 2 H1 3 H1 3 H1 3, 3 1 1 1 1, 0 0 0 0 0 0
358, N3 0 C4 1 H1 2 H1 2 H1 2 C4 1 H1 2 H1 2 C4 2 H1 3 H1 3 H1 3 C4 1 H1 2 H1 2 C4 2 H1 3 H1 3 H1 3, 1 1 1 1 1 1 1 1 1 1 1 1 1 1 1 1 1 1, 0 0 0 0 0 0 0 0 0 0 0 0 0 0 0 0 0 0 0
359, C4 0 H1 1 C4 1 H1 2 H1 2 N3 2 H1 3 H1 3 C4 1 H1 2 H1 2 C4 2 H1 3 H1 3 H1 3, 1 1 1 1 1 1 1 1 1 1 1 1 1 1, 0 0 0 0 0 0 0 0 0 0 0 0 0 0 0
360, C4 0 C4 1 H1 2 H1 2 H1 2 C4 1 H1 2 H1 2 H1 2 C4 1 H1 2 H1 2 H1 2 C4 1 H1 2 H1 2 H1 2, 1 1 1 1 1 1 1 1 1 1 1 1 1 1 1 1, 0 0 0 0 0 0 0 0 0 0 0 0 0 0 0 0 0
361, C4 0 H1 1 H1 1 C4 1 Cl1 2 C4 2 H1 3 H1 3, 1 1 1 1 2 1 1, 0 0 0 0 0 0 0 0
362, C4 0 H1 1 C4 1 H1 2 C4 2 H1 3 H1 3 H1 3 C4 1 O2 2 O2 2 H1 3, 1 2 1 1 1 1 1 1 2 1 1, 0 0 0 0 0 0 0 0 0 0 0 0
363, N3 0 N3 1 O2 2 C4 1 H1 2 C4 2 H1 3 H1 3 H1 3 C4 2 H1 3 H1 3 H1 3 C4 1 H1 2 C4 2 H1 3 H1 3 H1 3 C4 2 H1 3 H1 3 H1 3, 1 2 1 1 1 1 1 1 1 1 1 1 1 1 1 1 1 1 1 1 1 1, 0 0 0 0 0 0 0 0 0 0 0 0 0 0 0 0 0 0 0 0 0 0 0
