CID,a
4,2.6
6,6.98
13,6.26
34,2.78
174,2.1
176,2.07
177,1.52
180,2.0
196,5.04
222,0.5967
240,3.66
241,2.8
242,4.21
243,4.21
244,3.72
260,2.71
261,2.5
262,3.1
263,2.6
264,3.04
280,1.53
281,0.968
284,1.59
289,3.79
297,0.554
299,16.94
300,3.26
307,4.6
313,1.268
335,3.72
338,4.8
342,3.72
356,3.86
398,3.06
402,7.837
527,1.8
568,5.8
650,3.00
674,1.6
679,2.71
700,2.1
702,1.59
712,1.067
713,1.56
753,3.17
768,0.932
785,3.81
878,1.66
887,1.11
904,4.65
931,4.42
942,5.61
947,0.96737
948,1.53
949,4.17
957,4.5
977,1.43
992,9.20
995,6.15
996,3.24
1001,4.18
1017,5.73
1031,2.1
1032,2.56
1049,0.982
1068,2.14
1118,3.4
1119,2.264
1133,3.18
1140,3.1
1146,2.0
1183,5.2
1493,6.35
1567,2.69
2336,8.7
2345,7.31
2347,10.8
2365,2.5
2537,5.24
2682,8.360
2707,5.1
2879,3.7
2950,8.3
2955,8.3
3024,6.05
3026,9.58
3048,13.2
3080,4.3
3283,2.55
3293,7.48
3301,2.07
3485,3.4
3776,2.1
4033,5.9
4093,2.97
4101,4.9
4133,5.2
4510,7.8
4650,3.7
4684,4.43
4685,5.08
4837,3.0
5054,3.79
5251,3.87
5281,9.80
5447,4.21
5541,7.52
5558,8.7
5561,7.1
5565,5.04
5641,3.07
5936,6.4
5943,5.3
5971,3.41
5976,1.94
5993,14
6054,4.21
6061,1.6
6115,3.3
6124,2.56
6163,5.31
6184,3.45
6212,4.12
6214,8.16
6228,2.51
6276,3.0
6278,4.63
6294,11
6319,9.0
6323,3.27
6324,1.04
6325,0.98
6326,0.91
6327,1.8
6328,4.9
6332,3.76
6333,4.46
6334,1.56
6335,1.4
6337,2.22
6338,2.15
6339,1.58
6341,1.55
6342,1.42
6343,2.14
6344,2.93
6348,2.67
6351,1.88
6354,1.49
6358,4.27
6360,2.01
6361,2.7
6363,2.04
6365,3.44
6366,3.25
6367,2.70
6368,2.3
6369,2.2
6370,3.82
6371,3.4
6372,3
6374,13.6
6375,2.11
6377,2.0
6378,2.0
6382,7.2
6384,3.8
6385,2.5
6386,2.55
6387,3.1
6389,5.04
6391,4.1
6394,6.5
6397,3.75
6398,4.45
6399,5.17
6403,3.0
6404,3.0
6406,2.96
6407,5.1
6410,2.07
6413,5.61
6419,7.0
6423,5.7
6426,7.0
6427,7.03
6428,6.5
6429,5.9
6478,9.4
6492,4.55
6497,4.35
6500,5.6
6505,14.1
6511,8.6
6517,7.22
6527,12.7
6528,11.7
6534,5.73
6535,6.28
6537,14.95
6539,8.62
6540,13.8
6544,4.77
6556,2.48
6557,2.35
6558,2.5
6559,2.38
6560,2.56
6561,2.48
6562,2.4
6564,3.9
6565,3.8
6566,3.3
6568,2.6
6569,2.41
6570,2.41
6572,2.45
6573,3.9
6575,4.53
6581,2.5
6584,2.55
6586,3.26
6587,2.58
6588,11.9
6589,3.0
6590,3.0
6591,5.79
6593,5.1
6597,4.45
6598,3.73
6627,8.45
6645,6.45
6654,4.7
6658,3.45
6673,4.77
6734,5.32
6766,7.95
6780,7.16
6786,11.5
6811,6.6
6819,11.6
6896,4.2
6901,8.99
6916,4.1
6944,4.72
6954,7.90
6998,4.2
7000,4.25
7002,4.91
7003,5.6
7015,5.8
7044,4.76
7047,4.45
7057,4.95
7061,1.0
7095,5.31
7102,5.8
7111,6.36
7148,4.63
7150,4.69
7198,6.91
7211,5.03
7220,4.1
7236,5.9
7237,3.7
7239,5.05
7242,3.69
7247,4.15
7268,5.04
7270,7.4
7276,4.30
7280,2.09
7282,3.0
7285,5.08
7288,3.0
7289,4.4
7294,2.97
7295,1.24
7296,2.9
7298,2.97
7303,3.04
7305,6.3
7321,6.31
7343,20.59
7344,4.07
7351,4.97
7354,4.8
7360,3.522
7361,3.37
7362,3.3
7366,4.62
7367,6.77
7368,5.04
7372,7.36
7386,6.59
7390,4.62
7393,5.1
7394,6.24
7406,4.1
7408,4.2
7410,4.1
7412,4.88
7416,4.25
7422,4.72
7443,6.63
7452,5.8
7463,4.62
7473,4.72
7474,5.44
7475,4.77
7492,5.8
7497,4.03
7498,5.8
7499,3.76
7500,3.66
7501,3.6
7503,4.36
7505,3.6
7509,4.28
7515,3.70
7516,3.7
7519,3.72
7525,4.0
7559,5.18
7577,6.8
7580,5.8
7582,6.25
7583,5.86
7590,5.67
7612,2.3
7616,4.9
7617,4.73
7618,5.1
7622,6.39
7635,5.93
7636,6.35
7641,12.8
7668,4.14
7670,4.2
7705,4.6
7720,4.49
7728,4.2
7732,4.28
7735,5
7745,3.52
7748,5.8
7749,3.52
7757,4.0
7761,5.52
7762,4.0
7764,3.9
7765,4.08
7766,4.07
7768,3.91
7798,5.4
7802,3.93
7804,8.1
7805,5.9
7807,5.9
7809,3.66
7810,4.37
7813,3.90
7814,3.72
7819,4.42
7825,4.3
7834,2.49
7835,3.29
7836,4.4
7838,3.32
7839,6.48
7840,4.25
7841,4.17
7842,6.87
7843,2.046
7844,1.93
7847,1.94
7849,4.94
7850,2.64
7852,2.0
7853,2.0
7854,1.9
7855,1.83
7856,2.61
7857,1.96
7858,2.00
7860,2.0
7861,2.0
7865,2.07
7867,6.05
7868,3.8
7869,3.8
7871,4.86
7892,3.00
7895,2.96
7897,3.00
7900,3.11
7902,3.03
7903,3.06
7904,3.0
7909,3.45
7912,3.5
7914,3.5
7915,3.52
7917,4.2
7918,3.5
7923,3.38
7929,3.66
7934,3.90
7937,3.70
7944,5.9
7946,1.02
7947,1.006
7954,6.36
7955,4.34
7957,4.97
7958,4.9
7959,5.0
7961,5.41
7962,3.39
7963,3.2
7964,3.88
7965,3.42
7966,3.5
7967,3.4
7975,3.2
7981,5.45
7986,10.8
7991,3.5
7993,3.5
7996,3.6
7997,3.52
7998,4.2
8002,4.72
8003,2.48
8004,2.42
8005,3.2
8007,2.5
8008,2.4
8011,2.45
8012,3.1
8016,2.59
8019,2.62
8020,2.6
8021,2.52
8022,2.45
8023,2.5
8025,2.56
8026,2.6
8027,2.31
8028,2.5
8029,2.3
8030,2.9
8033,5.03
8034,3.9
8038,4.0
8051,3.9
8053,4.0
8054,4.1
8058,2.97
8062,2.8
8063,3.0
8064,3.1
8065,3.0
8067,3.59
8068,3.0
8071,3.1
8074,3.7
8078,2.98
8079,2.8
8082,3.0
8083,3
8087,4.63
8093,4.4
8095,4.72
8102,3.49
8103,3.5
8108,3.45
8110,3.00
8111,3.56
8112,3.59
8113,3.65
8114,3.53
8115,4.93
8117,3.66
8121,5.0
8125,3.87
8128,3.73
8130,3.9
8133,4.1
8134,4.14
8135,3.66
8141,4.41
8144,5.0
8146,4.62
8147,5.9
8148,4.46
8149,4.2
8158,4.41
8160,5.5
8163,5.9
8165,6.07
8174,5.3
8177,5.6
8182,5.96
8183,5.81
8197,6.53
8207,6.9
8209,7.39
8252,1.46
8254,1.6
8255,1.94
8260,5.6
8289,1.19
8298,4.9
8301,3.87
8303,9.2
8342,7.8
8343,16.0
8370,9.83
8376,7.85
8404,4.6
8411,8.43
8418,6.15
8449,5.62
8452,2.3
8461,6.27
8470,3.59
8471,3.49
8472,4.3
8554,6.69
8560,8.3
8561,10.5
8640,4.93
8680,4.62
8697,5.0
8698,6.15
8723,3.0
8783,9.32
8785,5.1
8795,4.4
8821,3.45
8846,4.42
8850,6.15
8851,5.0
8855,3.67
8857,3.04
8858,3.4
8868,4.48
8872,5.9
8881,3.90
8892,4.01
8894,4.0
8900,3.45
8902,3.49
8909,1.48
8916,5.5
8987,5.9
9005,3.67
9015,4.3
9033,1.48
9144,7.8
9250,1.93
9253,2.42
9265,3.3
9550,1.45
9609,3.11
9862,4.35
9864,1.45
9868,3.1
9988,3.7
9999,1.8
10038,1.45
10039,2.1
10041,2.5
10439,3.25
10461,5.5
10476,3.62
10477,1.98
10509,0.8
10553,2.4
10560,3.11
10686,4.15
10707,5.79
10757,5.32
10795,3.1
10800,6.84
10848,5.9
10849,4.1
10899,2.7
10900,3.4
10903,2.1
10907,3.93
10908,4.0
10928,3.7
10952,4.08
10967,4.0
10977,3.67
11006,7.8
11026,9.8
11040,3.6
11089,6.6
11124,3.03
11142,4.68
11164,2.15
11167,2.53
11203,2.63
11205,11.4
11241,3.1
11243,3.83
11312,6.35
11419,3.86
11429,3.1
11443,6.0
11454,6.4
11487,5.82
11535,1.9
11552,2.96
11583,3.5
11584,3.45
11597,3.0
11599,2.8
11610,0.7
11615,10.9
11641,3.7
11648,3.75
11666,6.414
11673,4.3
11674,5.0
11711,6
11715,4.75
11761,6.28
11807,3.0
11813,6.28
11883,6.28
12017,4.38
12049,3.49
12141,5.25
12145,6.03
12146,4.9
12180,3.5
12228,1.42
12232,3.24
12257,3.03
12259,3.1
12278,4.5
12348,4.5
12374,4.07
12375,4.07
12389,6.83
12398,8.3
12582,4.4
12586,2.6
12661,2.9
12679,6.18
12682,5.3
12688,10.5
12712,7.94
12713,6.8
12720,1.80
12733,4.27
12762,7.7
13002,2.58
13139,5.94
13140,3.63
13143,2.9
13192,5.81
13381,4.84
13387,3.4
13556,4.31
13586,2.4
14257,5.4
14260,6.78
14799,25.2
14862,5.4
14896,4.7
14917,1.27
15112,2.42
15290,4.00
15457,3.52
15589,5.14
15600,4.90
15615,2.4
16043,5.73
16316,5.4
16402,4.01
16680,7.3
16692,13.9
16704,3.78
17049,3.78
17050,5.9
17358,5
17601,2.3
17607,3.5
17822,4.7
17869,5.4
18052,4.2
19309,3.3
19499,2.97
19855,5.4
19883,5.86
19920,4.15
20083,4.5
21609,4.4
21801,11.7
22044,6.8
22311,4.7
22932,13.5
23056,11.6
23235,7.1
23284,9.9
23935,0.6964
23968,1.38
23969,2.66
24142,6.4
24267,3.45
24273,6
24287,9
24386,4.1
24387,4.75
24404,1.17
24410,5.98
24526,2.48
24555,3.78
24556,3.57
24558,6.66
24559,8.3
24560,12
24570,6.25
24606,6.05
24638,4.02
24647,5.7
24648,4.6
24682,2.76
24726,3.8
24807,4.66
24813,5.3
24819,7.2
24829,19.3
24841,4.4
24870,2.3
24874,2.52
24883,1.4
25135,4.03
25353,3.55
25485,5.11
26323,4.8
28343,5.9
31217,4.37
31218,14.7
31229,4.7
31236,4.8
31237,8.47
31241,4.4
31244,4.7
31246,3.93
31256,4.0
31260,3.04
31261,3.5
31263,4.49
31264,4.5
31268,2.45
31272,4.0
31275,3.03
31278,11.4
31279,3.35
31285,4.35
31297,3.9
31344,3.6
31357,9.20
31368,2.31
31369,3.0
31370,3.3
31373,5.83
31374,3.01
31404,7.6
32611,6.63
32898,5.5
33934,13.5
38307,5.9
39793,9.2
40818,5.25
60963,13.2
61109,6.3
61198,6.76
61220,7.1
62204,2.35
62324,3.2
62586,8.77
62695,1.9
64505,6.2
67940,4.2
69610,3.5
75103,3.11
82916,3.66
88054,8.5
88899,4.2
89594,5.61
92629,4.56
92839,5.27
104745,2.56
104775,3.04
110612,9.8
122903,5.8
140487,4.67
145068,1.04
159055,5.24
170325,8.1
171144,9.04
175854,3.0
200164,5.04
222547,13.2
232703,7.40
440917,4.7
440967,4.7
440968,4.7
444266,4.0
447466,2.41
517546,5.9
518772,5.95
521701,11.7
533728,5.9
637090,2.97
637511,4.6
637892,4.31
638144,5.93
643460,3.87
643790,3.0
643792,2.97
643911,4.31
688566,11.6
969491,13.2
1201083,4.77
1549236,3.87
1549237,3.87
2723625,5.9
3032552,1.58
5086465,3.18
5280970,1.4
5287573,1.9
5326160,2.4
5326161,2.4
5354264,4.4
5357254,3.87
5365125,11.7
5365552,2.8
5366870,3.83
5372798,7.1
5462222,1.4
5462224,0.84
5463459,3.83
6327114,7.9
6327347,4.45
6327349,6.7
6327386,3.97
6327514,10.6
6327654,4.76
6327710,5.7
6328162,4.2
6328200,0.96
6478437,13.2
6971246,2.97
9543187,5.24
10197901,5.9
10290825,4.7
10937607,3.66
10997035,4.4
11954021,14
12303031,14
12358489,13.2
15764013,2.2
16213094,4.08
16682738,21.8
16682740,12.1
21192315,5.9
23266392,1.48
24841598,10.6
24860539,14
25200171,9.8
25200196,11.7
25203927,11.7
53350302,4.77
53393744,4.77
55250396,4.77
67341095,5
71311514,4.77
71316037,13.2
134687881,14
134687882,13.2
135565233,3.11
135565765,3.6
