0.677234507595485
0.47741409404262103
-0.024465128238375267
1.0044265225937854
1.0945951760999608
0.5707491591179102
0.18920012051113963
-0.13139847922813597
-0.2094536164974006
0.1840967376903787
0.23370389418538776
0.16886743953661887
0.8259636078400117
1.5118607320406496
0.03946910089659219
0.6005719652667946
0.38662415587530224
0.16844459515663018
0.115295630349996
0.41562358787147335
0.6038460781358204
0.2875410476392136
0.7459941073093576
0.8076910646738349
0.7091668293994892
0.17356697962728
0.18781530090222742
1.3690306780316839
-0.2041396085464534
0.38023401646248345
-0.23629537631741862
-0.2689554030211554
-0.11320263949978718
-0.22162245444907108
0.4889943323237627
0.676503732041006
-0.08923123795305027
-0.20045728333297794
0.563340018156557
0.5714343012769701
0.3816713831504313
-0.25154811094977875
0.6102996672061328
0.6581401665998837
0.5780691810905333
0.5547342505201779
0.3682058330418565
0.5795589237087563
-0.24717668862186662
0.5873707053999544
-0.23194950421945548
