0.23950089448166356
0.3840242485282856
0.16210894593565797
-0.2681508424862088
-0.16822378504160712
-0.0453966982457377
0.19131197941070938
-0.0293103793143985
0.3221597727127891
0.039729953838629546
-0.07919827702587617
0.017601265521857232
0.05389314983875558
0.16184740845518875
0.20285644797695784
0.23292050417503615
-0.029690353689208436
0.14456034275501936
0.24238501849611743
0.062409589449255835
0.25666954952675697
0.43845969707690047
0.031391811292915066
0.23031936792823912
0.11227835997691582
0.4109536701116739
0.4048007627817366
0.3892359942423831
-0.14392834661275763
0.22311855606182582
-0.5996438519847836
