0.27362592225216253
0.02056930032905133
0.2558961499336526
0.02176948027426713
0.20780541334245273
0.0583645728738139
0.22503048942465614
0.0034171409972045897
0.03569796766474727
-0.12076208109531009
-0.3924240828097604
-0.06726421210967538
-0.35318473874632517
0.4239596522270646
-0.14956747749787638
-0.1568499266199353
0.3274706749969598
0.11579536311673735
0.2700317785109074
-0.0492073487386921
0.12102459113749882
-0.1999244724133171
-0.46259059695826577
0.07852468754029099
-0.17777209975852548
0.028251931981401437
0.39863319353307475
0.22479885053444937
0.3236498053073851
-0.44843279810103803
-0.26759475995091914
-0.30672688411156074
0.47215523836106815
0.27212409233873
0.04390237906795366
-0.20897906127949833
-0.06851408540122193
