19 15 12 9 1
-0.07216793977230868 0.3036451077590112 -0.7140327727457696 -0.24274462692960197 -0.234088391231625 -0.3099378733934814 -0.3145446977478236 -0.19989971860262015 -0.07664218886183298 0.13791506975572146 -0.08902351124040052 0.1850102509736889 -0.2299302892154075 0.39415953087928357 -0.4655672616493707 
0.17654424222119672 -0.1608488788307095 -0.02371820795104197 -0.31068327366182236 -0.18693995008500383 0.29872717519741165 0.3266378895519475 -0.11686847495274472 0.19653249606895856 0.32049582434410717 0.286536066068835 -0.31758753535600903 -0.359889247519851 -0.2007321374881702 0.42793813346151705 
-0.17137720056852335 -0.16570589788344747 0.30367777172475796 0.015346859924587002 0.2683707753564618 -0.12761086420469084 0.06600165757618155 0.09686911490837428 -0.30466658556158466 0.3052409674928505 0.36188162809249086 0.2138231346211112 -0.17050273819509057 0.40171991884637115 -0.36441903961955846 
-0.006438602791741567 0.2592150245770465 -0.251675982689316 -0.2134424517004616 -0.23818160773183542 -0.35815432285347176 0.07556397855275312 -0.18193440874484024 -0.1625499678749063 9.731195279284299e-06 -0.38742061028505326 0.09096974691739955 -0.27519505658581245 0.15299639175570492 0.2960852562579323 
-0.35500795684493414 -0.27575967789058686 0.08372626996126417 0.10630427953147961 -0.3086985851235466 0.06143777642968729 0.09579749041126795 0.25134998622867194 0.4230867892395127 0.19202488863704684 0.2949480453180507 -0.33677084873033836 -0.28104617631523443 0.3252037935636105 -0.057018211043749246 
-0.24205657258919216 0.3236003770436362 -0.21073207739120745 0.19418868557949656 0.25749313654783096 0.39063611642647567 0.034166178163480415 0.21299038926442393 -0.08887145117023652 -0.17232875813480153 0.2879228148858339 -0.027211681516106548 0.36295882957696857 0.21534876945218726 0.10610609277524428 
-0.4239372053413402 0.33080273634755 -0.054040277961807534 0.09112707193258854 -0.02221370365059127 -0.22558566940297073 0.3835914017894326 0.04104343650300718 -0.3071832447905214 0.17308862192666005 -0.16757107991996587 -0.0161035257919035 0.30085852747353603 -0.11875175956100519 0.3750480948158709 
0.1284265332589668 -0.5582702817952727 0.2863814901149279 0.17678095546261838 0.4850505753926292 -0.23421644640395892 -0.37087445792287044 0.5748771703180746 0.175309506225338 -0.30674929185412947 0.17509350535263435 0.2189092013925358 0.3300246096258144 0.25018753319069975 -0.16805863740953406 
-0.478597244063947 -0.37352859832008733 -0.3685314883350124 -0.19542745729650368 0.2818771374573121 0.07843642777370012 0.06276290879136817 0.43127627926542916 -0.2669516825952257 -0.22913912935846661 0.035978774117471066 0.4345107148981535 0.04719848840966203 -0.4314089395665873 0.32833290241717555 
-0.15468963018828208 0.15780615130213982 -0.17646217085812155 0.3360864110855593 0.2952371328293906 0.0032931891162853466 -0.38149254885118417 -0.36090285158663765 -0.1849391453699076 -0.2839316888719859 -0.3534732876304471 -0.30655547279390677 0.16537628765462203 0.13976799401680662 -0.5383612406734207 
-0.33396108050137413 0.42364703807887033 0.08905165583302169 -0.23083812885408636 -0.24761252033556477 0.2609785847918391 -0.35844221723852854 0.08741517956090436 0.4677499815552008 0.22974407750718287 -0.2022262866254875 0.005034366180252732 0.09291878886673799 0.20725639300635712 -0.27700322446988207 
-0.5053728202515778 -0.36007356423640846 -0.1537655433245084 -0.009541665146195855 0.10397754136618098 -0.15172753688837562 0.46983806636063685 0.0007426930028675419 -0.030776223456387045 0.10714570867989456 0.1697677988189226 0.13464440651959658 -0.18262757012199332 -0.3767604295237614 -0.06693696196528462 
-0.010802820036472848 -0.2630767762210136 0.3262583052339052 -0.20024707987684598 -0.14056237498715504 0.28898332134348115 -0.2197564710493515 0.13706939581690644 0.11467166148479838 0.21993662331812733 -0.22109488334942354 -0.4192129983710157 0.18261625791198585 0.2478897971905854 0.4135860016990054 
0.28293565761073236 -0.46434123393245386 -0.27709337609657625 0.053058011229287494 0.42823662271447616 0.3664166471383913 0.07547938529536229 0.3069753367641209 0.13245554377872526 -0.04612706082667584 -0.037868625752436186 0.07382803855811661 0.03830609833761049 0.35997633354157205 0.4029562318262204 
0.03377393613511565 0.2661166121292831 -0.24837251702704627 -0.36026856965634185 -0.1936096686826256 -0.0633097537535002 -0.38091022823110854 0.26338320492930656 0.2990923086690139 -0.3788386375077423 -0.25207480584112973 -0.19092006197961783 -0.28754875210634273 0.4113287456686505 -0.12037976561506694 
0.3354866631348341 0.055155946420135285 0.046359088408769164 0.3460035982246793 0.2693069657800764 0.09254342458173806 0.07590419671024658 0.4598071220302597 -0.13767829480204324 -0.13727360114345646 0.04593146655640495 -0.3784330188184682 0.07235993216124549 -0.20186328725473993 0.2942169110716637 
-0.3274969155668337 0.38431752359495497 0.09177148006447922 -0.2362609189971555 0.22255794580942231 0.13239350472997122 -0.3503618730120884 0.1230000636780039 0.176718875180079 0.3445631191540667 -0.4313203861163206 0.44131591768193207 -0.095610811643214 0.36974699810413575 0.19900882369453401 
0.22747381434291541 0.09005654783174596 0.1343463946796361 -0.16649616597918976 -0.043582199710201816 0.27530498593276026 0.3152660829937238 0.07101297993198988 0.2933981339139466 0.21150800677526566 -0.13749743760279332 0.2578393448885203 -0.03797950039037911 -0.16079410284777398 -0.0735190551555446 
-0.0036776673447243505 -0.26104066948337085 0.1393488915935461 0.16038434748616592 0.48345641540362444 0.0750332072834385 -0.0024603083538714886 -0.1057845262266382 -0.08524506275059117 0.3129205103527984 0.2680684979656813 0.2846982490141017 0.12618516885666117 -0.09626361327094729 -0.01139534326587833 
0.28726669455606757 0.20223147463654037 0.14858894313724239 0.07048607448298924 -0.2965396377348654 -0.04721255856370523 -0.13477118077230976 -0.24011808818658592 0.079345607136285 -0.16356218150268287 0.36559631042224494 0.37695856546851214 
-0.1639844358308895 -0.640382384217495 -0.3499977261180215 0.20747177028013836 0.17321085560123972 -0.22582885956054058 -0.24322291435850815 0.3076919063198173 -0.02598037971980495 0.10145695462796783 -0.37691172189041994 -0.37746027489093725 
0.02153376479063715 -0.04320948465093195 -0.2239408450481322 0.11235350998206474 -0.06663421930796672 0.16894811251049566 -0.3434847532066556 0.21952232576694705 -0.2339630585773171 0.01677547080060716 0.33281205724862284 -0.4191557365591369 
-0.1329763667409024 0.35237618857196873 0.42150817645667804 0.08220440430157025 0.3208742076384408 0.5160769234395098 0.2854123499370415 0.30984796481016486 -0.27587639411310333 0.13169076715951783 0.28936877114787785 0.20583354010498714 
0.2902747568157803 -0.44973990838942474 0.2669958060716739 0.3191897990238566 -0.21721179325326317 -0.22152702940401905 0.11895397820149317 -0.1346615347107444 0.2930898057957905 -0.046735785864536396 0.30728059018907394 0.4711689376545312 
-0.2831156057553276 -0.29550944137278906 0.4977696507795602 -0.10542761609569272 0.4560475078552271 0.08632078338319814 0.4615114290499479 0.03997167220539724 -0.0977206090370635 -0.3190766892450097 -0.27819267105903256 -0.5058579261569627 
-0.3020735373820525 0.22433051845133647 -0.45983735664243053 -0.1318710622154857 0.35720506386104445 0.16850729584574387 0.17661368139624217 -0.27215729215268436 -0.027529810750101434 0.07085612925694057 0.45976574799765296 -0.27895143387323806 
-0.2074803624822043 -0.22507878431348438 0.3151704391794658 0.00024745383380021324 -0.4095633796081816 0.007928689838671878 -0.2733975331048849 0.26092207121845384 -0.15029308903669344 -0.4144537472924829 0.1229985975904803 0.33281886715766695 
-0.2505384291597882 0.2621085284893051 0.17683765076256264 -0.040628668629270843 0.3829228358091876 0.26441212353175947 -0.4168455890582903 0.1825393373310474 -0.08716620981465266 0.39244252319071904 -0.36363674786687566 -0.25281323336180345 
-0.39953206382125706 0.04609038530439348 -0.4138121361182953 0.19107769173863567 0.2865988567714409 0.15603025585983143 0.24514979309802906 -0.13714763984871892 0.3187012736268819 -0.061849980559382095 0.3762142130346566 0.12308748744042497 
-0.2975172770863821 -0.3967548063070978 -0.4056919378996944 -0.3544949837465824 -0.03592793607276825 -0.3138284041795944 -0.4142965685637198 0.22245110826779527 -0.06436528887870345 0.2154911261360209 -0.02979146995028534 -0.01048100870102532 
-0.10449944245708868 0.0165931236057557 0.42488391685163035 -0.20909672431964568 0.39118972866534973 -0.4780376567916117 0.25401477412919343 -0.327717471825987 0.07071820038735326 -0.4297402554648401 -0.007027032992363878 -0.5103749565589618 
0.3956704110940459 0.3551484553984434 0.25860049984360534 0.3638787822064928 -0.31013591055956546 -0.2993981951173257 -0.27304264461246397 0.1065277010284336 0.35550872060934124 0.4300235565585156 0.18406070025584276 0.20220014719736484 
0.4092364511039887 -0.12425091977316285 -0.21849440470574763 -0.1903338991989542 -0.3735757634987474 0.3187191706066599 -0.3364961041243847 -0.20562522668436206 0.3564167906421135 -0.16503582465775504 0.524740669657063 -0.19280645476017977 
-0.013984191828451975 -0.3716669524671787 0.305646077416735 -0.16464199696671428 -0.0707839390788818 -0.010966839627586818 0.37442429836692404 -0.4114909216852309 0.15214827089060465 0.34243499122436644 -0.4926990177667146 0.004735359942134271 
-0.0021943153610842698 -0.33828572084062103 -0.1270015324191195 0.46921806317253884 0.4836210199616863 0.34985887229620566 0.5270247269726129 -0.34315678151956114 -0.41033904313786884 
-0.2842858547929551 -0.19555278303890272 -0.32279228284199807 0.19781001629606063 -0.06713859235290053 0.32429105639065137 -0.26477446994211756 0.23752762039843897 -0.25722923861027003 
0.06967116308993283 -0.14828775229138122 -0.4410231081634291 -0.27449499472192196 0.1760132797945097 0.05882993412160643 -0.007994136529195684 -0.3292768113645261 0.06964308275507794 
0.5557810017530926 0.3369238731363034 0.09301647531821794 0.5071926929322225 0.4377112223023826 0.13722714070566763 -0.508591249182853 -0.44115408154546376 -0.4325663256418142 
-0.07042769847098489 -0.1155193698172413 0.4735529630364215 -0.3295834829270624 0.4795276067228688 0.27308568705999314 0.34706649563304753 0.10839199796091994 0.16671074549573442 
0.047409744996815745 -0.5532578451952301 -0.14513265979046824 0.020874548697325388 0.25357559149366077 -0.028461572169977314 0.03341501532477821 -0.4057888040693289 -0.4874178531191147 
0.2710052818257119 -0.17937920179402314 0.4826536346014692 -0.2773207293846043 -0.18363989716825174 0.008212629441916041 0.28098704793479823 -0.060185732823684494 -0.37284651268043556 
-0.18535928054729778 0.004439973455909313 0.17179305312806237 0.26771674556745956 -0.36731572945844604 -0.4753004784057598 0.018758091062458394 0.3075351087777772 -0.48568951966259877 
0.24940212518829857 0.20208605089891213 -0.049948216317943404 0.4514907312276102 0.1602817094804304 -0.5030698844541437 0.04228247136641338 0.37008592146871716 0.32796410416728355 
0.14727574813629163 0.17164344668596465 0.07732957328165606 -0.22356049634698488 0.05959050134240622 0.16968770596960173 -0.14570450036710308 0.35344156528751175 -0.3025073708954166 
0.3326952956047816 -0.22671593523167702 0.27136105892483475 -0.05085451379588319 0.33575738361765933 -0.13661982392552752 -0.2381639276882805 0.27173833430982536 -0.18919699544019233 
0.3122224957729678 0.25855175081788606 -0.27615944813582144 -0.2712531807596432 -0.3160751645225357 -0.3619868036334498 -0.06854650993072105 -0.5179340755780024 -0.3867986132771234 
0.5841197527768853 
-0.11051062853654744 
0.6131940196730211 
0.5122033880958565 
0.06336317034191494 
-0.6132990205918146 
0.8107122049982377 
-0.5201250625373781 
-0.42888784711272193 
