1, C4 0 H1 1, 1, 0 0
2, C4 0 H1 1 H1 1, 1 1, 0 0 0
3, O2 0,, 0
4, C4 0,, 0
5, N3 0,, 0
6, N3 0 H1 1, 1, 0 0
7, C4 0 C4 1 H1 2 H1 2 H1 2, 1 1 1 1, 0 0 0 0 0
8, C4 0 H1 1 C4 1 H1 2 H1 2 H1 2, 1 1 1 1 1, 0 0 0 0 0 0
9, C4 0 O2 1, 2, 0 0
10, C4 0 H1 1 O2 1 H1 2, 1 1 1, 0 0 0 0
12, C4 0 O2 1 H1 2, 1 1, 0 0 0
13, C4 0 N3 1 H1 2 H1 2, 1 1 1, 0 0 0 0
15, C4 0 H1 1 C4 1 H1 2 H1 2 O2 2 H1 3, 1 1 1 1 1 1, 0 0 0 0 0 0 0
16, C4 0 C4 1 H1 2 H1 2 O2 2 H1 3, 1 1 1 1 1, 0 0 0 0 0 0
17, C4 0 C4 1 N3 2, 1 3, 0 0 0
18, C4 0 H1 1 C4 1 N3 2, 1 1 3, 0 0 0 0
19, C4 0 C4 1 C4 2 H1 3, 1 3 1, 0 0 0 0
20, C4 0 H1 1 H1 1 C4 1 C4 2 H1 3, 1 1 1 3 1, 0 0 0 0 0 0
21, C4 0 H1 1 C4 1 H1 2 O2 2, 1 1 1 2, 0 0 0 0 0
22, C4 0 H1 1 H1 1 C4 1 H1 2 O2 2, 1 1 1 1 2, 0 0 0 0 0 0
23, C4 0 C4 1 C4 2 H1 3 H1 3 H1 3, 3 1 1 1 1, 0 0 0 0 0 0
24, C4 0 H1 1 H1 1 O2 1 C4 2 H1 3 H1 3 H1 3, 1 1 1 1 1 1 1, 0 0 0 0 0 0 0 0
25, C4 0 C4 1 H1 2 H1 2 H1 2 C4 1 H1 2 H1 2 H1 2, 1 1 1 1 1 1 1 1, 0 0 0 0 0 0 0 0 0
27, C4 0 H1 1 C4 1 H1 2 H1 2 C4 2 H1 3 H1 3 H1 3, 1 1 1 1 1 1 1 1, 0 0 0 0 0 0 0 0 0
28, C4 0 C4 1 H1 2 H1 2 C4 2 H1 3 H1 3 H1 3, 1 1 1 1 1 1 1, 0 0 0 0 0 0 0 0
29, C4 0 H1 1 C4 1 C4 2 H1 3, 1 1 3 1, 0 0 0 0 0
30, C4 0 O2 1 H1 2 C4 1 H1 2 H1 2 H1 2, 1 1 1 1 1 1, 0 0 0 0 0 0 0
31, C4 0 H1 1 H1 1 C4 1 H1 2 H1 2 C4 2 H1 3 H1 3 H1 3, 1 1 1 1 1 1 1 1 1, 0 0 0 0 0 0 0 0 0 0
32, C4 0 H1 1 H1 1 C4 1 N3 2, 1 1 1 3, 0 0 0 0 0
33, N3 0 C4 1 H1 2 H1 2 H1 2, 1 1 1 1, 0 0 0 0 0
34, C4 0 C4 1 H1 2 O2 2, 1 1 2, 0 0 0 0
37, C4 0 O2 1 C4 2 H1 3 H1 3 H1 3, 1 1 1 1 1, 0 0 0 0 0 0
38, C4 0 H1 1 O2 1 C4 2 H1 3 H1 3 H1 3, 1 1 1 1 1 1, 0 0 0 0 0 0 0
41, C4 0 H1 1 H1 1 C4 1 H1 2 H1 2 O2 2 H1 3, 1 1 1 1 1 1 1, 0 0 0 0 0 0 0 0
43, C4 0 F1 1, 1, 0 0
44, N3 0 H1 1 C4 1 H1 2 O2 2, 1 1 1 2, 0 0 0 0 0
46, N3 0 C4 1 H1 2 O2 2, 1 1 2, 0 0 0 0
47, C4 0 H1 1 O2 1 H1 2 C4 1 H1 2 O2 2, 1 1 1 1 1 2, 0 0 0 0 0 0 0
48, C4 0 C4 1 H1 2 H1 2 H1 2 C4 1 N3 2, 1 1 1 1 1 3, 0 0 0 0 0 0 0
49, C4 0 O2 1 H1 2 C4 1 H1 2 H1 2 C4 2 H1 3 H1 3 H1 3, 1 1 1 1 1 1 1 1 1, 0 0 0 0 0 0 0 0 0 0
52, C4 0 C4 1 H1 2 O2 2 H1 3 C4 2 H1 3 H1 3 H1 3, 1 1 1 1 1 1 1 1, 0 0 0 0 0 0 0 0 0
53, C4 0 O2 1 C4 1 C4 2 H1 3, 2 1 3 1, 0 0 0 0 0
54, C4 0 H1 1 N3 1 H1 2 H1 2, 1 1 1 1, 0 0 0 0 0
55, C4 0 O2 1 C4 1 H1 2 H1 2 C4 2 H1 3 H1 3 H1 3, 2 1 1 1 1 1 1 1, 0 0 0 0 0 0 0 0 0
57, C4 0 O2 1 C4 1 H1 2 O2 2, 2 1 1 2, 0 0 0 0 0
58, C4 0 H1 1 O2 1 H1 2 C4 1 N3 2, 1 1 1 1 3, 0 0 0 0 0 0
59, C4 0 C4 1 O2 2 N3 2 H1 3 H1 3, 1 2 1 1 1, 0 0 0 0 0 0
61, C4 0 O2 1 C4 1 H1 2 H1 2 O2 2 H1 3, 2 1 1 1 1 1, 0 0 0 0 0 0 0
62, C4 0 H1 1 C4 1 O2 2 C4 2 H1 3 H1 3 H1 3, 1 1 2 1 1 1 1, 0 0 0 0 0 0 0 0
63, N3 0 H1 1 C4 1 H1 2 N3 2 H1 3, 1 1 1 2 1, 0 0 0 0 0 0
