0.5858074292050044
-0.19373874226990762
0.2931070321739015
0.6310924724932024
0.5334670318828917
0.309869746335355
-0.22895641095705502
-0.4017704356842859
0.5351120818741154
0.6069684835666482
0.7811432103888651
0.5863238771349448
-0.10987268206147395
0.5779869119498086
-0.09064907734240207
0.7868093889786937
-0.04276163700668443
0.7176778659051285
0.11218838953922193
-0.16732088228318162
0.6058820662917057
-0.10196120417040871
0.6239326775834816
-0.12477987805566822
2.026376467780708
0.59639933185245
0.6225138184432822
0.7268216715082179
0.5114014323676562
0.633857256015504
-0.17605655052142027
0.6465731308933655
0.6837680371637163
0.8158865974060574
0.8058894522344192
0.8755027361657315
0.574133097087493
0.07595295235387262
0.006722715058006687
-0.22931653207106273
-0.3511073825389252
0.10672846292739183
-0.08861848762640855
-0.16039147279394977
0.29728283637306285
0.6958445243232071
0.7808529604531701
0.5825894350545211
-0.0029102810362274766
0.513433401942479
0.5967082367949872
