121 30 20 1
-0.019795891983011397 0.051726337303796735 -0.17227868425421436 -0.07464681438774583 -0.19418806369083003 -0.14715144823783222 -0.07999136019474755 -0.04173167260051786 -0.029645285489232967 0.054489185698962495 0.0031816473691572912 0.11382706749639235 -0.12829519373691506 0.20372632012550615 -0.18320973187620496 0.04776681470697649 0.010299794682029621 0.06866666301435156 -0.192559117166861 -0.03534776295371377 0.16310590820624768 0.2243970159136274 -0.0023816922649052765 0.03984063858126763 0.19617130994297996 0.2410595258186134 -0.2143911489148901 -0.20052028626124896 -0.035302213517376634 0.2313087490772759 
-0.05912224303453227 -0.07482166277499552 0.21075236324474772 0.039022993005172764 0.041419867389438585 -0.027336540419564122 0.13341632970608036 0.17027704969259447 -0.1976708111454708 0.14104631177498655 0.21740118821565935 0.1494457273817473 -0.10912732142945461 0.16545874453875728 -0.18323622810875756 -0.044349945325545155 0.21442716315771027 -0.015115030022890307 -0.14584918695830063 -0.08153903488700978 -0.13712920555662442 0.1209713130348667 -0.047956340065346735 -0.12268448766444819 0.04806943310176936 -0.11313573669143194 -0.015733917196995763 -0.13376343185679285 0.09909230785586749 0.14400793455371094 
-0.06607413485064687 -0.09994472788112753 0.07727247149091822 -0.0731701475469288 -0.1562737284179381 -0.09390760303881725 0.029285098884715317 -0.0018998094213722554 0.23297251396761243 0.034836278396180524 0.22512154809689072 -0.11484779248212285 -0.013817625056383254 0.21714238429063357 0.10487128721994933 -0.0647669437710092 0.14257235730494147 -0.11593351901172301 0.15420171905252114 0.13941776228016656 0.1545847374384333 0.06428547639648316 0.09609528610577792 -0.1759795178922902 -0.03222034823665326 0.2434760314624594 0.0029741604651914886 0.18400006235889702 0.18173447172499696 0.12233545985687548 
-0.014289760081082953 0.018651260043261588 -0.0009378325918371457 0.0015635342152637668 -0.001887721684741611 -0.007740647898159678 0.015453274218786454 0.0014542863967337808 -0.022324458135288456 0.0025443917125887606 -0.004247439994921712 0.0004809593253835778 0.014332981466628147 -0.003276458343053079 0.015793766395126915 0.0027158333269313947 -0.021288137371182413 0.01721803198011592 0.004852481067591606 0.022340131431875635 -0.010930673475153089 -0.012923636834802741 0.01743939622720556 0.0050650294557412255 -0.01753835292375879 0.007408109945431959 0.007338816612335363 0.0167735542813511 0.0056115227988147 -0.013699063373503531 
-0.07707633402897185 -0.2451044111590462 -0.15360799448951748 -0.04299479151061167 0.13154076157653782 0.09629478752018787 0.09838772011713924 0.19298252332276924 -0.17194850025367714 -0.03691619601601479 0.04769318073180249 0.2554599727571462 0.029911705889756262 -0.14081166633020373 0.10139984519941973 -0.10556255130068853 0.188404740679047 0.04860366671746201 0.08673418336448609 0.14076412771497107 0.0955924719960872 -0.07767822849898925 -0.1196491986399345 -0.16677682783315784 -0.11926485304188308 -0.11081056043901372 -0.17586795163362337 0.11193768560236114 0.06581485415544223 -0.1534074309552296 
-0.06632728754510128 0.1701451819828149 0.04244615984688211 -0.1284696428469414 -0.15310215747953201 0.10068991091247333 -0.10340722254976292 0.046491342749061054 0.2091083409192375 0.16398424389428934 -0.05933756508388588 0.02940427967391252 0.015262521904591892 0.19668771515111388 -0.10563264522286173 -0.22751694180445073 -0.14701904543188363 0.03141110011255424 0.008523848944370211 0.10387785277126324 -0.044588595133396566 0.2272385400465505 0.10205585547311956 -0.05840401580009543 0.057798595340931964 0.13987173900552566 0.08473653730177261 -0.09291227209583584 -0.06785709076298985 0.013694005600357207 
0.0028954008826774457 -0.02928985410987486 0.18239521045717974 -0.065788070521668 -0.06463748531747245 0.13594243896668784 -0.010181916582840053 0.1427525461651431 -0.10678919186392315 0.27101352985810817 -0.19159469768283433 -0.10168947203432578 0.17365111006335113 0.0770945064390496 0.2017876995472107 0.20178391605495852 -0.06865282293121427 -0.0067289126199517315 0.1591510666170339 0.13361574118298641 0.2577993043210492 0.12932720890262672 0.17622572194679084 0.23414506780199848 0.034543117918217105 -0.09447449581879533 0.015603444363602276 0.1486492457526224 0.09308422430850241 0.08413464144214162 
-0.024116818766499425 0.19981268873401406 -0.05613580978529114 0.0519171011621953 -0.3769341389529539 0.13287527117366602 -0.056404897709806875 0.2524597584768028 0.05557163947834971 -0.1431588338186408 -0.18789875989443536 -0.0016406192290616942 0.026941615041729528 0.08047288871553919 -0.1779698570480156 0.04509888992650417 0.11323761795402018 0.32449671688740506 0.05337290977955883 0.2435932667345384 0.09380954171320938 0.05746359773150463 0.1428843989488955 -0.10029290176863975 0.039772462817060115 0.03159518040310444 -0.07819199636243254 0.05339956239655108 -0.016939543779368314 0.09792123644224825 
-0.026019074077354334 0.08955946979382237 0.060470641710176076 -0.10772044709510739 0.10761586388318545 0.08504116605927754 -0.1212485113185873 0.006837250826744871 0.07053028005767896 0.20941525292242189 -0.1676484865496099 0.24757128721011423 -0.0530518375808649 0.24784550166335567 0.04523515649524259 0.1414291621284566 0.08563859079491364 0.10830038646278792 -0.13668737776310064 0.0903896533370113 0.1563963636442185 0.200553544447098 0.16343826809989634 0.04576383153669441 0.2052567780681224 -0.0018686036230601913 -0.011735821614162355 -0.00890209325724098 0.028904948716894172 0.033403600816236674 
-0.02079605171877684 -0.0575618880617051 0.06885402293521763 0.026182382513149926 0.1273359808655743 0.15647169901801355 -0.06514638202394846 0.012533863349406336 -0.07662718658474214 0.1610948209415111 0.16104330177263926 0.20489821434699806 0.004888988299885406 -0.039057394996722776 -0.12810875232924845 0.07444529068235892 0.051264782793561045 0.22258384389134744 -0.02690570200253595 0.15339134910320518 0.05908099307287966 0.1561026304687703 0.09770240686732477 0.0020558490779231577 -0.02494657081588252 -0.15675517815674223 -0.006996995075871331 -0.1426282145684873 0.22531158254204264 -0.09999770815591555 
0.010096206081328118 0.1915335542102935 0.032836317798318006 -0.1936825590114213 -0.5008687270182142 -0.39430758326835386 -0.06297616090509493 -0.18287652890157374 0.11119467277386333 -0.12004051495113918 0.2416632978252829 0.11803784027576741 -0.12964080805695113 -0.12465884642940366 -0.2478580512495754 -0.13393775908756336 0.08509408938458643 -0.23626363265154127 0.022090683356139947 0.22436565655268015 -0.09229129225667534 -0.013229664829161776 0.029420294181539748 0.08794787953117794 -0.06099583314373943 0.08069991220879517 -0.4347803686890502 0.020213086641725376 0.1867166021413106 0.19624481820110568 
-0.05553726025794374 0.10795066839851396 -0.06700228484780282 0.015790066874407788 0.08742307304181555 -0.1795352473918921 -0.03355714689200551 0.19423797284985736 0.11914013004826543 0.06032179759794084 0.16066426788139226 0.23988717095185144 0.20367506299965052 0.18615304634146726 -0.11836914010959707 0.0716870015423335 0.11259528388992965 0.07225484117289502 0.06055744519624695 -0.13154655628254588 0.16335074872893804 0.1486078157850359 -0.07623701791225881 -0.1395310676574279 0.13076380628132958 -0.025727402982332503 0.052927965412432665 0.008973947214076076 0.17967200084129917 0.21424654247576974 
-0.035549554423519564 -0.1815336650255609 0.155612934910397 -0.014036336694013985 0.16960332696840982 0.03959026827637879 0.22354438157866988 0.002964166684846693 0.0701005701399747 -0.1292845869962229 0.04433038890883835 -0.1670743768320092 -0.15645732912084284 0.2013683898362719 -0.14901290108424597 -0.03444320882720279 0.17221811380821758 0.1049330274249397 0.07870575583553391 -0.029145718285936942 -0.01283950191809093 0.044337985502746896 0.29428078090830456 -0.1346282583237585 -0.08345933637892006 0.03864957065064811 0.027948911390296264 -0.05606038369133573 -0.009326673909641205 0.14379844596898508 
-0.034432154653690164 -0.027352789609527934 -0.034222723403459776 -0.08148403938892809 -0.011939251513482735 0.2410672693800378 0.05950486086158763 0.16748900446374718 -0.014991051721029372 0.08624998113690764 0.16199632995432722 0.19910471951047917 -0.2452824446656041 0.09618224312382517 -0.047754046460218746 0.10998744858168377 -0.013988006780076782 0.04837203678212865 -0.21527912054638043 0.010966481274131827 -0.053755686719936205 0.13528753698112378 0.1869169696534097 0.10527225182405534 0.172012745838553 -0.08015810431445891 0.236666363002527 -0.018124579240967508 0.10851536332829785 0.058072312240841306 
-0.05799936006675476 -0.12293379191118375 -0.13371318498277535 -0.056020909365188394 -0.15864335068521496 -0.026455707368203827 -0.14896614531829847 0.16801826001855288 -0.11508054993669609 0.17049116131557007 -0.06644470482892918 0.023281834214264364 -0.004627170676011919 0.01834209186251385 0.1112134442865463 -0.02898632797825153 0.22492596714000881 -0.08020666130043358 0.0563848301446369 -0.1261360206208409 0.10258139609120788 -0.12413759670253588 0.06883970394970007 -0.1418776433714128 0.22309188369866334 0.06787707281391292 0.05815843086146197 0.25305155476571956 -0.1676828921796728 -0.19502768740641166 
-0.05158798928580033 0.05490895048927767 0.19579461198567402 0.23851689186420263 0.08070064988570112 0.17463877019974358 0.22535817268466268 0.0207045645096947 -0.11967389460794894 -0.0984756753574226 -0.11883068100964525 0.1945901196126041 -0.11506333940884074 -0.02219677468329642 0.10376451902860445 -0.016103831378661913 0.24249517918318816 -0.019048973511815316 -0.0728713802819751 -0.04110477710218131 0.2278010164308555 0.014320578159026947 0.013900646741647439 0.018267694749938307 0.23734070704776056 -0.12729453152193262 -0.06053237113480971 0.21473034943089453 -0.11342556465646478 0.03298751403019423 
-0.004269382111921606 0.012724437002241852 0.0011165641947145746 0.004828731641636989 -0.000876939500536466 0.0028552483677714144 -0.005549949428783986 -0.02180252121332591 0.001525405673990658 -0.004769612872269493 0.0003001806178793763 0.016321791724639798 -0.0014507433345434298 -0.007283506298838941 -0.002866550358889454 0.01738777974608143 0.017741484222673812 0.011851104447549287 0.01658034216460063 -0.008155092875513014 -0.016059706577685233 -0.008182303319333922 -0.0046667437263347485 -0.010800204130081165 0.0022756038722749035 -0.0017544926683756195 0.010329763062938353 -0.010252401911215438 0.005249987350342553 -0.007592316874421595 
-0.004406892697184242 -0.11496361745193993 -0.1520702928367094 -0.06926319350108148 0.03596641231140421 0.06288254148161623 0.06903158319557727 -0.09396818909045632 0.02173284753613481 0.2399021788978033 0.15005145193153713 0.08616428005020416 0.1546788083332719 0.21104495401643622 -0.0018308866444761316 -0.19520326617424047 -0.10251060966393524 -0.08982198453289052 -0.08613637921217354 0.012363285542737948 0.24544138553750794 -0.08085008449325934 0.2669176349361096 0.10417269662430453 0.17892620282293256 0.1091012364325487 0.022277487109510816 -0.005233366073254404 -0.13524282740330423 0.007695162552428709 
-0.00013492066039263176 0.0969353719787545 0.025623812666915536 -0.056328716652266964 -0.195027123714486 -0.2280347975484919 0.14973825023123327 -0.03089551393232213 0.19860274863846475 -0.07296620968897452 -0.022036262485963718 0.0734373845147805 0.14358812481818725 0.04194866298236498 -0.06272250353280352 -0.1411824375893136 0.007722370960636219 0.042919505776561485 0.07648672221659963 -0.06423962089948738 -0.14903529353354233 0.044603331944619365 0.12537218994123928 -0.258918319220393 0.11981964755832344 0.1702329844288877 -0.052295841894592736 0.19575215123245476 0.15411108870591161 -0.15864290099151887 
-0.00026965327858106513 0.06634594377860521 0.19106220843816493 0.11735740524033765 0.04834293025314959 0.07025725418901864 -0.04707560934057606 0.09033472392019745 0.03531057880230813 -0.00864253529397791 0.10539936441785616 -0.05561077676432021 0.18294213907720117 -0.04088191267337643 0.013476188038317675 -0.07734874207587533 0.18627548884432626 0.043900421806682674 -0.0734417572102707 0.1166849169755962 -0.004192021034222875 0.17276295412974343 0.12892009608110755 -0.44958183755042186 -0.024461136235931647 -0.1507374427582339 -0.15221559507566232 0.01586793429786135 -0.25827741233460766 -0.1578857029956 
0.007150905392639317 0.16846863431963283 -0.12412042210278651 -0.029287824200325777 -0.27570584203156306 0.25963550285838227 0.11554581695494007 0.05765394600011724 -0.0842431122549937 0.1916894912878114 -0.0247396005834663 0.20257406791483773 0.10073395419900878 0.05104920403760519 -0.13927034394709104 0.16720560631208692 -0.08509987542801437 -0.025347551379498734 -0.033948967355043116 0.02626686676091918 -0.09302337133566743 0.1404175847646367 -0.05800243196496094 0.11233898226301865 0.1353738578852937 -0.1053739003463325 0.013035389248757114 0.12351193488535 0.11327290362602613 0.03258814591638819 
-0.005347810494443963 0.06934042532292709 0.15487539087432603 -0.13165277894736352 0.01442994313688615 -0.385843248257567 0.12869181821084757 -0.176346275705402 0.02690523209102032 -0.20983641637678394 -0.09355754990619738 0.17687996568787523 0.024197981305069283 0.07699191203938564 0.01182445668569569 -0.181984528611299 -0.11309310753860155 -0.41833337398249115 0.01838942715611368 0.037342736578309096 -0.027398380073646755 -0.21896716216300938 0.24274404583712883 -0.1977282083782877 0.1595752004878987 -0.15948829089336694 -0.0308546188263254 -0.2871287774876055 0.22675746444865552 -0.041366509582552495 
-0.009292193324314038 -0.00788534846165388 -0.15277613585580033 -0.053695262693222244 -0.11396400252362611 0.017539718633641576 0.05228461724618492 -0.15712640222366292 0.19435457908347833 -0.17097037014925923 0.2142974655761936 0.019477229514628713 0.08570927649125545 0.16812312748123817 0.18823609950351983 0.2703045300294423 -0.11894284022800339 -0.22684778095769073 0.22971384513838367 0.23643332320271626 0.08567396290952069 -0.001279553344415989 0.14481968513037832 0.032198262336353284 -0.012745418160127048 0.2348490957154285 0.08406564140289 -0.0322212985759293 0.08417688678743185 0.190484904134305 
-0.07134087046208877 -0.06316910881386192 0.2162743680400123 0.01758578155491713 -0.17809761873207985 0.03588502877934326 0.04478585244109963 0.2528993079408542 -0.07650055429683245 0.006627888579569479 -0.1903192796972614 0.017906712762479033 0.043576548375919136 -0.06210058644190516 -0.15577531397885744 -0.009051378117740216 0.25411821131843115 0.12747885361361583 -0.22244581213327752 0.06333790209707647 0.010773964017039596 0.09970235285936135 -0.00996895121263721 0.07266282503728944 0.24478061490621594 -0.10755246273260058 0.07594723706859627 0.023098932904494173 -0.03801600516503392 -0.17541579956991923 
-0.018125884912520325 0.0821764647894536 0.040230045168264006 0.09831604288410449 0.01663631492377931 0.035414630303514924 0.18770333675852796 -0.1516256672022412 0.02783072812951168 0.17894594331471153 0.1159634001264043 -0.08711429193593119 0.20175589965980326 0.0022434652051438694 0.05168333775601787 0.07040373564864563 0.20842611778830286 0.0997440585095416 0.11144573630167316 -0.11768731717795435 0.22601007962334874 -0.13303192798136307 0.021380581086690054 0.19032920733038078 -0.15344713878289554 0.24356442865426628 0.03934377647941302 -0.012385130722513434 0.04637985475872706 0.242098679013597 
-0.013942477383914778 -0.16095845529873512 0.17649451628284438 0.23476716786975857 0.052506792388377035 0.2355664209157655 0.014801514802157953 0.09002558736333095 -0.012623162094576588 0.04541789360720383 -0.09968069007946007 0.21588434533860884 -0.14383058151966432 -0.09511658245678985 -0.06927605069738389 -0.15410541878474787 0.1318218578391608 0.14826669223407707 0.1665297684215894 0.06270606905808805 0.15828324429448415 0.11293900371054962 0.20723775947138606 -0.028447149565753015 0.08270326198401874 -0.04468647642105865 -0.009376106795885637 -0.13234492773260834 0.04077989497137539 -0.045858573725155935 
-0.022028772324638766 0.25201230202945124 -0.007782428186106553 0.2931489573972873 0.0582214972676192 0.06975126008368014 0.22580669998752648 0.13449760884796108 -0.13037829337584877 0.18329325558768683 -0.05185911635382635 0.03667108907393189 -0.13400663349815808 0.10386398601475476 -0.17943066331106391 0.21992842844877405 0.02850352924924288 0.11154572764992264 -0.1259644581129464 0.1303748610138385 0.24598839047778978 -0.029558626545791174 0.06615332910701216 0.12832692182206368 0.05734909024483646 0.17840973143804348 -0.297389221344059 0.10861219778780083 0.08846011365372702 -0.12180630429476302 
-0.021450580200291672 0.1763415232602104 0.23521211521535781 -0.14252505132157087 0.0529078106166339 -0.32888847516751635 0.02408419058256493 -0.08771313128964321 -0.04495636155709708 0.13935452004349058 0.002500293871246146 -0.07060029739794528 0.22635799288163605 -0.19636682293905 -0.05049485538538725 0.026804011741558154 0.04400340156518113 -0.25226383768463717 0.06334167511229942 0.12068967446076105 0.10499429782192171 0.10137895432427778 -0.06495760420874686 -0.18472196607963004 0.04467079450918079 0.0017822209113432276 -0.3143021818703639 0.05824623341830561 -0.08695130145299221 -0.018758180058582895 
-0.011523892790449465 -0.09976061860057012 -0.10426956164194047 0.07380369861975263 -0.02643772471155233 -0.019081655107814822 0.030231963488723153 -0.1931957975817582 0.1642794711465468 -0.02940664214422695 0.2659849536162073 0.08109281716502045 -0.11158544714124874 0.02075183029127093 0.23440304308150453 0.22878415722332124 0.1566808284038046 0.0631489518600551 -0.028606805173262004 0.18312483323962592 0.008034306685822347 -0.02825101092593674 0.023668118928710482 -0.056642808991241085 0.13770476799738596 0.36110969488355305 -0.1226284955030339 0.08520927705517937 0.07709835403496755 0.34759449243728846 
-0.018470141475981756 -0.28657900457678676 -0.06971441510098807 -0.21806620285843442 0.17640721054875116 -0.2197571142781369 -0.09305722132092727 -0.17415411991397414 0.08498614913096984 0.05352551184766137 0.02374420751588334 -0.1286263262541345 0.34325633906338293 -0.005438516256136622 0.13767485476131908 0.21318018187156818 -0.10854186749186243 -0.29347033441318787 -0.05752866848491695 -0.0023402526385694535 -0.17109928733692759 -0.14011391604991197 -0.14250675419547856 0.12360089414396264 0.11713767076040356 0.06712453315216427 0.07065228622099216 0.09756981472163223 0.2400370195809314 -0.18572135862553282 
-0.007365200938375234 0.17082242587684776 -0.1838051196658745 0.035789846661525945 -0.032410606570383235 -0.09049522487984701 0.21962180116048882 -0.18403444500476587 0.057127340962275744 -0.1824049413575582 0.1480509641716085 -0.10995566265007525 0.004528046500026076 0.21775583406387128 0.31302969241025724 -0.23289719144404344 0.07483407159770045 0.01648648436459207 0.08266622254818423 0.133350854166275 -0.17138663606159582 -0.06774864394144729 -0.10819262702077137 0.15004491368258882 0.03202425220414533 0.10530607122216631 0.19493421495998767 -0.02518403036155711 0.14020382282394914 0.020469229468360575 
-0.01711699517742803 0.19410178838118886 -0.15870058700898082 -0.1617809030563855 0.10262854119261296 0.12931464763044156 -0.087092661640324 0.1072506136907423 0.04115750737572796 0.13514388857772 -0.1083385427374624 -0.10157017168566074 -0.15307848985821432 0.23302885713864685 -0.0605513292441081 0.15646621485949155 -0.06842496932851526 -0.07705491103194909 -0.23786232663288612 0.061507557948515 -0.02334228201402684 0.10752631805343267 -0.15424399048859974 -0.4089313445223933 -0.11388156739609942 0.01615994612992167 -0.2986139914441609 -0.013184251524155092 -0.02444447550573724 0.10563719764391136 
0.0490356783672291 0.24315974886239033 0.04303191424326296 0.09293649072758219 -0.36254185872890976 -0.19948392486934635 -0.07469619068472975 -0.12272125585697015 0.2725775432028471 -0.0318829599865219 0.12030546252544516 0.13433013561113735 -0.15301802072359058 0.28074070757428543 -0.021354443088979727 -0.22820304555350646 -0.08546813319809334 0.000488688741854513 -0.21561164687070186 0.20412964581671886 -0.17475349430817055 -0.17937080237577793 0.3033178644375652 0.002132800938655228 -0.05263907568574478 0.06715856122018189 0.03379015159103966 -0.2555150706889939 0.3327532019635757 0.320725754969173 
0.01012974233160617 -0.17446985383462918 -0.012412150387726686 -0.18839301103917122 -0.026526310204741534 0.10901405849639012 -0.09570928823152755 0.02245295944981334 0.023616844801211033 0.12022506981478166 0.059502573457309166 0.13483366814314585 0.01230966683111003 0.21398725422733025 -0.005384997976038282 -0.25241602107601296 -0.2251067637957638 -0.05449153769876396 -0.31684327772571996 0.26762956786564235 0.03504445652808571 -0.09507191830429239 0.20981404784081759 0.06536116832162298 -0.1879908458010761 -0.05703052380745371 -0.0588793456819748 -0.09493889198873813 -0.053816316933096665 0.1952187864533551 
0.00020719716258510234 0.0533039316701036 0.030908663613823526 0.24993940674706694 0.010723419133000851 -0.15210110168401633 0.2494525093178882 0.12807050444378146 0.0523843416348194 0.2686203201309538 -0.24123442267380682 -0.04004702998315698 -0.36191642146924125 -0.00517697673898332 0.18307981063015966 -0.13449464503137598 0.07092747299170783 -0.044795907385543815 0.2818598503415182 0.08933253931851642 -0.12155478975975545 0.09185174749631778 -0.11508854675362147 0.4969499885996221 0.24768325132876248 0.044332134752671094 0.014962407696283715 0.059528069488268345 0.14752262080325965 -0.07203348046737836 
-0.007795045789125109 -0.026783681296265894 0.11878560079852761 -0.13870891107639918 0.00906304302107922 0.03412145671932195 0.10499333141816794 0.15228405789412533 -0.15074172730199953 0.05478118300361589 0.13028391093710157 -0.11051670634641896 -0.12201396790958517 0.20868674160274994 0.09168375391296547 -0.08507110860470903 -0.07434260679348219 -0.061340315859353255 0.02425580245766259 0.013172261667382678 -0.0873201225798336 0.21239499950427707 -0.11718811228667199 0.06599276145420373 0.20752130610888986 0.067400112485593 -0.15815637129963245 0.059143660325711 0.057855928537070146 0.17429708865848473 
-0.0058552583416533405 0.1515955402366152 0.12504523557625008 -0.04387485042431029 -0.21593923096038292 0.24391859766931906 -0.025859114652181138 0.008370222323544615 -0.25364302672697586 0.17181791056476517 -0.06712001128628535 0.32897743179640104 0.09216187201499212 0.11350854877811503 0.14300348435952603 0.1320177010364188 -0.15863341968637337 0.22611293281794206 0.16042742216183267 -0.10524926490164019 0.01303443224899852 0.2755423836422252 -0.3023506299205358 0.020360116122065397 0.30862414820081846 0.007731558428510113 -0.07206156746104844 0.253813349421275 0.059671709893376945 -0.06399815125048379 
-0.004438629513799374 -0.1056513517753671 0.11711766778823869 -0.1451374728686411 -0.18590745522575394 -0.11128510777106966 -0.13780961759338328 -0.0782341341087807 0.08238980277320858 -0.13772733469669401 -0.04384755679997809 -0.15982473775132938 0.22291797200927413 0.01837248009174242 -0.2366535810970693 0.2506418082777776 -0.006481848717394192 -0.02756449996014821 0.002757273581073162 -0.0036514963117847917 -0.06646961936761726 -0.022861249598585917 -0.06653746105499131 -0.14138564532530307 0.1154597541801199 -0.28129698862870334 0.37411247130617503 0.11622603605088287 0.187576599217973 0.1143058544269078 
-0.016562068940501627 -0.22977496079746648 0.046777566169101434 0.18970032686295557 -0.1251476809901328 0.18016945160103087 0.0971124599223334 0.1543009421250924 -0.03763685758021081 -0.07058938460273509 0.04046400586227177 0.1657878620623174 0.3239197532045456 -0.10473595409135714 -0.2735306898349229 -0.12391297165878362 0.007962931692598617 0.2594685041357481 0.12306076593362017 0.09476905272425398 0.06372643547835269 -0.0762567192707757 -0.09983227168086069 -0.3884089529707551 -0.030118159904382154 -0.01599029260194296 0.1826753802541588 0.1466974970356046 -0.1099971007773424 -0.21100447199690087 
-0.007828212748613695 -0.002427234747509021 -0.09686751715413709 -0.1448615580948079 -0.0009761497638971584 0.1030697123070884 -0.04747380058032268 0.17022670581295096 -0.07112189441417208 0.17902405000542485 0.004952362113806794 0.07179547580498875 -0.12687385258198966 -0.016493563545072747 0.10144614810021581 -0.045794194280599346 0.1876948652018461 0.2067205404940323 -0.04127232826109938 0.05660432739316687 0.1952061512489406 -0.1235512667850945 0.1320059258941279 -0.05797411753869654 0.18157470572396106 0.0559990131066042 -0.024366650623835025 -0.09552352620152917 0.03727060571650376 0.12489186800558295 
0.01061957561156329 -0.1361493768377251 0.17572760173973387 0.03424517096173407 -0.2245124044365876 -0.4122457673312836 -0.08671594276216629 0.16973878382277005 0.03548671898528422 0.16489334648239726 0.060020386493681965 -0.16396442556783566 -0.1329722003846795 -0.08336733666857826 -0.26303235209555553 0.006683989762435356 -0.00662193388446294 0.09689816498482925 0.15762842563451207 -0.1295826275882219 -0.09428519282244492 -0.022855250915479172 0.14933334266918766 0.00699223569133454 -0.0559200557084258 -0.20431174360113827 0.2480822905165441 0.12019014150452526 -0.24076102280427633 0.25438465377596 
-0.010079316640837598 -0.10634038779711177 0.017639313806252666 0.27288693846894646 -0.12062442041032342 -0.10548397136070682 0.22646729157538123 0.11683633896666 -0.19802576595997173 -0.12565821346313844 -0.15861169175324244 -0.0740638039324226 -0.07923540511597375 0.1022822013474565 -0.055385948397089865 -0.036668593388582284 0.10867767588066568 0.20397531901499139 -0.000329269686633284 -0.05372599883833045 -0.012994159686046156 0.2417704202940503 -0.024825864726943377 -0.07775458084167358 -0.02189911865028565 0.09540670161121761 -0.05204695810412044 -0.011418715064747391 0.008738270503977066 -0.12128283970289024 
-0.014074375732287845 0.09198048225276077 0.1733940648557137 0.19740745827679737 -0.021254081112714977 0.08632669626683548 0.11433872925215677 -0.006816339489312766 -0.17344430963262877 0.29303710459878723 -0.08861368262020615 0.2091412863658463 0.12746005017238432 0.03080392087567883 0.19884759563026114 -0.19671655557150944 -0.02938019330245529 0.07696042175106649 -0.005690256720731059 -0.27429969981966923 0.14618786050755558 0.17902810838554611 0.006541166779327524 -0.2143851549468962 0.1359932590354402 -0.030415549105879087 -0.29653876438207266 -0.032679204885968136 -0.18928746042730735 -0.0009410784250766065 
0.021162944383911444 0.4376643956534027 -0.07397790521006982 0.07249991599632366 0.3125928008649641 0.18645026464037107 -0.038610740872405805 -0.007456000310560177 0.19782892726624426 -0.13854804140690324 0.08700686457249403 -0.05362021174218841 0.257131534956776 0.20474983757936546 0.13508430831354465 -0.21739467892286718 0.07205515855713601 0.02693492213510711 0.07866294463555859 0.1693697169753428 -0.10286017562477123 -0.16585483405126472 0.046398790064064895 -0.1384409369110206 -0.11028431710682436 0.23807737431270637 0.25556726961423126 0.0371522035209929 0.1857982120057865 0.052279471589064166 
0.005200558411730734 0.3048545336359571 0.20179221517240806 -0.1721449501309261 0.0024692646472993067 -0.5623375330007055 0.2696860234469546 -0.06366701422630953 0.006592175861107063 -0.20641481593871408 -0.0965144239477286 0.07979652940814 -0.3495838384171052 -0.15738981191823492 -0.0123206504978227 -0.32321715508242704 0.08754530042375072 -0.2301798109101829 -0.12700724554787265 0.07302023358309251 0.11885796813905175 0.0894310465388827 -0.02751994938063006 -0.08931774325583196 0.06370219093642633 0.18676461469661887 -0.054246023495940786 0.19825608163415157 -0.09043265278141097 0.051053518716158146 
-0.019608883204091127 0.3293477010059364 0.05042097702096665 -0.13981167663830413 0.048141734118244954 -0.2911866002678451 0.15039434545310032 -0.11566605689368321 -0.07569959913020949 0.25614523153365243 0.09452636004986659 0.22649036762469965 0.022392446046385177 -0.16492318649576707 0.11871448682361967 -0.127701809065807 0.02958688096437415 0.00504314351503947 0.04251671973330747 0.2836329276289962 0.23652952303484698 -0.27085239320829035 -0.2849041606935661 -0.23348079430813815 -0.24654380067663048 0.17192420780525305 -0.18163633569683296 0.19278962654396903 0.0652752844844964 -0.10057619876639645 
-0.00359978130713727 -0.013613336483302827 -0.04996089103279328 0.038515556576489335 0.2235317937446751 -0.21533438241965278 -0.030372829251852022 -0.030642982054592365 -0.21293411875652984 0.21572633631307433 0.064664661496502 -0.008892051693774636 0.13227506946157971 -0.10178622485883547 -0.07423162808689905 0.006681188239063467 0.2413404346436718 -0.05406680150841585 0.0885805932745103 0.12195464150076674 0.07402648753439428 0.011810732260161664 0.05090606731491008 -0.0009513062795194269 0.11044960908935303 0.15286385122997095 0.031092124559574847 -0.05332945441269008 -0.17840010243397053 -0.11549153140456273 
0.00047707045559712026 -0.3584002432015509 0.20149223836040345 0.17743753765447362 -0.06010619976062011 0.10938216053537753 0.18053013173764007 0.2084291672628943 -0.25509519892874866 -0.015618848533767564 -0.3511384201950146 -0.10482930520801108 -0.11994289306182174 -0.3563115392186477 -0.0011014889734077033 0.19908830044658368 0.18162497125727622 -0.1337479139911561 -0.19058773683616667 0.1282157745899614 -0.2669119565270924 0.1348711503900433 0.2515976120944616 0.1536019872763844 0.2515695190399453 -0.09005512842438702 0.12955772673954957 -0.14511014855760057 -0.11614858235008195 0.17738545651652324 
-0.0057590777331551915 -0.01596613216423044 0.20556236833432617 0.22547789868886506 -0.011824047683343993 0.016872522403955596 0.09555772624739677 -0.07747237521256486 -0.06112145209850405 -0.11661877982657774 -0.04796727269706101 -0.1358230983682245 -0.22916381391555932 -0.15203426616779356 0.013191936039872629 0.0027645129118934798 0.18998557316503414 -0.0832375163841699 -0.035490576392151536 -0.2314821857862904 0.01037924030602536 0.21015355627805496 0.20234001716150538 -0.1842281006940763 -0.05505604765663583 -0.008342696412323434 -0.13035008440853327 -0.12857652992661875 0.011730969950894107 -0.14511463628161483 
-0.006004320331177202 0.05559926024940203 -0.05711312045038234 -0.05642582427926294 0.0031159032745551162 -0.13266951423669024 0.11241887797422206 0.03560332431887138 0.0453514590163264 -0.02290298526534308 -0.10343602909318424 -0.11082365345417396 0.12506147359591108 0.12291722890318242 -0.025965639994008097 -0.010239375957811502 0.2144757498207916 0.20008047234161855 -0.12241861344907419 -0.11561399150752574 0.061035475594011734 -0.08440156400065445 -0.025571076241632972 -0.010242649665865659 0.21374445605515635 0.10652779290219504 0.03830697177050209 0.08892558424359105 -0.04421275012640964 0.16105436153434574 
-0.012567549428378589 -0.0460565206866154 0.10038060628714982 -0.008175060844960561 -0.09730256885708066 -0.12084062346818128 -0.02490143067708984 0.15302281371786636 -0.19041803393084553 -0.023113469176266974 -0.1349051053303102 0.08842787230356357 0.4923020453941451 -0.1719634948044034 0.10559962904980544 -0.17102721734974688 -0.16041400067802494 -0.21264986802055852 0.06331035998417263 0.24676576735615272 -0.03223306774343236 0.20876798388710566 0.1747820369285876 -0.19172358866294878 0.08869407086689618 0.015700553857240927 -0.01212471182820156 -0.18745331554631783 -0.054126300252514505 -0.18855331276853152 
0.0042857821902561755 -0.008062975806264524 -0.018475955233035735 0.09486536328559703 -0.43059217072260136 4.2839565414411655e-05 -0.08618656534043859 -0.05407110749660161 -0.28589166430297575 0.2246542358527618 -0.24760268211313025 0.1101700997731211 -0.31416817467244923 -0.20035743050418284 0.05245414840516324 0.13126571440455945 0.19864487647269372 -0.04567744334366141 -0.1298707824100063 0.037269620605768765 0.18477152256959373 0.22534904814833823 0.06701581343626682 0.10233060978960473 0.21043687471152112 -0.21428688359538817 0.05147908362188529 0.12513424281230226 -0.008855632154064942 0.03349555169930625 
0.00035558840768720506 0.07186703688478374 -0.0030434340699218247 0.20388708970561345 0.2041813025545605 -0.1907804668174035 0.1871023463141533 0.07544301882983083 0.02440391328899639 0.07063539363188084 0.21820643723143532 -0.12512805203753175 -0.22810956138249056 0.12108535810298732 -0.019177929042455064 0.104463345983971 0.07692290923535365 0.112594244755893 -0.08375685280124509 -0.15578857962161177 0.01853192811355227 -0.021721700140024995 -0.14370384415272963 -0.03177376801572057 0.05655534572093479 0.04456877622951761 -0.02047404075562851 0.18478560819703377 0.29173908413967237 0.1805229209896278 
-0.0019335674830904806 -0.0075487925394477655 -0.05771096023901558 -0.07847384105852667 -0.11126510890877302 0.05073215322987806 0.1763196014948242 -0.0720443259710229 0.09263656432572179 0.20597522835046578 -0.17346176858395496 0.01984006201116811 0.05577865476508411 0.16002283828816222 -0.10459541498567876 0.32110694667870343 -0.04622555987681309 0.19158313775971497 -0.3829271707228846 -0.10302694612401944 0.2271080955155164 0.08502798231732023 0.025161690790524816 -0.08974404019946597 0.08593354457232272 -0.23646210505725773 -0.39619372488861726 -0.03410456089098567 0.04130802644589417 0.1424501883415896 
0.01194870528623257 0.017437213100949457 0.10541639090021263 0.1353311036261312 -0.1015302851338509 0.24537459619465618 -0.08896978086196526 0.2378528935231531 -0.16225692223322502 0.032046567966133074 0.04127080806067717 -0.08192915878215157 -0.17939388765449163 0.05679307524023966 -0.19248836050424512 -0.1480040705758659 -0.04002031943540998 0.268184440027566 -0.019999087436169356 0.1535752665950014 0.08366874942094939 -0.09243494562614696 -0.042453026790095966 0.3266650472480949 0.14457980185176442 0.18590561290022048 -0.03484344420839613 0.07957577771327085 -0.00018717837442105693 -0.023175178070696734 
-0.00799195658539512 0.01802179993384966 -0.0887777125901703 0.24703637895836525 0.43032375287081337 -0.14846471110866274 0.04116352786441208 -0.03865948724174525 0.050529160888982926 -0.15331247184686245 0.05541380386576499 -0.052935316685694386 -0.0389502874523707 0.10592532805394375 0.2899666522372761 0.030079964147214464 -0.2090259192249186 0.11323307798884649 0.1931196641897575 0.1959978759634137 -0.2213476029194229 0.13399183483043797 -0.09762280222488601 -0.2126093759313458 0.1258863951056592 -0.08676298313763983 -0.020966763357389822 0.16750206050161234 0.21302731366851016 0.0010576547764439529 
-0.01586397489465828 -0.06904629678974099 -0.25741696463447694 -0.3264180333309874 -0.4877528758922048 0.12657219078216664 -0.23203411597459758 -0.20253168800017762 0.2866676069287298 0.22231000962120057 0.17961597276907218 0.13892143635461554 -0.35615685221769694 0.3276091678150825 0.09571193987114066 0.31005479973514405 0.05133059028508283 0.10559210528379954 0.23411497485821056 0.22968755005678967 -0.1631852026361711 0.1076133961056714 0.03610984883786705 0.15294103214724167 -0.15785148253346348 0.2516948635876161 0.1561453171051882 -0.26826081534355084 0.0750252182713025 0.0556467928288786 
-0.007194140055681951 -0.3847444377528367 0.059670296954897444 -0.011214779136590377 -0.44804833370224595 -0.4398562202000069 -0.007604362554879035 0.02903690755708658 0.10875626235228342 -0.5164034590741677 0.2382130812733687 -0.1979365639473543 0.06398959128206941 0.27971956301413 -0.12001915298832103 -0.3372671737359389 -0.027967484730801594 -0.604906541456439 0.012913759733065674 -0.02964576884796926 -0.12009051257903659 0.11743821218991825 0.251990279565351 -0.19554248603220964 0.11045109201830912 -0.21192778836722298 0.21852013520932367 -0.08672223452060573 -0.004107110413650282 -0.1136222508117811 
0.05890082780531504 0.0493001170695001 0.17789494825667806 0.16635601699941205 -0.23373462516012988 -0.02948375930730076 0.28746790397013194 0.22714696784944577 -0.09611615305408211 0.27344469260626736 -0.14184694115893967 0.08067673457885913 0.0894946159462045 0.06684265525436647 -0.24955001397522172 0.025398384315973754 -0.08637880853858391 -0.07172585653012832 -0.48437213653623246 -0.024921859900039242 0.034196552114193667 0.19438055971264842 -0.0783071998448183 -0.050049308743005484 -0.009825017278850968 -0.045597428165301365 -0.19536567052647696 -0.09345835485263246 -0.23931534921643002 0.03917648537270696 
0.0036164721203655807 -0.004741962050777133 0.05069004630445333 -0.24515299008392616 0.14673611125880895 0.10076284587951306 -0.01620018591152987 -0.13947935980293197 0.06704047250499948 0.05403836182149487 0.33334249186012305 0.07685519194774013 -0.01766924919382124 0.08947435051272011 0.175758288524553 0.3150573846967057 0.016998744793720315 -0.08874091205508233 0.034567165551989604 0.295955782645615 0.061757653371210884 -0.07566262120165204 0.24888475056135181 0.23585428803225925 0.05244151499945448 -0.11320339159377843 -0.25297416179867416 0.05269203082137496 0.249592480682579 0.05566475762301496 
0.020794397190469827 -0.4588440759785717 -0.15739498048007342 0.1689691943292913 -0.23086330784517725 0.07425377776533605 -0.4140412182476699 -0.12693925596325245 -0.01910816055379866 -0.20874709357725646 0.16197785683245575 -0.04235424135036496 -0.04434908642090232 -0.034217496216755926 -0.04843823211842665 -0.24387376641565636 -0.17935519993513865 0.05295256186149844 0.03196486828532729 0.3323559079248697 -0.1593735137795074 -0.05099824304432574 0.26575360727800923 -0.4399962276448913 0.00312204091741661 -0.256915518821163 0.18310961539142148 -0.02936407204403318 -0.008126675751488172 0.25408290945724227 
0.002686653274027275 -0.10894586919134416 0.17530774808699692 -0.05106795306883971 0.08033208551258227 -0.09191703093599464 0.15999624254417344 0.012317813159642236 -0.09834909804429276 0.20323984653191074 -0.05770929096070014 0.18159729290146573 0.1777421332107385 0.07188806821885708 -0.009842723548648449 0.05437409970589765 0.08037664210263623 0.2790924277614834 0.015206828929695439 -0.26715692423593207 0.14766222660329567 0.2636684008425471 -0.11583162296426693 0.1315112407907569 0.21820880346879853 0.19210848205412662 -0.2315657056458317 -0.13396768402983386 0.05032834916683625 0.07280467599724699 
-0.0028323147926373055 0.1888504857139223 -0.0812643346526046 0.2384072948126091 -0.19669506550481294 0.031053391604019976 0.07434923044424131 -0.10118086565977666 0.0009020961179696755 0.05912811870490506 0.08383347842046708 0.0839723589254687 0.015741872022675824 0.033987314840454 -0.13477984057942566 -0.022743759049306634 0.10360579874251781 -0.019839826580989737 0.07565217105180452 0.1460501071177805 0.21356295650196389 -0.11563598881081133 0.09945347887545941 0.1389350267361601 0.04318776180866295 0.07615299559233502 0.09798961961006841 0.05433575553829464 0.17863172496471325 0.013861532259101698 
0.009865546308820916 0.411721899253948 -0.27260974211222805 -0.2606391678237288 0.13450487730658875 0.04265865024795726 -0.3324798185229469 0.10542493415551009 0.04894499846069372 0.08469877615288159 -0.0408333293445128 -0.14364849225588464 0.06569156830814718 0.0907276368179911 0.029317870797047372 -0.1345596933027158 -0.09373457379276458 -0.1926594742382164 0.008113990313391146 -0.06007364652432346 -0.18695963978398897 -0.3020024934886056 0.06532125834782945 0.20195949288174125 -0.1712415553618556 -0.20561699990648755 0.1722570915116938 -0.17269465916535795 0.06654689765200207 0.22228870064875275 
0.018100058492266816 0.2062266725515232 0.062464553749863 -0.05418659842016297 -0.05413481631301372 -0.09698097290516179 0.20017360623553992 -0.14184298775018353 0.3159747588769598 0.1627019550377828 0.19207058982779396 -0.044484616432691124 0.10129942276854112 0.0837768147535544 0.22381619597086477 -0.002964656143669825 0.18788590183860351 -0.04113190823164214 0.15136223344504637 0.233259251808625 0.08496660795040618 -0.16766867124701682 0.06480951150594962 0.021556661539989613 0.012834022251231354 -0.10259822685517953 -0.360911523258176 0.06213625302898788 0.19077285527018753 0.2605390998184034 
-0.013207220047540312 0.17307342495544856 0.07280635093589566 0.06588412263624478 -0.3293593095012058 -0.07891637569818677 0.0052262872735427 -0.036871341991931934 0.050280267050039885 0.009046285498466523 0.16296478427895628 0.10596057603941031 0.23464441848084355 0.14771505357438963 0.21546181790198657 0.16118420699076996 0.039212587810684284 0.004150699135667614 0.08801734349905 0.19834493253269136 -0.08092277681559375 -0.29560556934676274 -0.15557286164479664 -0.09742747246871455 -0.2999093214025105 0.06855106277218877 -0.08724319065410267 -0.07397499916138042 0.26372801250561184 -0.05848918546101283 
-0.012112169612077225 -0.1022365487548686 0.23915412293554295 0.25857503268004267 -0.18568162581563125 -0.13085870514529946 0.20628763257842006 -0.029898520630959873 -0.028970700717010113 -0.31975659764980535 0.10170155255176866 0.09030820258213157 0.015500090942541605 0.08729563980273931 0.1960567663307668 -0.003465280340175708 -0.025517643038056703 -0.016320068579402307 -0.5139694149358197 0.12836374190029137 0.10086109106418086 0.25336167815230093 -0.0005007704141327172 0.052856535780356276 0.0002334139724003856 0.17813415706007177 0.24357085135992282 -0.06626560770049542 -0.03811527219890454 0.07770093602273888 
0.008046175267303014 0.2423506373754914 0.07545887098406065 0.03792155364506162 -0.04659068269855442 0.04715479935684356 0.03636274584297303 0.17171885456263447 0.04827718882658156 -0.05420747553022823 0.0808736752224566 0.17018197465224294 -0.12242948333907541 0.21718278071587283 0.13714426559544843 0.0005992190099289385 0.20200520967049312 0.14444237678043406 0.0039975098132493956 -0.17239369423193063 0.024449435306117717 0.24144325345221002 0.08697900816616354 0.2937112016349918 0.1360142734133377 -0.10501634988665702 0.02407130633602958 0.06290167250566364 -0.203111077047452 0.03092854068290507 
-0.001592662445094244 0.048647668720399266 0.15749953322105503 0.24913120039039413 0.02025557883179516 -0.10577474307400486 -0.10960780280537386 -0.12459654923627612 -0.10652480509841111 0.07031662913730129 0.05778438314289383 -0.020572632634277485 -0.014590092370545362 -0.2537887347264209 0.1159290631169817 -0.00773227151421463 0.03184682159825494 0.14070952753028046 -0.19996468830037717 -0.007781801810509246 -0.23970510586770383 -0.2291279992024256 0.26745654105946337 -0.08257183421719462 -0.2312014484837639 -0.10625069214795498 0.09359087948128704 -0.09012898062294125 -0.1425383695923054 -0.08994859392941117 
-0.002699735763004498 0.19935511860175723 -0.01609844907053454 0.06687480584584203 -0.1195152844146692 0.18803992619969012 -0.20942445259938408 -0.029065449004369966 -0.0826608574962541 -0.07999033661108715 0.1047956839987273 -0.014514853151180382 -0.0713263848627584 -0.028435372361493558 -0.04197551394094208 0.13031690143997057 -0.15545731819559475 0.1268735573687544 0.13586028730103175 0.05100657106157719 -0.0659559685630487 -0.12597422631307795 -0.0014089870518683991 0.13596851243541003 -0.12806504505901165 0.028313165290256827 0.014052663318757371 0.04516481558922327 -0.07338283030013906 -0.07241090708325741 
-0.001602586037981549 0.33191757592167187 0.08174252865802539 0.16775783473083103 0.49798309993208967 -0.0753646684665365 0.19096619179646646 0.17457247144537963 -0.02288377472223596 -0.18206224396383466 0.1817935411527176 -0.07340022987494695 0.15638424873686385 -0.013024712019931889 0.04176253286239844 -0.17819012525470923 0.07607556012957212 -0.1673945885625843 0.2860499061649035 -0.05127113556755982 0.0006965412974048485 -0.011700045266566901 -0.0939435045953833 0.07610989883421646 -0.033269616503895705 0.11791871682481002 0.043212510981281815 0.28316682490898143 0.10527315386651634 -0.019326575457143426 
0.010383761349079281 0.05902927710889111 -0.14934359298341682 0.005665295369252271 0.0009087090420517221 0.1070813996214249 -0.1563007029958114 0.016572851073720356 -0.16006804022474683 -0.02399972272348449 1.5684876533774038e-05 0.10281950660010396 0.021856093448058278 0.05546811677764365 0.22892543699959308 -0.004223903945393746 -0.22691066797892875 -0.01953239738244057 -0.06737061851655606 -0.1926351448837498 0.08406028784549736 0.10165303015705951 -0.040689027896824055 1.700198210756687e-05 0.09706248933454398 -0.07704558084284464 -0.005527877257954872 0.16033604014979816 -0.06621880408213458 0.04290585681097243 
-0.010256937322383213 -0.31929291720946446 -0.05398035302933779 0.044537287671425646 -0.08385321571813534 -0.2094684864210471 0.003503109093437768 0.047231104137783204 0.13759135213762014 -0.16163752263368905 0.09693464410497839 -0.03346943141746013 0.16798295414346218 0.0034742365729744525 0.024668905588507182 -0.06661358147146826 -0.4071647371828389 -0.033695274409674444 -0.10188022237471941 0.1615217548242101 0.005981925126782594 0.12268620005875878 0.0438555108773825 0.230480164551299 0.020525476119097677 0.06372111779867826 0.1464882617052718 0.025027667725417126 0.03076954103413394 0.06384151499692028 
-0.01004477138194054 -0.06408436917428129 -0.16390085050233788 0.01167140234110332 -0.2085132535455446 0.0538528835140993 -0.38117248433029804 -0.026251529146212715 -0.0011886249968415528 0.15365978898446556 0.13630814335479935 0.001000888485099412 0.11278920240290909 -0.04093579769828241 0.1873739915720873 -0.007480889598900366 0.19983070783943357 -0.2770019846780897 -0.07210103508426777 0.16266699501185003 0.07300969570209231 0.10110980085323353 0.02505234113150827 -0.19742451866509786 0.1796479699678084 0.06867091931435684 -0.048845468873170726 -0.036990694999886005 0.032226543723805345 -0.009955659355102625 
0.014917764726213563 -0.1790387793896668 0.10769490409310337 0.030981474748771252 0.003339867732961409 -0.18000039749732744 -0.2263813816774647 -0.06046254953420144 -0.19584395826933712 0.05292186220752479 0.12800794693314643 0.04082587521258379 -0.004877286456493467 0.013417553455136089 0.040982117590074606 -0.07076078708996537 0.029627073659372737 0.1286616103656437 0.14708308102377743 -0.15833994243125177 0.11694347181348043 -0.0069170807892001895 -0.24088963962023668 -0.03634827617864211 -0.10775403676441617 0.1590396263713284 0.0052916392487766355 0.20806452768999778 0.17470965661159943 -0.0588480690358144 
0.019160163596358817 -0.0058440467569344495 -0.03630541766472252 0.02222173030629874 -0.10444185869584094 -0.07810953858494939 -0.10647947010549054 -0.16073079921430297 0.19090290011940905 -0.07946412856918943 0.11320666788148806 0.06663967139872075 -0.18789413125162904 -0.03238985054170929 0.09785214401568415 -0.05298910813114552 0.006829415327822933 0.10491365302346058 -0.11036973918856317 -0.3218583396680378 -0.14417828602163674 0.08678994298309889 0.15913313806948487 -0.15690329894026256 -0.44445394825479956 0.094532900832373 0.08953483343200389 0.09820175144130014 0.10409746129967015 0.17576971834886426 
0.003638272392524591 0.3810331518690774 0.1437607784778839 0.1844161799165077 0.2609524651725298 0.253465241590517 0.24755290219218215 0.039850035472803226 -0.0591872123178533 0.25430588661360226 0.009625578445243086 0.13381115046620926 0.18330816935970803 -0.004610622179198676 0.05481918532252535 -0.024011725433638074 0.1318804305628022 0.17092319804417982 -0.015219817933981795 -0.05204360796002085 0.009892106790334428 0.1271899641172826 0.18741828878176212 0.08067735150422196 0.1646032206988946 0.03035780543017856 0.2411306289429884 0.19175231765349748 -0.05316117695340437 0.0013869873999976775 
0.0007846321759417445 0.18411739273890623 -0.09870834761142906 -0.14577366882799078 -0.009935187949818675 -0.06826909191339715 0.1579423784200004 -0.07061492793225796 0.014238615152398102 0.05297365088581141 -0.01730054964876015 -0.1659849624300851 0.1039146590748457 -0.12128971810054981 -0.14687306499132471 -0.05735070387956738 0.053268447288712495 -0.09852401461152688 -0.011668671611078173 -0.18174124610147022 0.14928064855104078 0.07371694320528688 -0.11445028991546813 -0.012360879175110839 0.144363623273243 0.05556387040292088 -0.026938892037920596 0.13320400148214584 -0.12989213122884014 0.0979685201707435 
0.005266195600700543 0.005763665993368211 0.12183363478004036 -0.14630735493193175 0.08534809371332876 -0.030362564028540272 0.035689537541062466 -0.024252049078049252 0.1934484706798117 0.031158354339534906 -0.048504916323961686 0.0030903025790924767 -0.07005674840248534 0.2061693895449145 -0.08572536275541269 -0.049405022480502256 -0.22764262964452844 -0.1027418650110399 0.11796039830222925 0.09199910795922728 0.12912560121760003 -0.11254306869948133 0.06556928585407223 0.10642779157904073 -0.012264712683982734 0.14618835503909605 0.08767069917901128 -0.07913929421890056 0.1270215305869968 -0.026529404109751895 
-0.019964116523792295 -0.03764491735601732 -0.02231689670162351 -0.17237609880250623 0.002795770215528665 -0.147082479310787 -0.1293978649078062 -0.04792369771532467 -0.08859236821739934 -0.10996761647023974 -0.17942924323034218 0.17123349623068362 0.1651163073813535 -0.06350665698260065 -0.05931209287678386 -0.013907367745339022 -0.05956145753013175 0.1284865614573237 -0.07044049665156138 0.04900826871064864 0.04172918475218266 -0.15087554896631056 -0.025942830108205552 0.10696723103223459 -0.18848634544160123 0.029810305831599698 0.001168352871669412 -0.20501779139877138 -0.15067065516351155 -0.0012173096697866968 
0.01695846826856162 -0.0019517923161323468 -0.18766157338740655 0.09994100145285623 -0.059554997245499286 -0.06552156032214139 0.18187303690958534 0.17040670175912878 -0.032342446554112454 -0.10104411619336198 -0.14397984959057714 0.15988962313498145 -0.13472099134529722 0.1058322496662164 -0.2873781037197367 0.07205301222515173 0.112007066390548 -0.10523933139668341 -0.06036315573399559 0.11424138954434135 -0.20430056684553272 -0.33570833589073923 -0.03239086956099287 -0.04326790330561172 -0.05292091611299157 0.1628439368914526 -0.19232909086623476 -0.08002446781789221 0.11086381570934965 -0.2733241983987884 
0.012621791817236156 -0.2488088920290097 -0.2009743524539525 -0.3109332824408843 0.01522399792912421 0.043352637012327375 -0.006931954918829219 0.12865826205594771 0.002611548407464351 0.219626293719928 0.1070863939773122 -0.11872812315039506 -0.11920572435516509 0.25904528492564555 0.07089227911136264 0.0032999576601504357 -0.10593026378275981 0.1398075763036009 0.07663183835058984 0.1019410617659333 -0.030651903869915086 0.12891351629867295 0.10900805469644985 0.06338160714861475 -0.17618697636243522 0.04227149082574577 -0.04133703818843694 0.10495247522917404 0.16739472361963825 -0.11088100200736871 
-0.0017861945486328564 0.008062791161793014 0.024428729254541245 -0.008489723527958817 -0.11591480568572692 0.09041596114113576 -0.14827211506585003 0.2028577972068969 0.11003585083385353 0.0705750856045472 -0.08003140534425703 0.12425560174517009 -0.018745816101335074 -0.07683660346066656 0.13734651471066792 -0.04320384720449067 -0.023997033034604282 -0.08517696423832598 -0.0735752544629882 -0.1608280094986605 -0.1496067200049871 0.09800446514861116 -0.29278636185857765 -0.08481070036096554 -0.009715190558049152 -0.0035366924998029435 -0.1733092096375537 -0.07825690938936293 -0.22433558438672505 -0.24601234728306376 
0.0019874518392360876 -0.012433156077218063 -0.0900862569423878 -0.2537158363159439 0.11285496072107908 0.036822171867882766 0.028780664931537345 0.057175472084361835 -0.1396191727358387 -0.007579385158640872 0.21269220292496926 0.046682878494551515 0.07836614333073642 -0.004618712620307151 0.07093480311712581 -0.04967586020228775 -0.05880258485047544 0.08607996402275654 0.009608457183148528 -0.20485862389927914 -0.051417581801094965 -0.08006744231943626 0.06553965037687792 0.07892995739959374 -0.08689080557642723 -0.03062864200744254 0.05380617401741412 -0.31472284251520966 -0.1430566255018662 0.04948873872211235 
0.007268442429087306 0.0014531957398129086 0.19731373041279887 -0.2013027206459658 -0.02510177128477007 0.18223337896055658 -0.3040298377323286 -0.04544420478818692 -0.06916204366098876 -0.0004673851049551521 0.034622423954064174 -0.13076033213590446 -0.11228914056188789 0.060604781365565075 0.009912660404421214 0.25179869415555656 0.2019317954284395 -0.1984474909067001 -0.1770165373257169 -0.19689455805383982 0.06696828201916388 0.19732093990878255 -0.03191266706087851 0.023805442852450367 -0.06604880513625648 0.09420841340758913 -0.2325613017338853 -0.178582084012948 -0.08978295227307082 -0.03149958592325829 
0.020242874873502435 -0.03427744593028277 0.020794184252557572 0.0795776076490274 0.15607258311294941 0.11684610131977334 0.11774249294005756 0.10812772531156113 0.01511188523937459 0.19807969881570744 -0.0016104589888512083 -0.02388006321287034 -0.08787799395914427 -0.2287204067225717 0.023055865267503493 -0.0213514737916479 -0.04246735683617834 0.11515630170777721 -0.15706492071014694 -0.2970454245412737 -0.01624593703860347 0.03081682716060909 -0.250265651349497 0.3414265114628992 0.030115388809221717 0.12022874247248885 -0.10650254656037869 0.002908865591917081 -0.43799184452271067 -0.33899237352810074 
-0.0006907220189929431 0.14858560950770783 0.07359316036239034 -0.1400999702820223 -0.003178901385677319 0.054423148918884376 0.10004411950750144 -0.1148750625608861 -0.17560544491129806 -0.21886290379298481 0.14007848814780155 -0.13744534737200917 -0.01610156575677131 -0.11711208785353651 0.10711314954497875 -0.06261585953861938 -0.030191340083032873 -0.14800508452619157 0.02145539584260332 -0.09952037591209437 -0.1483584248453828 -0.14627064440776724 -0.01240749446315057 -0.0535684677196382 -0.022685990597247227 0.13817867810395615 0.1629900516509558 -0.04747841826603237 0.08144679822898156 -0.01399246066073533 
-0.012221901538745394 -0.03668873917388964 0.01750913294730624 -0.16683552502465726 -0.08095164734212534 0.01470219725260097 -0.019309738647692323 -0.22104860535783194 0.1820234148499644 0.01845831245914012 0.07199238987293487 0.004980361413143655 0.3384079726015221 -0.02271135143787795 0.23176335173964852 -0.0016318808486073242 0.008723949921671458 0.11918564243437753 0.1174326701960053 0.03659958624587792 -0.0033911620512742592 -0.13025963218308997 0.005545275050289025 0.0069046211530065646 -0.1626578934636664 0.053481568478385734 0.2841444577230119 -0.02101741572245212 -0.06701699558551148 -0.00041256297235294507 
0.011658767404333546 0.01730171959099034 0.11085246103004609 -0.08086434958644313 -0.006456683220149739 0.19518009881895473 -0.13141532910731737 -0.05283427061315923 0.12263638428133494 -0.02006368176452542 0.0774646637871813 -0.05488084705074878 0.01450988846732876 0.17041151042613042 -0.14704562501476032 0.0031669116374378773 0.07315358006045293 0.06626025595271874 0.07400438248940734 -0.26789287584180005 -0.12519234349172445 -0.03866515595261701 0.0052991602676830014 0.01254730456864065 0.09334980981601507 -0.09839515987786712 0.23161204673311256 -0.0665564621357216 0.18641504088652971 0.024349474047425476 
0.00900601255465408 -0.00042571631584292796 -0.000915685305060658 -0.08814539849302036 -0.013388974990004871 -0.04170194967944804 -0.1434198101181681 -0.20484547150718857 -0.025190627469296022 -0.14583592806024426 0.16120973602117686 -0.18906900551521386 0.0362300964528699 0.06632313637813714 0.27523992677529907 -0.06907395806670734 -0.23033105098275555 0.14016649857157423 0.04886449981797835 -0.07222716867689903 -0.03513011705264849 0.01388775075594353 -0.07851995083956645 0.14204256866028692 0.06250683837476165 0.16866635237601474 0.09683374064789937 0.1657626154797022 0.007956122360671353 0.05797863170966788 
0.00660802718353845 0.016596498738832247 -0.03704595979650347 -0.05680653416474084 0.01037824081188759 0.19533184506191842 0.3407408313799303 0.1106189949512217 -0.011002810950007384 -0.008154212616048354 0.15145798748868508 0.09918004598631902 0.0021736994530991804 0.2518063738304458 -0.023389773633742703 -0.04768266272980759 -0.26813188702641444 0.23352033884259382 0.0075038615198855406 0.060904994811181105 -0.41528216482892244 -0.02282629061166561 0.1454728935957531 -0.004330893101719852 -0.41519956495228394 0.21441830741773185 -0.1345159189772154 -0.1751424287328086 0.2330836732436033 0.0708661501913282 
0.017206577836027036 -0.00626577694916742 -0.22999078206827323 -0.11545208433322907 -0.00880704067345331 0.0128050016104917 -0.1892405271804086 -0.09819715644087444 0.23705574479095792 -0.04648480157823169 -0.06800466989007885 -0.25076183617936465 -0.0005933680161467238 0.27150739634619786 0.16788225243878122 0.00781937751941405 0.019366606775446257 0.03346627084730844 -0.11920462343284428 -0.005745161856607809 0.013238082695175521 0.07169699404301716 0.16080724580635214 -0.010719400605639638 0.10056140174266891 0.22721739695902507 -0.1659107117373156 -0.030303174744041178 -0.022106258041024528 0.159393458002456 
0.012717621764767102 -0.009496243270756799 -0.11576023485323765 -0.07054288980965677 -0.036375313965316035 0.15979337570263596 0.10995097520362689 0.008104874387836858 0.006154430622005311 -0.16176351495428434 -0.045523535574704725 -0.1449747799785243 0.10917324213810292 0.071473180883921 -0.06601442078990832 -0.07013309823964073 -0.08904219826949296 -0.09890771278544674 -0.040323736357437905 -0.07954020816643953 0.07624005984624597 -0.18417791817198134 -0.028275910443318935 0.07888218412165189 0.18090832717285174 0.1564031479031558 -0.021526329349434513 -0.10118571793559898 -0.08405702447369208 0.16766855483160426 
-0.007703578663074462 0.01860072011159146 -0.19629545866941894 -0.18004122975339237 0.006476610792926894 0.02219365560646678 -0.01596078960153602 -0.15837520286390908 0.25646377132688203 -0.15047233339735946 -0.08848294191851584 -0.05416452262032641 0.0758706574670736 -0.0631982730720057 0.1009000075644546 0.004610209816724004 -0.22061141895190642 -0.021649891003393762 0.22061958151943212 -0.18636772115529965 -0.19106818596526548 -0.0284063050620464 -0.054042566290098425 -0.021773804182219032 -0.06056078980387149 -0.004899167573081307 -0.045983400358693714 0.07641370412726889 -0.07609771505644632 0.09668799881983003 
0.014635427275154956 0.11634338030403155 -0.10289282053974909 -0.0978255646034551 -0.021088108047134135 0.16471635346774874 0.17125571444133383 0.0614894209743537 -0.12406186225777517 -0.1091217436978435 0.031037026578849387 -0.07731748979171998 0.02597287136857757 -0.10645402089066526 -0.010021432958802586 -0.0006643566868682547 0.025678036776462982 0.008639170679932376 0.19971887953652992 -0.1271282703798095 0.12212574918440224 0.13941838188603356 0.05861943745797425 -0.0006778061757455685 0.1773088894970612 0.14211549871559503 -0.04770917141603336 0.19940362717580418 -0.13884591429401494 0.058913448499853145 
0.0014256734595320245 0.02340779179099405 0.03098164750634736 -0.11788773041518716 0.002195317000264908 -0.5140137709164175 0.038449210861767495 0.24943479815818917 0.10837206542306065 0.012131120163955823 0.0839772483235432 0.20116068254312067 0.24276543059421501 -0.009415933325299023 -0.005572348384316837 0.1723453631555249 0.19083607036344238 0.09580492952265636 -0.2248243124568155 0.015575142353091856 -0.1287649875839201 0.16900552574666117 0.0765196094985575 -0.002712568549693549 0.13359682935494144 0.05614163154490611 -0.1544936810001764 0.13292944933270143 -0.040709906290022406 0.012505825332501783 
0.019912450161249234 0.000984339553532413 -0.06411201376505896 -0.03390056345324429 0.13687643665610075 -0.07611542116176157 0.09430562592003196 0.14904195455356486 0.010726424529982506 -0.28746991902128627 0.06518290584634212 -0.11540624556375187 0.023073271640317763 0.18430069943890087 -0.13571453708917106 0.0083856296517758 -0.06824940630923268 -0.17997357738437175 -0.006681838766471811 -0.07325362759981839 -0.009020769480404736 0.07558130559395268 -0.22758103244806194 -0.014681091607808852 0.01912503551313682 0.06730749287714134 -0.023463960868605745 -0.11127506153138043 -0.15214685586877785 -0.024627275261314873 
-0.008240777540264737 -0.02246712219316955 0.005321964140281813 0.15226757989073478 -0.2906910900925323 0.07998006140620421 -0.05014305234458531 0.060252396493256685 0.18612134624010312 0.035112368719399996 -0.0044087636209291375 -0.0018700072687607152 -0.17119173900373466 -0.1343562278173788 0.21215555490866728 -0.040951035565176055 -0.190864933780627 0.14841939517673916 -0.006681296254855004 0.05348270232801944 -0.17508710117794443 -0.026053620251457934 0.127093186452694 -0.01403799808220225 -0.22872019842945238 0.1450507669921043 0.020645899785233988 -0.22763363338343598 0.2720290537253677 0.1173229908687153 
-0.004284467501594256 -0.016169480576777532 0.0006534598534950007 -0.0039354642714906985 -0.02082822057986576 0.008111541635046111 -0.002488616161275575 0.0014003677643168301 0.007420363117490321 0.018025485099459403 0.0024141282638196846 -0.004631218164123914 -0.014584535509921205 -0.016984578365374845 -0.004482934905273743 0.003837762471415267 0.005004793299126048 -0.009112487544657497 -0.016375898515330917 -0.004980926904179629 0.0008857542062740097 0.00737342340802939 0.000530275683558141 -0.005668445803642935 0.0027387435790371083 -0.006546913522663509 0.0035807241329943998 0.011714238336618906 0.003163804270166703 0.0012724076618086826 
-0.0049224014697559215 0.162939078373894 0.17897121762964618 0.06527452967527624 0.0024989345040773185 -0.2673885803567698 -0.17056426600160088 -0.07904485353962067 -0.1290068628188071 -0.11437023652676395 0.056703036640096335 -0.1633908229669872 -0.10736191878654722 -0.26207703892350753 -0.17885152867078863 -0.040071398061925306 -0.10376758995620625 0.1449415796078193 0.2410461493992123 0.03831940286808144 0.16803705826881632 -0.161699335631129 0.0235672754906881 0.024703864930726165 0.16215027072848667 0.1614514821078311 -0.09041416875897933 -0.07566680728517863 -0.14980863418075077 0.048587743149702066 
0.009171345470343742 -0.01973894768597293 -0.12133495563618026 0.22931880762691798 0.11407925810511559 -0.2216523156837752 0.06377363862997813 -0.07644486018300298 0.17060431577811183 0.05709292147450442 -0.18268190311006693 -0.18116050454793037 0.10190024212048984 0.019142084457796547 0.05401956977213132 0.006779830782846237 -0.10903834306471162 0.09061862926195492 -0.28418580183964165 0.1379546393417103 -0.16977787408038905 0.1469902104402766 0.11339626223257357 -0.00927600976928391 0.14856276594268986 -0.03617279098055387 0.16821753504726195 -0.12648607627865663 0.15371251679245454 0.14961554488500128 
-0.0050178772974121075 0.02494861134145619 0.1557439334917298 -0.0009375121221764155 0.04995931742354182 0.06702413118172991 0.20392569610318337 -0.08897312106311867 0.103202616748991 0.06940461643197118 0.14213995593900858 0.137353307563412 -0.06184240888327383 0.012742745198207065 0.014809665935345316 -0.02400511896776036 -0.09358382885520995 0.04484772047586303 0.11806504124808495 -0.14539592626880785 -0.11480501003389024 0.08820438996933876 -0.013121949629704848 -0.02145111770044677 0.0012525461718104819 -0.08110663524081106 0.1000582698439831 -0.0503511908570362 0.07930262419790574 -0.14080364675834764 
1.648200326073505e-05 0.013381054973477555 -0.16738881802357997 0.10555251608977342 0.005257104080579841 -0.051865510769450875 -0.12923593826283916 -0.009240456152023315 -0.016578441505293823 0.015266915698024176 -0.12484152578057875 -0.1918270947178406 -0.025113518610106744 0.13434084079252123 0.05746934481166653 0.22351095449840433 0.12608044556168058 -0.004516564792555447 0.14819135372277675 0.056225752724935005 -0.01319583322109489 -0.1894560180303303 -0.20462895088155025 0.23778709991101266 0.049590827569841726 -0.00824400850301993 0.031492773671571356 -0.13023784191695129 -0.057181617677680166 0.06424122537865576 
-0.0052845441922782475 -0.021224827378526413 -0.028037337517134463 0.12099815586312807 0.10193710989301208 0.029627014491165622 -0.06071161752968211 -0.08617990288885406 0.18404120334824864 0.04785717602909916 -0.016107176711421475 -0.07379086225143891 0.1451659855453099 -0.05796419644137718 -0.014798928078783965 -0.0357175835760004 0.12438366987714254 0.0919247205930483 -0.006487200171379746 0.14757796671240367 0.030949369706806847 -0.01439582898430172 -0.1233372963639879 0.1453079331706959 -0.07289654448135915 0.10615708442773243 0.16972982486402927 -0.10845721642710103 0.1812946915540478 0.10157971226985898 
-0.0134272968588441 0.0957716352322452 0.22053330958188344 0.008283675069811659 0.00995388581421978 -0.15877915682084842 0.2376428954599429 -0.04274594053465952 -0.1730686080821716 0.17475584068047792 0.16650365547098256 0.1396309201373604 -0.09540523907363835 -0.15562328248693827 0.001702860942872878 -0.0108949450350726 0.18284675051872035 0.17629072767792256 0.21273729075758419 0.08473503749338981 0.19054603002747614 -0.03007685392755368 -0.14508467938704794 0.033071089448787436 -0.03548411185924144 -0.02384996193869985 0.005767480278953564 0.07506506029961821 -0.01945775280134779 -0.0215560751902488 
-0.01379667781324761 0.0006112441889352787 -0.052924340269355975 0.1842534246854691 0.03128829612601602 -0.08069372986352043 0.259190574698259 0.20046640924776302 -0.18612481453628596 -0.13032862487193356 -0.025618387968781325 0.013733059425984412 0.08092861096876529 0.019276551598949608 0.021530824619324235 -0.02146827476083545 0.1318562150852087 0.008924615384949215 0.12304491337102982 0.09346591009379057 0.1024370452044712 0.12266170799736868 -0.16615339739488946 -0.008231178874211549 -0.055351055393961526 -0.0026831492499577204 -0.036072278447409255 0.11198366545705822 -0.03433491302845382 -0.2117104845913441 
-0.003677993469034329 -0.13428195380371927 0.05582088664137334 0.08692039468601918 0.002498936225362505 0.17577291306131446 -0.04241788924489175 0.09183647041600805 -0.0855081234748767 -0.1241241829438456 -0.10856955047630013 -0.12926019130702354 0.02402576547807273 0.07539384271181791 -0.0151374630988193 0.08279352749557098 -0.012368427493372875 0.16128845796278427 -0.03167499013705959 0.12022307736450596 -0.06942585630934184 -0.010915668070925557 -0.030037496240668947 -0.015419678903874155 -0.021323932158758652 0.023825451227139166 -0.0006033731419938052 0.18933660629363067 -0.13331687154945984 -0.11728477408831774 
-0.004460220012850196 0.0009723266395823683 -0.06282066386699886 -0.06266327460970315 0.14072734151640723 0.013664323297407792 0.09765732253831177 -0.10200914674884068 -0.09928864887228846 -0.12802320257542876 0.048927728775163805 -0.08855067785412324 -0.054893410578829946 -0.1235855007196679 -0.10620808220335487 0.09374640032631044 0.12122803835953139 0.2553902510149651 -0.016465067784588165 -0.21755465519777506 0.043303462494818964 -0.11584903326347958 -0.05245388466122824 -0.03325467854077279 0.10539534123893259 -0.007668126330069023 -0.032739419963043394 0.030227959301633092 -0.038831959402041066 -0.0694142963081278 
-0.011790125991052334 0.018686533840146305 -0.06485250225638667 0.034641662536575 0.003198324578026955 0.16103810961474416 0.16562340409086473 -0.0244193997627912 -0.11224163287842184 0.06716092208519472 0.0634121638246247 0.08616841558054521 0.12323668780225057 0.12462581165565927 0.03744494299945725 0.0021167484861426334 -0.10063042540886094 0.07197124526800719 0.1260876037997913 0.1892086136263811 0.17606173940073214 0.02904608078311514 -0.05637746451025602 -0.004011110356903632 0.20667328515883462 0.03140014608588822 0.14545043934798452 0.027227957419000172 -0.004298153061693884 -0.026598733974019743 
0.0006878497073946727 -0.022012257157330586 0.19117384661891396 -0.03054129165284571 -0.02062646829049597 0.15182014501979757 -0.013029484039316138 -0.1477443088325001 0.05653787194770203 0.22051680598622173 -0.1804122348031796 -0.13708009080914904 0.09895362451593114 0.0889638907356691 0.017657531309261912 -0.055600636488840297 0.01111431903215847 -0.021680742120491987 -0.0199235595674007 0.04974306963756191 0.14815350359864288 0.09990726680572926 -0.011500144714884952 -0.005178688083017687 -0.027626779564645234 -0.052785373402611226 -0.02616806564992716 0.11595744862030258 0.15426242772804322 0.04737065255581296 
-0.008388695606390805 -0.00977598136156122 -0.01077004289796853 0.059737793068150906 -0.0670983317559108 -0.07946374586117383 0.019787921936572604 -0.0419259709763231 0.0020854013196225274 -0.013378743112132628 0.1233796880788941 -0.0060764733460749445 -0.0006593932361111491 0.03022609737617108 0.010765435197028 -0.007683344854488888 -0.19362750689077055 -0.07893297462981876 0.1742370327811516 0.1628792928664379 -0.26859989275586527 -0.1227196513509909 -0.14260439114236054 0.00047250130304879505 0.08478583491636678 0.08634936342322216 -0.04109905801533561 -0.014230580709050008 0.29523655578515595 0.03087932657423393 
0.009644257776095693 0.031262863921333414 -0.17843574891005023 0.0645047731338864 0.027282522760285904 -0.04511950214710974 -0.004632801330804923 0.13044532236534936 -0.2406013354140428 0.11162254207084109 -0.019550778258836124 -0.11001275122479819 0.17905501779528202 0.05788469745843701 0.14327850554502847 0.00040485724950581575 -0.08044683905605281 0.1989410016127877 0.12157208903634231 -0.0007693021624634857 0.1559997334488672 0.17430021183817532 0.053634108967196434 0.0033840475643032272 0.0861637903790541 0.07274422503304301 0.06710983314219197 -0.09279522849349445 -0.014771116282924265 -0.1351538743488072 
-0.006612392952803479 -0.022493859452887073 -0.007809296974452924 0.004254522011819472 0.013858352007354635 0.011095602375795814 -0.014709872811586073 -0.017178796274949004 0.0076789385852632916 -0.005751006898776781 -0.006263817410630013 -0.02239509709279912 -0.01532765298411418 -0.01301503682292299 -0.011643776915995788 -0.0010345610664009616 0.01021421396035156 0.010118919535368358 0.01589059335298266 -0.0010712570472705483 0.005504873681604635 -0.00020022842969102673 -0.01870015789359191 -0.016536780946410732 -0.007346724006805034 0.021086880821822473 0.004888803299463295 -0.006417276541003254 0.0054129336477632545 0.0038540081378966107 
-0.019183581572249635 -0.0031509364783104234 0.008230233848557412 -0.01666729714597872 0.014235222917531268 0.01731813533689656 0.012351252194202857 -0.014125139227264567 0.0012622371994578763 0.005461556179122152 0.014461434900423259 -0.015508753080490576 0.010299398374380065 -0.006016596566629877 0.0018982133620126965 0.005930712721513118 0.008383230958526259 -0.005378260898882584 0.0022830145674216378 -0.005649747658769435 0.022420871016875458 0.010233449046506093 -0.0017450322908543656 0.013909101371580551 0.006437985752978437 0.017169864357003448 -0.010970102971581637 -0.005371915594192993 -0.015643204685225703 -0.0045417064375666664 
-0.002589964622786475 0.004967758290897289 -0.01269497815421025 0.14596065121958995 -0.017825949591356496 -0.010892055495642499 -0.06710906133265847 -0.028990778983285365 -0.07463390204467728 0.15453436631819306 -0.09667810574620846 -0.07499438669923364 -0.0012036283064972917 -0.113940114181623 -0.002356088845422645 0.00247032079320418 -0.10003245109130539 -0.02807494889151743 0.06324035652384288 0.16482968550443106 -0.1826660476744082 -0.13351035702154848 -0.12700726637130338 0.004596628456062502 -0.12019980277445659 -0.005424262279694907 -0.009410109705303009 0.10648067577781829 -0.10760837900453762 0.02733960656221643 
-0.012246384288444892 -0.015452129709469525 -0.08500216507225249 0.004887444350538972 0.03636437988361812 0.07683426668473589 -0.11515644566009434 0.10439078808625138 0.09927978777062337 0.04005153055467105 0.11157929595385334 -0.157054850816968 -0.12262942200067796 -0.03512171936637882 0.15116648842106553 -0.08954929995576774 -0.05605227504453558 -0.04977627880819389 0.17596570441689585 -0.11135858436652034 0.12338131419919168 0.19034918072364912 -0.08161377317512944 0.18314650898946674 -0.06986132841270926 0.17096997668878205 -0.0048659116311754865 0.034198230733004605 -0.030122889090213444 0.15614225688628505 
-0.01224918505612543 0.0038827715458038385 -0.00513427581981908 0.12406439652138963 -0.018692891257122195 0.07772931834832224 -0.05846036458723424 -0.09093521833749184 0.12592943728450773 -0.052560606768609144 0.012734634273690325 0.01755536202656846 0.1330174802654949 0.026422162794282167 -0.032688932857107215 -0.011575313392863341 0.06671038608581324 0.1469521816148963 -0.15854403014810475 0.013213085263429758 0.15522644136817523 0.0030371243273192476 0.04147240951469957 -0.017717058301023315 0.00023474349387083056 0.05887271292221322 -0.032996896124847123 0.17167953484862278 -0.09154376937778697 0.07670009061420571 
-0.0061622313958286734 -0.014689242873663367 -0.1516077276988349 -0.1599487013717137 -0.002957376529889217 -0.177383346290141 0.043654535099808045 0.05323415105394152 0.17550984808108083 0.046743267372924314 -0.02253483557399282 -0.16391373603210835 -0.04306445494595259 -0.004898867421858956 -0.01607417387995494 0.003664985836587012 0.11472691985661496 0.03704501810445438 -0.05114595725947495 -0.10514887118838254 -0.12438587541802464 0.12294426848367457 0.005172464228153807 0.10156498391179684 0.0361681248553089 0.08309172995098228 -0.0667821726690549 -0.18202039458141128 0.2596460672733188 -0.09112351971296244 
-0.007776486865297186 -0.00485971944709218 0.16780364613578308 0.010344031401596397 -0.13584519230030254 -0.12706464798268818 0.17404542816220323 0.1298341093249959 -0.019549958106732157 0.17123506077689932 0.04612453847441156 0.014048428832845643 0.0016113886206685106 -0.09203897927220911 -0.09972414373215009 -0.01602174276821761 0.09957890082243383 -0.02691702377196539 0.02394306514009288 -0.07636380904415513 0.12800595592131278 -0.1652275049887502 -0.09491676204861457 0.004774236826065382 0.12950270548135565 0.11685718147369399 0.006112292099342979 -0.10168716379674768 -0.06818002038891458 -0.1234193514486736 
2.0721039751864886e-07 0.14659359159816215 -0.22760199532847966 0.004561722097582555 -0.022169341182668598 0.02567968706630431 -0.1015704043645032 0.036716568621103604 -0.0954739731698642 0.08925691331972818 -0.10146271950744963 -0.10809578374406795 -0.08546876618041233 0.16773164725443876 0.023385166105196423 0.1897928533296874 -0.10742456583327924 0.005528639681207183 0.1455163216730527 0.2689530371564931 0.01664821545195319 -0.18298749726524577 0.10279264625550354 -0.016934987491713818 0.053528478314106544 0.12772656234880703 0.046814115997111244 -0.04502395075503895 0.19792811350750442 -0.18650853800670292 
-0.02178505600837767 -0.021162938227699775 0.0009198361462960413 0.08401306110435923 -0.00862779445735213 -0.005451365101975868 -0.13728142549604425 0.11538616605897273 -0.11696650605424995 -0.013297692913235975 0.10323652570048707 0.02876368344746437 0.05810323672363844 -0.19165344243858531 -0.0021522489752326948 -0.0015539144653179946 0.18344504124623845 -0.01933689847618734 -0.1572845055311563 -0.10719096846160764 -0.1477734839961742 -0.17585743137144474 -0.03463565232329839 -0.005754835263751023 0.14828365166037022 0.05834098744490098 -0.0146488456539189 0.11953384986154807 -0.18289280066572497 0.04750627908535217 
0.002325758313840456 0.028439881597289357 -0.05963660655077262 -0.0977503337085469 -0.010291592572873315 0.10828094772630319 -0.04268111284670709 -0.10757715897706889 -0.10162764137214134 -0.04345844626051813 -0.145311575512581 0.002915754474695291 0.020047679534967753 -0.0013404213644631255 0.06501615732876292 -0.011129637752896136 0.03199200599220222 -0.04308751430276135 0.06991691176590145 4.785910440764698e-05 
0.023847644535229664 0.123792534392305 -0.23928669685614437 -0.5935893893582902 -0.2775626660015895 -0.7533877318301361 -0.47541336808061824 0.24242585969439873 -0.21894841466381057 0.18931872409232858 0.19806285025893539 0.49446371365051306 0.6177020631578116 0.03019565497072886 -0.5582762958385303 0.5430302916832788 -0.05033368361564643 -0.38110398781211563 0.02513085121474306 0.10232821975123618 
-0.09674007330747508 0.1801061128935205 0.3634723038668147 -0.02519166075408298 -0.11291264551064577 -0.09668946600631113 0.39323915200511506 0.004763348690568536 0.3241521044548714 -0.1296814480617646 -0.28288590160619304 -0.04264476994433731 -0.20463756325205515 -0.0008430666921730274 0.09722096091542132 -0.10442114642081414 -0.20023856575176827 -0.23048209657341714 0.014386965436808074 -0.13995216058811533 
0.0076224173644925805 0.3125377646517992 0.11369328510103963 -0.10072407193701857 0.44987992695737605 0.414504360641987 0.0399291892696247 -0.21483637992740878 0.4507563799314282 -0.1417566831733895 0.008375477103298317 0.276946832500238 -0.3140024451466029 -0.03052516020043897 -0.04662455996292595 0.3552954679969592 -0.057183694121401465 -0.106862351809834 0.31600990116086625 0.0835832693536364 
0.014201845784421081 -0.05492098769049969 0.6637142093797156 0.5704859732875021 0.18210845595051067 0.2684872151273508 0.18054630947232392 -0.5043988675948963 0.4226761068183167 -0.22473335204182268 -0.3209530255768013 -0.6561129063776013 -0.36482831184822045 0.10246784314119986 0.5033014963100306 -0.48252719614018136 0.004022065670520583 0.26519799402012406 0.07863232199906613 -0.18538520618349721 
-0.037749753423711875 -0.016968337055703806 0.5067310292491399 0.3736117384460471 0.4028907835982484 0.017128507860768093 0.22308988680577302 -0.25384146129298657 0.3541490624070117 -0.27554179645176496 -0.20872319455299768 0.15266597057367726 -0.4565903285840241 -0.06165789906681635 0.065662733595196 0.003628808086877138 -0.16114193962777276 0.4865906930588379 0.15754137120580852 0.11649039101711088 
0.015935865110813994 0.209200414718396 0.3052393394934034 0.18838756352833042 0.027649257108877653 -0.21997988589641873 0.15605420181359772 0.08646625232459802 0.15206715341126192 -0.07437813435271798 0.11513984468455982 -0.1642306187443302 0.1221965561610292 -0.10823765570065412 0.3400907407524312 -0.24569294689102758 -0.27941479538620406 0.3540876792993506 0.3480606226861344 0.3216325242540549 
-0.03388304374988496 0.35482538008720044 0.2552446748921139 0.20435709776332403 0.3480299646949291 0.3419991320470534 0.017247092184778996 -0.17316489053878922 -0.00022486150177948556 -0.31517880827048084 -0.09856661912600342 -0.11661422992285696 0.2120385358754265 0.07272988093391654 0.3904300963016555 -0.11501463645240967 0.06890720995858335 0.20352617979229687 -0.1142364522311317 0.2460354920007338 
-0.05808841125306984 -0.09203850198948445 -0.3546936519417589 -0.2835512201291141 0.08872949706906064 0.012843554038139629 -0.13561125834109755 0.27124090600674866 -0.16783485808416115 0.3626124514770165 0.46263796184647077 0.42881193957835684 -0.08072806849906478 -0.011643709114846737 0.09093153912537649 0.3489834153500553 0.22779711197466213 0.046104252481241295 0.21790101030179676 -0.1739703052867864 
-0.001326168248984244 0.07893197168310588 0.1932310935001629 0.37547784667882667 0.16235752253639396 0.3989050007960039 0.25753097349151527 -0.07759480109106406 0.1513776489182439 0.2760977640553801 0.15065432077642912 0.13095756506440365 0.06786630739575951 -0.02830677545309978 -0.11259420573390332 -0.1574285676855364 -0.36535634450950444 0.33634436318509614 0.23962618431529017 -0.09797313837256842 
-0.0686270585627689 0.12339548242337849 -0.034622053324440155 0.2694336250329322 -0.3938038412337718 -0.26279443411331255 -0.41519885491067454 0.315069770017874 -0.3678146654479482 0.4353259442683724 0.19190401483514052 0.1509863434885261 -0.17530593482596885 0.0092686929800874 -0.3161292503771408 -0.03712664036523374 0.44765697005110716 0.08651947829564108 -0.44912452700403954 0.22180712711991746 
0.07184629861782409 0.0070145943618081874 0.15817542901319134 0.2689063603847959 0.18147952049340083 0.07101063048161135 0.11084101426940675 0.05698193179057566 0.2940668425416887 -0.15606764881383858 0.2412288345615108 0.22320489456965256 0.1861267466233263 0.048305909532503674 0.28315422487265424 -0.05439857559200254 0.04541886337433271 0.24683786074118938 0.2379424189004652 0.2855685089474963 
0.10651990717438807 -0.39272537704538896 0.23539569016147105 0.613767411739793 0.1556587039150678 0.5890627117833557 0.06554760559719962 -0.2883167108688227 0.421107906737208 -0.36663672470744724 -0.12295888971184608 -0.30133195486785636 -0.2604689257780569 -0.010919299583481378 0.029608726873875495 -0.32805948496190684 -0.4173345681315753 0.43539809821833786 0.41815793261586437 -0.1506168929603191 
0.00941884107696073 -0.2167703302452819 0.18106080748756642 0.09259575233334309 -0.2692049488260851 -0.28494741776024574 -0.13126754013161127 0.20172334772630415 0.30063441985918854 0.40806950673073844 0.31311876887560103 -0.09939280528880245 0.11089980396722607 -0.05369062941852485 0.17762218809982808 -0.23699462622052142 0.1761387846081954 0.22636056570426996 0.03095015078632942 -0.3165154642398819 
-0.006514945441352162 0.2547700612660706 -0.511457003780497 -0.4508547922158229 -0.05114361582952924 -0.008043634370964593 -0.6106765536664782 0.585277917369699 -0.1790517872362445 0.31481536512595365 0.5045416666308706 0.585894191809366 -0.038703698541912225 -0.022846314486606487 -0.4301000080843353 0.21097790127447733 0.00048037222947049855 -0.6660258188146103 -0.33381311692355425 0.31051986477251725 
0.10896434637284659 0.4232320992193697 -0.760499638071339 -0.1651273402799018 -0.6785474941133447 -0.7198967127646366 -0.6414987000737541 0.10674045332077321 -0.20432057199110648 0.5127356167939794 0.3485011231618042 0.5341899277225989 0.5664588496417263 -0.08458142197843396 -0.605813571961897 0.14514259926717632 0.13995980456011337 -0.6751863802691201 -0.14817082824534136 0.11862303289674565 
0.03919730655507652 0.2996856335312464 0.06652896661563854 0.02432599515113084 -0.2349653889043286 -0.12387524755168905 0.32940631030278267 -0.08980281017670086 0.1346358120809168 0.05522205219590934 -0.15179320084786427 0.32900018787753216 -0.26481507343348687 0.018548523280535998 0.3769659644929748 0.16971688158989015 -0.23782797925002266 -0.23715763138909007 0.10588230213750334 0.2062326482745184 
-0.02840521599653696 0.1708270298775427 0.22304812826447798 -0.13618301670546235 0.4846151583183736 0.11598598572134124 0.10622880644155257 0.134381774585431 0.18451212647902906 -0.08537004907681082 0.10627287427653638 -0.2691744250618318 -0.09342296075775382 0.015978590973760365 0.2192159499143757 0.07429861546977949 -0.18849769034784108 0.4499237831646344 0.4491590104625967 -0.28500498927102513 
-0.04791216117529893 -0.19288974369903364 -0.35022989874710875 0.1548224364173618 -0.3833943514961841 -0.22273272580319908 0.03438521421303552 0.04414276096241711 -0.23484809573454013 0.26764794576964757 0.440046428997475 -0.18220427202094513 0.27549737095492843 0.017280265130864055 0.16936274023903508 -0.09927890219556768 0.24811707565656674 -0.4174532283904759 -0.40605749698457716 0.08239243040196233 
-0.1341143279704507 -0.31014357891464417 -0.31967468006200916 0.056220475899930955 0.18342193429533646 0.40779284013928274 -0.19373410180968337 0.26639561367613107 0.2021105283096586 0.35608878783175657 0.027296542227178738 -0.1480090106368715 0.2159815277540175 0.00264875801877318 -0.05914994299337961 -0.2432841739368939 -0.37439036143101 -0.1725493165506237 -0.14845012788394354 -0.09457791154336517 
0.07590117957918743 0.008082710131109542 -0.06380732070755898 0.32192074268728044 -0.07060298427441894 0.3523944942658953 0.32277760255844457 0.11785058181788476 0.2356901798372213 -0.21248949250660012 0.13235122956619982 -0.10089302634653656 0.005587623782045361 -0.056366869819070985 0.3402190394803445 -0.05652618184334031 -0.12632256338315814 0.2417347877152275 -0.19891994877117652 0.03183296991797231 
0.04450675887636229 0.19087799326148494 -0.04257887815663691 0.24772058774857453 0.3736503906004216 0.3966585163880153 0.2361570726900239 -0.1874593327355163 -0.014693175382156476 0.05287528017911077 -0.04299594645392532 -0.042969420454833894 0.16514021591606554 -0.09699685828879026 0.39861912119487886 0.13406290563563839 0.2301082852483711 0.29106736932550975 0.024867840724756167 0.2567483014379318 
-0.05489991328692411 -0.2980407793779638 -0.255443304799983 -0.1509376045780656 0.045975612844329626 -0.11293383124201357 0.2519135325011143 -0.2737150726110878 0.18324996811877797 0.41919319426883417 -0.040012413592700045 0.15857147506330038 0.17926494729586986 -0.030007640537975347 -0.03191506710435641 0.21644713981620622 -0.3369167253026249 -0.26871218420119625 -0.06567646873293763 -0.2516683310442735 
-0.03410748034881939 -0.5193793829643988 0.11123613087447516 0.7129486091559195 0.2646520475349931 0.6317639532557774 0.39640640598086424 -0.4272958686824624 0.5413505935065343 -0.37281696663725494 -0.07389329038373148 -0.6227849326071542 -0.3001492965372089 -0.025502591592526054 0.26838750343789064 -0.4044825273022314 -0.14635414095332488 0.21780772101296042 0.22243821012401432 -0.5417631766461862 
-0.1444511919956452 0.00956894211882654 -0.2210097760121101 0.35069632696615366 0.23517123321047906 0.15556652281144992 0.25315251916411685 0.23636509649791276 0.2177673322973049 0.026871423813863093 -0.2596078654958798 -0.10381214966450424 0.007848313363654115 0.006714365679229519 0.39936551490683414 -0.24935187968187428 0.04810544484004669 -0.06893158514379481 0.0172376572013856 0.3232898139131422 
-0.025557203972997326 0.25487608497519626 -0.39187467021920386 -0.5284233617888485 -0.3912336641850146 -0.1772667783112664 -0.2492945899274195 0.5978698048450803 -0.23163404237157983 0.3616086194287763 0.39434615204071466 -0.01861226200096034 0.7038616925076391 -0.03210648761528593 -0.37968123374930723 0.1902668907229942 0.25747936657352516 -0.31921925815783564 -0.4097489526849528 0.6676088245356632 
0.03179622646833653 0.5309175442697857 -0.25220889124067425 -0.022641773837372266 -0.1900871364965741 -0.24298109162217182 -0.1522031628290268 -0.08722052417438815 -0.3220101163167384 0.20971112386648186 -0.10113952615678645 0.1125556525145936 0.5523522491424624 0.05358624595809571 -0.40833200507833695 0.27351124785969544 -0.1377871977193313 -0.4858111888231153 -0.24699464657084655 0.2448266529642818 
-0.0005238466157793753 -0.4285430487717775 0.41057206882119196 0.13715467855097327 0.36925238733031995 -0.03903499000392388 -0.18426337512098204 -0.061769956105907235 0.09146051261041696 -0.3335351020209981 -0.3352845538589697 -0.3505629977013433 -0.38825838862038614 -0.07208020497820466 0.17094499798500626 -0.021936895276467017 0.3742601702510299 -0.16922490504390605 0.36832709432245136 -0.03351579938487017 
0.03721167129599559 -0.3116559078427945 -0.41263621720818244 0.21319049147068642 -0.05239682170417294 0.08956769882830175 -0.4637294422410568 0.23572657391081545 0.12412622970537579 0.4720387617015672 0.1304581021889756 0.039502890146086565 0.08165359620007441 -0.04322868491920378 -0.3052343901795721 0.08862656594253208 0.2859960095401206 -0.04775056129883902 0.09637440982112018 -0.050181070457922694 
0.031744441556182015 0.2369250830852278 -0.15306861871526597 -0.1635062725226363 -0.4013261994038769 -0.40587882445868423 -0.19449980733216476 0.2621400923659204 -0.37994398092215276 0.12800001348149787 0.1512870240182389 0.4755769106339199 0.46531146880058033 0.07202858477045687 0.16756279851147798 0.3190148265068892 -0.03289309413043002 0.024327651914578193 -0.39534843346568344 0.34346185737437657 
-0.11069025060814897 
-0.682416571236152 
0.4755229083860135 
0.6984732242650197 
0.3891343104961122 
0.2530500982717034 
0.5626413441948512 
-0.3121088219354902 
0.2605053843354767 
-0.7215868651021334 
-0.5797949695040786 
-0.4757338933919089 
-0.20686499423755933 
-0.002866934965298412 
0.40887696601959517 
-0.4814213069251217 
-0.7255495398472114 
0.2050253435023384 
0.672832433215117 
-0.30078181196164155 
