CID,a
4929,0.60473208072373
10195,0.7313848295059151
4616,0.6151704940848991
11229,0.5956854558107167
13381,0.5066109951287404
18466,0.6778009742519137
8497,0.7703549060542797
7050,0.6116214335421015
4249,0.5875434933890048
6307,0.6610995128740432
6294,0.3890048712595685
17345,0.7508698677800975
13763156,0.6469032707028531
3680,0.5490605427974947
21330,0.720946416144746
8702,0.6665970772442589
6276,0.8482950591510091
27689,0.7627000695894224
22407,0.9151009046624913
11372,0.5838552540013917
13763155,0.7829505915100905
4170,0.6270006958942241
2756,0.7924843423799582
11428,0.8733472512178149
10708,0.8624217118997912
68056,0.6458594293667362
6001,0.40153096729297144
9570290,0.5518441196938065
10731,0.5608907446068198
1072,0.6339596381350034
3117,0.5617954070981211
12437,0.9554627696590118
11265169,0.7666666666666667
7276,0.778705636743215
22094,0.5748086290883785
205,0.883785664578984
39985,0.6242171189979123
7294,0.8747390396659707
31423,0.46047320807237296
135424354,0.6795407098121086
8263,0.6172581767571329
9228,0.8093249826026444
1031,0.9331941544885177
6945,0.7125956854558106
3285,0.5908141962421711
12389,0.33611691022964507
13763149,0.6800278357689631
8141,0.4808629088378566
8800,0.6873347251217814
7485,0.7223382045929019
6709,0.5045233124565066
67987,0.7801670146137787
5324,0.7519137091162144
7835,0.8796102992345163
15189033,0.6178148921363953
10973,0.8691718858733471
6568,0.9199721642310369
980,0.8385525400139179
11090,0.7571329157967989
23439122,0.6356297842727905
5280953,0.5782881002087682
2682,0.3848295059151009
31251,0.6256089074460681
7907,0.5935977731384829
1986,0.7208768267223381
15413,0.8733472512178149
23448,0.4578983994432846
8580,0.6856645789839945
8222,0.32150313152400833
11145,0.5581071677105081
5801,0.8399443284620737
3290,0.7407794015309673
98824,0.709116214335421
11855,0.49652052887961023
4093,0.8907446068197634
7048,0.7536534446764092
26196,0.545581071677105
31230,0.8218510786360472
29732,0.4940848990953374
3288,0.4961725817675713
11000,0.7404314544189283
54670067,0.9067084203201113
54676860,0.8340292275574113
135424353,0.7341684064022268
7518,0.8385525400139179
2907,0.8333333333333334
18555,0.6478775226165622
14639069,0.5787752261656228
994,0.8382254697286012
13068,0.4801670146137787
1043,0.8914405010438413
5146,0.8698677800974253
9142,0.27800974251913707
10087180,0.5195546276965901
31593,0.6945024356297842
17563,0.7105080027835768
30709,0.4961725817675713
13089,0.429366736256089
2728,0.6544885177453027
6734,0.5741127348643007
1775,0.6042449547668755
8404,0.5859429366736255
12894,0.7202505219206681
7474,0.6868475991649269
5897,0.5953375086986779
5988,0.9450243562978426
9260,0.9665970772442588
4911,0.6102296450939456
521928,0.5622825330549756
11006,0.30549756437021564
16004,0.6283924843423799
3512,0.5661795407098121
54682651,0.4836464857341684
7289,0.8823938761308281
969491,0.4523312456506611
14337,0.6534446764091858
10045,0.8469032707028532
936,0.9324982602644397
7320,0.704384133611691
7765,0.860125260960334
750,0.9263604732080725
8894,0.8879610299234517
35454,0.2797494780793319
351835,0.5295755045233125
31249,0.823312456506611
178,1.0
7001,0.5873347251217815
14033072,0.8261656228253306
3647,0.6798886569241476
9265,0.6450939457202505
6343,0.8482950591510091
3118,0.5956854558107167
3026,0.5883089770354906
13257,0.48295059151009045
6946,0.7536534446764092
3374,0.6302713987473904
39040,0.7459986082115518
6535,0.9199721642310369
16554,0.7258176757132916
896,0.5355601948503826
11011,0.7390396659707724
141912,0.7651356993736952
38884,0.6005567153792624
29863,0.7118997912317327
2537,0.7540013917884482
64685,0.7286012526096033
37251,0.2526096033402922
10811,0.6297842727905358
12755,0.9568545581071678
13763150,0.7962421711899791
36250,0.479053583855254
7671,0.8427279053583855
12371,0.6123869171885873
68933,0.6938065414057063
2002,0.7292971468336812
60464,0.6554627696590117
453,0.9659011830201809
60209596,0.753723034098817
5333,0.7935281837160751
7288,0.8705636743215032
224471,0.7392484342379958
130229,0.49763395963813495
264,0.8768267223382046
876,0.8608211551844119
2554,0.6757828810020876
398,0.8469032707028532
12766,0.8002783576896312
2735009,0.7884481558803061
5881,0.607376478775226
92326,0.6569241475295755
70801,0.8247738343771747
10507,0.5066109951287404
14033081,0.8045233124565067
28936,0.5469728601252609
300,0.9557620041753654
18636,0.0
74638,0.8822546972860125
6493,0.8636047320807236
41017,0.5915100904662491
39676,0.5469728601252609
13249,0.6078636047320807
4891,0.6678496868475992
9153,0.3173277661795406
11195691,0.6980514961725818
676454,0.7668754349338901
13649,0.524008350730689
7854,0.9095337508698678
31374,0.9672929714683368
2357110,0.713152400835073
5364932,0.7773138482950591
5284369,0.469589422407794
12463,0.5678496868475992
9162,0.3423799582463465
6010,0.6130828114126652
12290,0.9610299234516353
68351,0.6980514961725818
5336,0.6938761308281142
6888,0.7446068197633959
1146,0.9485038274182324
7243,0.8608211551844119
23424378,0.8178148921363952
9013,0.7390396659707724
14033058,0.7809324982602645
38252,0.48155880306193455
15604,0.5267919276270007
68956,0.8274182324286709
8221,0.30549756437021564
4837,0.9645093945720251
11842,0.5382741823242867
10963,0.8698677800974253
19427,0.43145441892832287
5326,0.7105080027835768
7971,0.8580375782881001
543207,0.8958643006263047
4583,0.802018093249826
11722,0.9575504523312457
5405,0.5510786360473208
9154,0.47633959638135
555407,0.5692414752957551
3474,0.5732080723729992
4496,0.6256089074460681
3225,0.8712595685455811
9117,0.2616562282533055
11936,0.40570633263743905
14639068,0.5804453723034099
9201,0.3305497564370216
9158,0.2992345163535142
275903,0.523312456506611
2315,0.640222686151705
6061,0.9832985386221295
34766,0.7446068197633959
15951,0.6075156576200418
4641,0.6304801670146137
27295,0.5267919276270007
19041,0.5386221294363257
51605,0.5630480167014613
9195,0.4251913709116214
7516,0.894919972164231
31677,0.5983298538622129
36401,0.39178844815588026
8209,0.4651356993736952
44178,0.616562282533055
12407,0.31036882393876125
6274,0.8507028531663187
12025,0.9645093945720251
32872,0.5984690327070284
7933,0.8413361169102297
19540,0.4669450243562978
7966,0.8594293667362561
11420,0.9164926931106472
21803,0.5546276965901182
6579,0.9575574112734865
38253,0.36137787056367426
6326,0.9102296450939457
3059,0.6037578288100208
25572,0.709116214335421
5572,0.7637439109255393
11565,0.9164926931106472
7362,0.8830897703549061
4485,0.5674321503131524
19662,0.7084203201113431
13763159,0.6345859429366737
4495,0.577661795407098
5353356,0.6868475991649269
4115,0.4315240083507306
86287517,0.7947112038970076
24744,0.556715379262352
95318,0.7921363952679192
7080,0.2915796798886569
14642298,0.6794015309672928
14033063,0.7949199721642309
33934,0.42797494780793316
11670,0.8615170494084898
10337016,0.5233820459290187
16247,0.7258176757132916
57480887,0.7889352818371608
8900,0.5748086290883785
541197,0.556715379262352
101715,0.8782185107863605
6409711,0.7544885177453027
4062,0.7821851078636046
4793,0.5260960334029227
985,0.4161447459986082
1046,0.8385525400139179
6947,0.7689631176061238
33360,0.6520528879610299
2347,0.49693806541405705
4928,0.7174669450243563
15221249,0.6910229645093946
996,0.8900487125956854
31201,0.8308977035490606
35823,0.3757828810020877
16115,0.5497564370215727
2879,0.8413361169102297
1292,0.8935789839944328
7761,0.8329853862212944
13432,0.5927627000695894
25622,0.523312456506611
11080,0.569937369519833
743,0.9596381350034795
6662,0.640222686151705
90590,0.6604036186499651
7270,0.506402226861517
7967,0.8482950591510091
9298,0.4919972164231037
28871,0.5444676409185804
8821,0.8385525400139179
2732,0.6542101600556716
7934,0.8308977035490606
5329,0.6967292971468336
5505,0.6541405706332637
727,0.5762004175365344
7915,0.8517745302713987
5556,0.6061238691718859
66057,0.941544885177453
5641,0.9491997216423104
86308,0.7412665274878218
14033083,0.8556019485038274
31285,0.5386221294363257
7903,0.8343771746694502
65885,0.7616562282533055
13076,0.4328462073764787
8793,0.8061238691718859
1049,0.9429366736256088
919385,0.5871259568545582
11594,0.5365344467640918
4211,0.4370215727209464
91727,0.6555323590814195
7301,0.8977035490605427
3779,0.8997912317327766
27375,0.6492693110647181
4004,0.6560194850382742
16116,0.6040361864996521
7881,0.8144050104384134
22386,0.8698677800974253
7936,0.9164926931106472
4828,0.6217814892136395
3639,0.7025748086290884
1309,0.6040361864996521
2912,0.33194154488517746
8027,0.8782185107863605
17321,0.4836464857341684
15221251,0.5970772442588725
1110,0.8761308281141267
36186,0.3855254001391788
69043,0.8199025748086292
8073,0.8559498956158663
3776,0.9199721642310369
24781,0.8851774530271398
7370,0.7814892136395267
9152,0.3333333333333333
54778,0.7272094641614475
80523,0.9220598469032708
17534,0.45859429366736254
1201546,0.7668754349338901
4506,0.6261656228253305
68194,0.6876130828114128
8489,0.697286012526096
8856,0.860125260960334
657298,0.7404314544189283
589615,0.8942240779401531
71815,0.8387613082811413
6404,0.8622129436325678
40476,0.33890048712595683
6590,0.9095337508698678
5371562,0.9352818371607515
3182,0.8782185107863605
287892,0.7949199721642309
39929,0.27348643006263046
10715,0.6988865692414753
16307,0.48643006263048016
5455,0.6186499652052887
74989,0.47738343771746694
8420,0.802018093249826
10176,0.34377174669450244
11416,0.591858037578288
9294,0.8632428670842033
14033054,0.6422407794015309
9905,0.8096729297146834
11439,0.9109255393180237
156651,0.7031315240083507
31386,0.636464857341684
11519,0.5309672929714683
991,0.591858037578288
14033065,0.808072372999304
2474,0.6656924147529575
560193,0.9693806541405706
77922,0.8970076548364648
702,0.9665970772442588
28935,0.429366736256089
11167,0.8204592901878914
5889,0.28740431454418924
14525,0.7613082811412666
17334,0.5991649269311065
14033055,0.7805845511482254
27195,0.5970772442588725
15629,0.7112038970076549
6720,0.48503827418232426
20274,0.5553235908141962
4164,0.615866388308977
11364,0.8239387613082811
6269,0.7689631176061238
13763158,0.8012526096033403
7124,0.8143354210160055
10328,0.8176757132915797
23063481,0.742519137091162
8193,0.5650661099512874
14642299,0.7008350730688936
4690,0.6938065414057063
21491,0.791231732776618
12369,0.5817675713291579
14109,0.5274878218510786
4747,0.6130828114126652
445154,0.5880306193458594
811,0.8744537230340989
16686,0.383437717466945
305544,0.5789839944328462
5833,0.7668754349338901
174,0.8956158663883089
6375,0.9081419624217119
2471,0.6034794711203897
13617012,0.7752261656228253
74417,0.4752957550452331
23424384,0.5713291579679889
69004,0.8928322894919971
10228,0.5901183020180933
7551,0.5859429366736255
6587,0.8747390396659707
3082,0.8385525400139179
2249,0.8928322894919971
4931,0.7174669450243563
6782,0.5640918580375782
4421,0.6428670842032012
1548885,0.7245650661099513
447466,0.9123173277661796
10837,0.7279053583855254
11287340,0.6758524704244955
3780,0.7070285316631872
26098,0.6437021572720947
8346,0.534446764091858
2955,0.6863604732080724
14033071,0.8018093249826026
6405,0.8956158663883089
21207,0.6569241475295755
91662,0.3806541405706332
971,0.9164926931106472
453974,0.6784968684759917
7964,0.7233820459290188
7510,0.9568545581071678
5543,0.5504523312456506
8174,0.6374391092553933
1183,0.8096729297146834
8418,0.4421016005567153
6335,0.8615170494084898
551139,0.6294363256784967
638024,0.6492693110647181
30773,0.6708420320111342
79615,0.8393180236604036
527,0.930410577592206
36613,0.3451635351426583
22188,0.7174669450243563
13677,0.5254001391788448
2083,0.8092553931802366
3702,0.6367432150313151
5853,0.8665274878218511
9216,0.5194850382741822
5145,0.8308977035490606
43226,0.5852470424495477
7004,0.5734168406402226
19014,0.5121781489213639
10907,0.5601948503827417
6853,0.5443284620737647
7447,0.6697981906750174
8020,0.9234516353514266
14642300,0.7228253305497564
16322,0.5504523312456506
6852129,0.715866388308977
15331,0.8761308281141267
4064,0.7691718858733472
36339,0.5601948503827417
4463,0.6680584551148225
7691,0.7028531663187195
8082,0.9645093945720251
7523,0.9255393180236604
15530,0.6388308977035491
7816,0.9241475295755045
7443,0.6673625608907446
11417,0.9151009046624913
15,0.5601948503827417
5331295,0.49345859429366734
5353830,0.656437021572721
91687,0.5817675713291579
135846937,0.7237299930410577
16422,0.46624913013221986
12450810,0.722964509394572
2516894,0.6906054279749478
20615,0.5782881002087682
3243,0.5135699373695198
5216,0.5734168406402226
34468,0.5093945720250522
42128,0.2526096033402922
3303,0.8329853862212944
2585,0.5938761308281141
4539,0.6940848990953375
7937,0.9213639526791927
8416,0.8392484342379958
14639075,0.6909533750869867
887,0.9993041057759221
55256,0.8150313152400835
11676,0.8399443284620737
8049,0.6458594293667362
37517,0.5852470424495477
16318,0.07585247042449547
6488,0.7035490605427975
5339,0.4629784272790536
10932,0.965205288796103
91677,0.6082115518441196
1027,0.5664578983994433
18937,0.5949895615866387
17168,0.5901183020180933
6108,0.6986082115518442
36474,0.2637439109255393
5433,0.7404314544189283
5503,0.6339596381350034
7183,0.7014613778705636
6950,0.6548364648573417
6954,0.6931106471816284
6915,0.8336812804453723
3826,0.6632567849686847
12291,0.906054279749478
6115,0.8615170494084898
7431,0.8135699373695198
3606,0.5817675713291579
9259,0.9665970772442588
2723650,0.8406402226861517
10597,0.5254001391788448
753,0.9679888656924148
12424,0.3472512178148921
17581,0.5831593597773138
14202,0.5713291579679889
31260,0.8538622129436326
638088,0.48712595685455806
6416,0.8399443284620737
8482,0.7780097425191371
6944,0.7286012526096033
3346,0.5720250521920668
8133,0.8608211551844119
3893,0.568545581071677
2949,0.506750173973556
1674,0.3375086986778009
5839,0.6221294363256785
12382883,0.7035490605427975
41381,0.46416144745998605
3025,0.6260264439805149
36679,0.6450243562978426
12136,0.8656924147529576
2581,0.5631176061238691
10864,0.5671537926235212
62210,0.418232428670842
3778,0.7572720946416145
15359,0.7453027139874738
7986,0.6311064718162839
3830,0.6154488517745302
10788,0.7418232428670842
17517,0.6910229645093946
12310947,0.43340292275574105
31236,0.8409881697981907
12486,0.40431454418928314
10399,0.8288100208768266
6295,0.40013917884481554
10005,0.8684759916492693
34192,0.6162839248434236
11380,0.5831593597773138
453251,0.6590118302018093
785,0.8782185107863605
5281,0.49478079331941544
19596,0.7132915796798887
602,0.9089631176061239
16882,0.6228253305497564
5325,0.6937369519832985
161366,0.5790535838552539
104926,0.37926235212247733
3767,0.8907446068197634
9975095,0.5203897007654836
176,0.9749478079331942
10939286,0.6448851774530271
13763146,0.7095337508698678
17287,0.7684064022268615
14033075,0.8173277661795407
84766,0.6590814196242172
85082,0.8382254697286012
5335,0.7286012526096033
6657,0.9116214335421017
7647,0.568545581071677
335,0.8469032707028532
71015,0.5008350730688935
36242,0.5560194850382741
4114,0.6406402226861517
91773,0.4983994432846207
518919,0.7354210160055672
38103,0.8043145441892833
6093,0.6659707724425886
12397,0.44815588030619347
76792,0.8099512874043145
755,0.5316631871955462
185,0.8405706332637439
4748,0.5949895615866387
8048,0.60473208072373
38200,0.08837856645789838
12628,0.5970772442588725
3286,0.5045233124565066
6849,0.6402922755741127
3718,0.5902574808629089
4477,0.5629784272790536
10853,0.8239387613082811
13652,0.5915100904662491
11124,0.8803061934585943
64692,0.7700765483646486
2727,0.6725121781489214
4130,0.6339596381350034
2151,0.8469032707028532
40326,0.4523312456506611
11269,0.5560194850382741
342,0.8427279053583855
8461,0.6938065414057063
12257,0.8462073764787752
2707,0.9401530967292971
7242,0.8308977035490606
223584,0.7055671537926235
37035,0.3110647181628392
13263,0.6784968684759917
4048,0.5177453027139874
12932,0.5977731384829507
14033057,0.7780793319415449
3386,0.7794015309672929
3283,0.883785664578984
11137,0.8197633959638135
232986,0.6836464857341683
7211,0.8524704244954767
6901,0.5480167014613778
31268,0.9700765483646486
14300,0.8421503131524009
11118,0.6702157272094642
63107,0.4070981210855949
16562,0.651356993736952
3333,0.4946416144745998
6780,0.5288796102992345
7641,0.5376478775226166
2730,0.5063326374391092
35699,0.7404314544189283
8150,0.9512874043145443
11306,0.5601948503827417
23421,0.7807933194154488
19429,0.4022268615170494
13387,0.9596381350034795
14215,0.6549060542797495
66733,0.6578288100208768
3869,0.7995824634655532
23276065,0.5156576200417536
7972,0.9596381350034795
48889,0.2713987473903966
5320,0.7958246346555324
11596,0.8441196938065414
11087,0.787473903966597
9170,0.42101600556715374
564,0.8222199025748086
17564,0.5949895615866387
2319,0.5052192066805845
6998,0.8302018093249827
16533,0.5485734168406402
578771,0.5622825330549756
942,0.9450243562978426
4510,0.7355601948503827
8574,0.7148921363952679
6041,0.930410577592206
5284376,0.6068197633959638
71188,0.6686847599164926
8376,0.6659707724425886
71105,0.7703549060542797
31357,0.6919972164231036
39230,0.4725121781489213
453307,0.707724425887265
11251,0.8816979819067502
16117,0.5434933890048712
11005,0.5191370911621433
356,0.5254001391788448
568,0.575991649269311
9128,0.3472512178148921
15883,0.7498956158663883
7475,0.7251217814892136
2733,0.6968684759916492
7865,0.930410577592206
104028,0.9311064718162839
11724247,0.49923451635351423
6838,0.6290883785664578
14033064,0.9199721642310369
239,0.9596033402922756
3035,0.4098816979819067
838,0.8231036882393876
57480890,0.7787752261656228
5426,0.7035490605427975
36982,0.5226165622825331
10201097,0.6658315935977731
13763157,0.7331941544885178
6854,0.5441892832289492
16073,0.707724425887265
1000,0.8566457898399443
2723790,0.9123173277661796
12370,0.6353514265831594
29393,0.5309672929714683
8998,0.9387613082811412
8268,0.4954766875434934
15531,0.6583159359777313
66639,0.6731384829505914
8139,0.5636743215031315
14033073,0.7450243562978427
5541,0.8482950591510091
9782,0.6259568545581071
6726,0.783785664578984
3114,0.7682672233820459
3608,0.6977035490605428
4173,0.8062630480167015
14642291,0.596242171189979
9564,0.7383437717466945
6325,0.8622129436325678
18752,0.7745302713987474
38295,0.8065414057063327
27514,0.453723034098817
1989,0.7466945024356297
133967,0.41711899791231727
6230,0.5633959638135004
28049,0.5859429366736255
8058,0.6228253305497564
5330,0.6617954070981211
8140,0.5379262352122477
14322,0.7647877522616562
441278,0.6254001391788447
450,0.5532359081419624
3001,0.5678496868475992
2118,0.6511482254697286
3657,0.9679888656924148
6478,0.5295755045233125
4727,0.8810020876826722
6658,0.8343771746694502
13763152,0.7036186499652053
39147,0.8199025748086292
82571,0.8870563674321503
6580,0.8886569241475296
14642293,0.6796102992345162
7433,0.7218510786360474
8025,0.9004871259568545
37270,0.10925539318023651
38251,0.19756437021572712
7452,0.7306889352818372
9171,0.3291579679888656
2794,0.4555323590814196
2758,0.7702853166318719
8902,0.8580375782881001
6342,0.9081419624217119
101711,0.7070285316631872
11543,0.8559498956158663
37869,0.6256089074460681
36188,0.39944328462073764
5959,0.7525400139178845
4917,0.5838552540013917
4937,0.5817675713291579
10006,0.8622129436325678
9266,0.6012526096033403
14033061,0.8327070285316632
6872,0.640222686151705
13763145,0.6428670842032012
385,0.8725191370911622
999,0.8282254697286012
38193,0.3903966597077244
8412,0.5142658315935977
12232,0.789839944328462
206,0.941544885177453
5718,0.8599164926931107
14033042,0.81419624217119
6054,0.8385525400139179
38254,0.23034098816979812
6047,0.7836464857341684
39385,0.6388308977035491
244,0.8622129436325678
11386,0.5615866388308978
5392,0.45581071677105073
11726268,0.5855254001391788
3469,0.8824634655532358
8285,0.8594293667362561
27189,0.6416144745998608
91735,0.4100904662491301
15546,0.6950591510090466
9395,0.7467640918580375
24743,0.5678496868475992
54677971,0.626722338204593
4058,0.7585247042449547
12009,0.8343771746694502
10471884,0.5139178844815587
5564,0.5796798886569241
8857,0.8872651356993737
13763160,0.7807933194154488
11831,0.5613778705636744
11719,0.9686847599164926
91716,0.5511482254697285
15787,0.5100904662491301
6024,0.6855949895615866
7423,0.7376478775226166
3964,0.5825330549756437
7115,0.39526791927627
7950,0.5743910925539318
3759,0.7188587334725121
9502,0.6426583159359778
3032285,0.6492693110647181
3120,0.6240779401530968
7895,0.8768267223382046
47326,0.47042449547668747
127,0.8243423799582463
7042,0.7244258872651358
3366,0.8168406402226862
39223,0.6353514265831594
7087,0.6339596381350034
519111,0.6768267223382045
1176,0.9568545581071678
11813,0.6812804453723034
2180,0.8364648573416841
3325,0.7058455114822546
6180,0.8922755741127348
11526,0.9178844815588031
14033069,0.7858037578288101
274159,0.5717466945024356
5429,0.7100208768267223
1982,0.9276270006958942
86986,0.7240083507306889
95116,0.8768267223382046
6924,0.7494780793319415
11937,0.5302713987473904
8309,0.6325678496868476
16248,0.6171885873347251
31645,0.7543493389004872
16556,0.6805845511482255
11387,0.5497564370215727
21059,0.8278496868475991
523177,0.4237995824634655
68485,0.6314544189283228
2199,0.7780097425191371
7997,0.8399443284620737
8029,0.8329853862212944
6344,0.8462073764787752
9795434,0.5678496868475992
8083,0.9638135003479471
7151,0.8580375782881001
6436,0.5894224077940152
995,0.5240779401530967
6918,0.7877522616562282
12083,0.6788448155880306
3031,0.5949895615866387
71245,0.2915796798886569
10295,0.5045233124565066
8050,0.5678496868475992
16308,0.43354210160055673
6908,0.5260960334029227
14033062,0.7961725817675713
43079,0.5810716771050799
5343,0.7315935977731384
15352,0.8474112734864301
5732,0.7997912317327766
14127545,0.5886569241475296
8180,0.6430062630480167
5961,0.8517745302713987
3948,0.727696590118302
11610,0.6304801670146137
13763162,0.7794711203897007
94382,0.5400139178844815
10044,0.5866388308977035
3478,0.5081419624217118
11392,0.6239387613082811
720471,0.7195546276965902
8471,0.8803061934585943
15723,0.793597773138483
3488,0.5358385525400139
31200,0.6012526096033403
23019,0.6247042449547668
63072,0.3569937369519833
12699,0.8308977035490606
31244,0.7863604732080723
54677470,0.6815588030619345
5569,0.49478079331941544
16559,0.5706332637439109
261,0.8893528183716075
6569,0.9262352122477383
14033052,0.6575504523312455
40300,0.41057759220598466
6560,0.8928322894919971
13930,0.46200417536534444
5281873,0.3208072372999304
10800,0.7884481558803061
77857,0.7400835073068894
12566,0.568545581071677
5323,0.6840640222686151
3440,0.6252609603340292
