24
1
0 50
1 2 3 4 5 6 7 8 9 
3
0 50
1 2 3 4 5 6 7 8 9 
5
0 50
1 2 3 4 5 6 7 8 9 
7
0 50
1 2 3 4 5 6 7 8 9 
8
0 50
1 2 3 4 5 6 7 8 9 
10
0 50
1 2 3 4 5 6 7 8 9 
11
0 50
1 2 3 4 5 6 7 8 9 
12
0 50
1 2 3 4 5 6 7 8 9 
13
0 50
1 2 3 4 5 6 7 8 9 
14
0 50
1 2 3 4 5 6 7 8 9 
16
0 50
1 2 3 4 5 6 7 8 9 
21
0 50
1 2 3 4 5 6 7 8 9 
26
0 50
1 2 3 4 5 6 7 8 9 
28
0 50
1 2 3 4 5 6 7 8 9 
30
0 50
1 2 3 4 5 6 7 8 9 
31
0 50
1 2 3 4 5 6 7 8 9 
32
0 50
1 2 3 4 5 6 7 8 9 
33
0 50
1 2 3 4 5 6 7 8 9 
35
0 50
1 2 3 4 5 6 7 8 9 
37
0 50
1 2 3 4 5 6 7 8 9 
38
0 50
1 2 3 4 5 6 7 8 9 
39
0 50
1 2 3 4 5 6 7 8 9 
44
0 50
1 2 3 4 5 6 7 8 9 
49
0 50
1 2 3 4 5 6 7 8 9 
28
1 3
0 0
1 2 3 4 5 6 7 8 9 
1 10
0 0
1 2 3 4 5 6 7 8 9 
3 5
0 0
1 2 3 4 5 6 7 8 9 
5 7
0 0
1 2 3 4 5 6 7 8 9 
7 8
0 0
1 2 3 4 5 6 7 8 9 
7 11
0 0
1 2 3 4 5 6 7 8 9 
8 10
0 0
1 2 3 4 5 6 7 8 9 
8 13
0 0
1 2 3 4 5 6 7 8 9 
11 12
0 0
1 2 3 4 5 6 7 8 9 
12 13
0 0
1 2 3 4 5 6 7 8 9 
12 14
0 0
1 2 3 4 5 6 7 8 9 
14 16
0 0
1 2 3 4 5 6 7 8 9 
14 30
0 0
1 2 3 4 5 6 7 8 9 
16 21
0 0
1 2 3 4 5 6 7 8 9 
21 26
0 0
1 2 3 4 5 6 7 8 9 
26 28
0 0
1 2 3 4 5 6 7 8 9 
28 30
0 0
1 2 3 4 5 6 7 8 9 
28 31
0 0
1 2 3 4 5 6 7 8 9 
31 32
0 0
1 2 3 4 5 6 7 8 9 
31 37
0 0
1 2 3 4 5 6 7 8 9 
32 33
0 0
1 2 3 4 5 6 7 8 9 
33 35
0 0
1 2 3 4 5 6 7 8 9 
33 38
0 0
1 2 3 4 5 6 7 8 9 
35 37
0 0
1 2 3 4 5 6 7 8 9 
35 49
0 0
1 2 3 4 5 6 7 8 9 
38 39
0 0
1 2 3 4 5 6 7 8 9 
39 44
0 0
1 2 3 4 5 6 7 8 9 
44 49
0 0
1 2 3 4 5 6 7 8 9 
