24
1
0 50
1 2 3 4 5 6 7 8 9 
6
0 50
1 2 3 4 5 6 7 8 9 
8
0 50
1 2 3 4 5 6 7 8 9 
11
0 50
1 2 3 4 5 6 7 8 9 
13
0 50
1 2 3 4 5 6 7 8 9 
15
0 50
1 2 3 4 5 6 7 8 9 
16
0 50
1 2 3 4 5 6 7 8 9 
17
0 50
1 2 3 4 5 6 7 8 9 
19
0 50
1 2 3 4 5 6 7 8 9 
20
0 50
1 2 3 4 5 6 7 8 9 
21
0 50
1 2 3 4 5 6 7 8 9 
23
0 50
1 2 3 4 5 6 7 8 9 
25
0 50
1 2 3 4 5 6 7 8 9 
28
0 50
1 2 3 4 5 6 7 8 9 
30
0 50
1 2 3 4 5 6 7 8 9 
31
0 50
1 2 3 4 5 6 7 8 9 
32
0 50
1 2 3 4 5 6 7 8 9 
33
0 50
1 2 3 4 5 6 7 8 9 
35
0 50
1 2 3 4 5 6 7 8 9 
37
0 50
1 2 3 4 5 6 7 8 9 
38
0 50
1 2 3 4 5 6 7 8 9 
39
0 50
1 2 3 4 5 6 7 8 9 
44
0 50
1 2 3 4 5 6 7 8 9 
45
0 50
1 2 3 4 5 6 7 8 9 
28
1 6
0 0
1 2 3 4 5 6 7 8 9 
1 15
0 0
1 2 3 4 5 6 7 8 9 
6 8
0 0
1 2 3 4 5 6 7 8 9 
8 11
0 0
1 2 3 4 5 6 7 8 9 
11 13
0 0
1 2 3 4 5 6 7 8 9 
11 16
0 0
1 2 3 4 5 6 7 8 9 
13 15
0 0
1 2 3 4 5 6 7 8 9 
13 19
0 0
1 2 3 4 5 6 7 8 9 
16 17
0 0
1 2 3 4 5 6 7 8 9 
17 19
0 0
1 2 3 4 5 6 7 8 9 
17 20
0 0
1 2 3 4 5 6 7 8 9 
20 21
0 0
1 2 3 4 5 6 7 8 9 
20 30
0 0
1 2 3 4 5 6 7 8 9 
21 23
0 0
1 2 3 4 5 6 7 8 9 
23 25
0 0
1 2 3 4 5 6 7 8 9 
25 28
0 0
1 2 3 4 5 6 7 8 9 
28 30
0 0
1 2 3 4 5 6 7 8 9 
28 31
0 0
1 2 3 4 5 6 7 8 9 
31 32
0 0
1 2 3 4 5 6 7 8 9 
31 37
0 0
1 2 3 4 5 6 7 8 9 
32 33
0 0
1 2 3 4 5 6 7 8 9 
33 35
0 0
1 2 3 4 5 6 7 8 9 
33 38
0 0
1 2 3 4 5 6 7 8 9 
35 37
0 0
1 2 3 4 5 6 7 8 9 
35 45
0 0
1 2 3 4 5 6 7 8 9 
38 39
0 0
1 2 3 4 5 6 7 8 9 
39 44
0 0
1 2 3 4 5 6 7 8 9 
44 45
0 0
1 2 3 4 5 6 7 8 9 
