24
1
0 50
1 2 3 4 5 6 7 8 9 
3
0 50
1 2 3 4 5 6 7 8 9 
4
0 50
1 2 3 4 5 6 7 8 9 
9
0 50
1 2 3 4 5 6 7 8 9 
11
0 50
1 2 3 4 5 6 7 8 9 
13
0 50
1 2 3 4 5 6 7 8 9 
14
0 50
1 2 3 4 5 6 7 8 9 
15
0 50
1 2 3 4 5 6 7 8 9 
16
0 50
1 2 3 4 5 6 7 8 9 
17
0 50
1 2 3 4 5 6 7 8 9 
18
0 50
1 2 3 4 5 6 7 8 9 
23
0 50
1 2 3 4 5 6 7 8 9 
24
0 50
1 2 3 4 5 6 7 8 9 
29
0 50
1 2 3 4 5 6 7 8 9 
31
0 50
1 2 3 4 5 6 7 8 9 
32
0 50
1 2 3 4 5 6 7 8 9 
34
0 50
1 2 3 4 5 6 7 8 9 
35
0 50
1 2 3 4 5 6 7 8 9 
37
0 50
1 2 3 4 5 6 7 8 9 
38
0 50
1 2 3 4 5 6 7 8 9 
39
0 50
1 2 3 4 5 6 7 8 9 
40
0 50
1 2 3 4 5 6 7 8 9 
43
0 50
1 2 3 4 5 6 7 8 9 
45
0 50
1 2 3 4 5 6 7 8 9 
28
1 3
0 0
1 2 3 4 5 6 7 8 9 
1 13
0 0
1 2 3 4 5 6 7 8 9 
3 4
0 0
1 2 3 4 5 6 7 8 9 
4 9
0 0
1 2 3 4 5 6 7 8 9 
9 11
0 0
1 2 3 4 5 6 7 8 9 
9 14
0 0
1 2 3 4 5 6 7 8 9 
11 13
0 0
1 2 3 4 5 6 7 8 9 
11 16
0 0
1 2 3 4 5 6 7 8 9 
14 15
0 0
1 2 3 4 5 6 7 8 9 
15 16
0 0
1 2 3 4 5 6 7 8 9 
15 17
0 0
1 2 3 4 5 6 7 8 9 
17 18
0 0
1 2 3 4 5 6 7 8 9 
17 31
0 0
1 2 3 4 5 6 7 8 9 
18 23
0 0
1 2 3 4 5 6 7 8 9 
23 24
0 0
1 2 3 4 5 6 7 8 9 
24 29
0 0
1 2 3 4 5 6 7 8 9 
29 31
0 0
1 2 3 4 5 6 7 8 9 
29 32
0 0
1 2 3 4 5 6 7 8 9 
32 34
0 0
1 2 3 4 5 6 7 8 9 
32 38
0 0
1 2 3 4 5 6 7 8 9 
34 35
0 0
1 2 3 4 5 6 7 8 9 
35 37
0 0
1 2 3 4 5 6 7 8 9 
35 39
0 0
1 2 3 4 5 6 7 8 9 
37 38
0 0
1 2 3 4 5 6 7 8 9 
37 45
0 0
1 2 3 4 5 6 7 8 9 
39 40
0 0
1 2 3 4 5 6 7 8 9 
40 43
0 0
1 2 3 4 5 6 7 8 9 
43 45
0 0
1 2 3 4 5 6 7 8 9 
