24
1
0 50
1 2 3 4 5 6 7 8 9 
4
0 50
1 2 3 4 5 6 7 8 9 
5
0 50
1 2 3 4 5 6 7 8 9 
7
0 50
1 2 3 4 5 6 7 8 9 
9
0 50
1 2 3 4 5 6 7 8 9 
11
0 50
1 2 3 4 5 6 7 8 9 
12
0 50
1 2 3 4 5 6 7 8 9 
13
0 50
1 2 3 4 5 6 7 8 9 
14
0 50
1 2 3 4 5 6 7 8 9 
15
0 50
1 2 3 4 5 6 7 8 9 
16
0 50
1 2 3 4 5 6 7 8 9 
19
0 50
1 2 3 4 5 6 7 8 9 
21
0 50
1 2 3 4 5 6 7 8 9 
26
0 50
1 2 3 4 5 6 7 8 9 
28
0 50
1 2 3 4 5 6 7 8 9 
29
0 50
1 2 3 4 5 6 7 8 9 
30
0 50
1 2 3 4 5 6 7 8 9 
31
0 50
1 2 3 4 5 6 7 8 9 
33
0 50
1 2 3 4 5 6 7 8 9 
35
0 50
1 2 3 4 5 6 7 8 9 
36
0 50
1 2 3 4 5 6 7 8 9 
37
0 50
1 2 3 4 5 6 7 8 9 
39
0 50
1 2 3 4 5 6 7 8 9 
40
0 50
1 2 3 4 5 6 7 8 9 
28
1 4
0 0
1 2 3 4 5 6 7 8 9 
1 11
0 0
1 2 3 4 5 6 7 8 9 
4 5
0 0
1 2 3 4 5 6 7 8 9 
5 7
0 0
1 2 3 4 5 6 7 8 9 
7 9
0 0
1 2 3 4 5 6 7 8 9 
7 12
0 0
1 2 3 4 5 6 7 8 9 
9 11
0 0
1 2 3 4 5 6 7 8 9 
9 14
0 0
1 2 3 4 5 6 7 8 9 
12 13
0 0
1 2 3 4 5 6 7 8 9 
13 14
0 0
1 2 3 4 5 6 7 8 9 
13 15
0 0
1 2 3 4 5 6 7 8 9 
15 16
0 0
1 2 3 4 5 6 7 8 9 
15 28
0 0
1 2 3 4 5 6 7 8 9 
16 19
0 0
1 2 3 4 5 6 7 8 9 
19 21
0 0
1 2 3 4 5 6 7 8 9 
21 26
0 0
1 2 3 4 5 6 7 8 9 
26 28
0 0
1 2 3 4 5 6 7 8 9 
26 29
0 0
1 2 3 4 5 6 7 8 9 
29 30
0 0
1 2 3 4 5 6 7 8 9 
29 35
0 0
1 2 3 4 5 6 7 8 9 
30 31
0 0
1 2 3 4 5 6 7 8 9 
31 33
0 0
1 2 3 4 5 6 7 8 9 
31 36
0 0
1 2 3 4 5 6 7 8 9 
33 35
0 0
1 2 3 4 5 6 7 8 9 
33 40
0 0
1 2 3 4 5 6 7 8 9 
36 37
0 0
1 2 3 4 5 6 7 8 9 
37 39
0 0
1 2 3 4 5 6 7 8 9 
39 40
0 0
1 2 3 4 5 6 7 8 9 
