24
1
0 50
1 2 3 4 5 6 7 8 9 
3
0 50
1 2 3 4 5 6 7 8 9 
4
0 50
1 2 3 4 5 6 7 8 9 
9
0 50
1 2 3 4 5 6 7 8 9 
10
0 50
1 2 3 4 5 6 7 8 9 
12
0 50
1 2 3 4 5 6 7 8 9 
13
0 50
1 2 3 4 5 6 7 8 9 
14
0 50
1 2 3 4 5 6 7 8 9 
16
0 50
1 2 3 4 5 6 7 8 9 
17
0 50
1 2 3 4 5 6 7 8 9 
19
0 50
1 2 3 4 5 6 7 8 9 
21
0 50
1 2 3 4 5 6 7 8 9 
23
0 50
1 2 3 4 5 6 7 8 9 
25
0 50
1 2 3 4 5 6 7 8 9 
27
0 50
1 2 3 4 5 6 7 8 9 
28
0 50
1 2 3 4 5 6 7 8 9 
29
0 50
1 2 3 4 5 6 7 8 9 
30
0 50
1 2 3 4 5 6 7 8 9 
32
0 50
1 2 3 4 5 6 7 8 9 
34
0 50
1 2 3 4 5 6 7 8 9 
35
0 50
1 2 3 4 5 6 7 8 9 
36
0 50
1 2 3 4 5 6 7 8 9 
39
0 50
1 2 3 4 5 6 7 8 9 
42
0 50
1 2 3 4 5 6 7 8 9 
28
1 3
0 0
1 2 3 4 5 6 7 8 9 
1 12
0 0
1 2 3 4 5 6 7 8 9 
3 4
0 0
1 2 3 4 5 6 7 8 9 
4 9
0 0
1 2 3 4 5 6 7 8 9 
9 10
0 0
1 2 3 4 5 6 7 8 9 
9 13
0 0
1 2 3 4 5 6 7 8 9 
10 12
0 0
1 2 3 4 5 6 7 8 9 
10 16
0 0
1 2 3 4 5 6 7 8 9 
13 14
0 0
1 2 3 4 5 6 7 8 9 
14 16
0 0
1 2 3 4 5 6 7 8 9 
14 17
0 0
1 2 3 4 5 6 7 8 9 
17 19
0 0
1 2 3 4 5 6 7 8 9 
17 27
0 0
1 2 3 4 5 6 7 8 9 
19 21
0 0
1 2 3 4 5 6 7 8 9 
21 23
0 0
1 2 3 4 5 6 7 8 9 
23 25
0 0
1 2 3 4 5 6 7 8 9 
25 27
0 0
1 2 3 4 5 6 7 8 9 
25 28
0 0
1 2 3 4 5 6 7 8 9 
28 29
0 0
1 2 3 4 5 6 7 8 9 
28 34
0 0
1 2 3 4 5 6 7 8 9 
29 30
0 0
1 2 3 4 5 6 7 8 9 
30 32
0 0
1 2 3 4 5 6 7 8 9 
30 35
0 0
1 2 3 4 5 6 7 8 9 
32 34
0 0
1 2 3 4 5 6 7 8 9 
32 42
0 0
1 2 3 4 5 6 7 8 9 
35 36
0 0
1 2 3 4 5 6 7 8 9 
36 39
0 0
1 2 3 4 5 6 7 8 9 
39 42
0 0
1 2 3 4 5 6 7 8 9 
