24
1
0 50
1 2 3 4 5 6 7 8 9 
3
0 50
1 2 3 4 5 6 7 8 9 
8
0 50
1 2 3 4 5 6 7 8 9 
13
0 50
1 2 3 4 5 6 7 8 9 
15
0 50
1 2 3 4 5 6 7 8 9 
17
0 50
1 2 3 4 5 6 7 8 9 
18
0 50
1 2 3 4 5 6 7 8 9 
19
0 50
1 2 3 4 5 6 7 8 9 
20
0 50
1 2 3 4 5 6 7 8 9 
21
0 50
1 2 3 4 5 6 7 8 9 
23
0 50
1 2 3 4 5 6 7 8 9 
28
0 50
1 2 3 4 5 6 7 8 9 
29
0 50
1 2 3 4 5 6 7 8 9 
34
0 50
1 2 3 4 5 6 7 8 9 
35
0 50
1 2 3 4 5 6 7 8 9 
36
0 50
1 2 3 4 5 6 7 8 9 
37
0 50
1 2 3 4 5 6 7 8 9 
38
0 50
1 2 3 4 5 6 7 8 9 
40
0 50
1 2 3 4 5 6 7 8 9 
41
0 50
1 2 3 4 5 6 7 8 9 
42
0 50
1 2 3 4 5 6 7 8 9 
43
0 50
1 2 3 4 5 6 7 8 9 
46
0 50
1 2 3 4 5 6 7 8 9 
48
0 50
1 2 3 4 5 6 7 8 9 
28
1 3
0 0
1 2 3 4 5 6 7 8 9 
1 17
0 0
1 2 3 4 5 6 7 8 9 
3 8
0 0
1 2 3 4 5 6 7 8 9 
8 13
0 0
1 2 3 4 5 6 7 8 9 
13 15
0 0
1 2 3 4 5 6 7 8 9 
13 18
0 0
1 2 3 4 5 6 7 8 9 
15 17
0 0
1 2 3 4 5 6 7 8 9 
15 20
0 0
1 2 3 4 5 6 7 8 9 
18 19
0 0
1 2 3 4 5 6 7 8 9 
19 20
0 0
1 2 3 4 5 6 7 8 9 
19 21
0 0
1 2 3 4 5 6 7 8 9 
21 23
0 0
1 2 3 4 5 6 7 8 9 
21 35
0 0
1 2 3 4 5 6 7 8 9 
23 28
0 0
1 2 3 4 5 6 7 8 9 
28 29
0 0
1 2 3 4 5 6 7 8 9 
29 34
0 0
1 2 3 4 5 6 7 8 9 
34 35
0 0
1 2 3 4 5 6 7 8 9 
34 36
0 0
1 2 3 4 5 6 7 8 9 
36 37
0 0
1 2 3 4 5 6 7 8 9 
36 41
0 0
1 2 3 4 5 6 7 8 9 
37 38
0 0
1 2 3 4 5 6 7 8 9 
38 40
0 0
1 2 3 4 5 6 7 8 9 
38 42
0 0
1 2 3 4 5 6 7 8 9 
40 41
0 0
1 2 3 4 5 6 7 8 9 
40 48
0 0
1 2 3 4 5 6 7 8 9 
42 43
0 0
1 2 3 4 5 6 7 8 9 
43 46
0 0
1 2 3 4 5 6 7 8 9 
46 48
0 0
1 2 3 4 5 6 7 8 9 
