24
1
0 50
1 2 3 4 5 6 7 8 9 
3
0 50
1 2 3 4 5 6 7 8 9 
6
0 50
1 2 3 4 5 6 7 8 9 
9
0 50
1 2 3 4 5 6 7 8 9 
10
0 50
1 2 3 4 5 6 7 8 9 
12
0 50
1 2 3 4 5 6 7 8 9 
13
0 50
1 2 3 4 5 6 7 8 9 
14
0 50
1 2 3 4 5 6 7 8 9 
16
0 50
1 2 3 4 5 6 7 8 9 
17
0 50
1 2 3 4 5 6 7 8 9 
18
0 50
1 2 3 4 5 6 7 8 9 
19
0 50
1 2 3 4 5 6 7 8 9 
24
0 50
1 2 3 4 5 6 7 8 9 
29
0 50
1 2 3 4 5 6 7 8 9 
31
0 50
1 2 3 4 5 6 7 8 9 
32
0 50
1 2 3 4 5 6 7 8 9 
33
0 50
1 2 3 4 5 6 7 8 9 
34
0 50
1 2 3 4 5 6 7 8 9 
36
0 50
1 2 3 4 5 6 7 8 9 
38
0 50
1 2 3 4 5 6 7 8 9 
39
0 50
1 2 3 4 5 6 7 8 9 
40
0 50
1 2 3 4 5 6 7 8 9 
42
0 50
1 2 3 4 5 6 7 8 9 
47
0 50
1 2 3 4 5 6 7 8 9 
28
1 3
0 0
1 2 3 4 5 6 7 8 9 
1 12
0 0
1 2 3 4 5 6 7 8 9 
3 6
0 0
1 2 3 4 5 6 7 8 9 
6 9
0 0
1 2 3 4 5 6 7 8 9 
9 10
0 0
1 2 3 4 5 6 7 8 9 
9 13
0 0
1 2 3 4 5 6 7 8 9 
10 12
0 0
1 2 3 4 5 6 7 8 9 
10 16
0 0
1 2 3 4 5 6 7 8 9 
13 14
0 0
1 2 3 4 5 6 7 8 9 
14 16
0 0
1 2 3 4 5 6 7 8 9 
14 17
0 0
1 2 3 4 5 6 7 8 9 
17 18
0 0
1 2 3 4 5 6 7 8 9 
17 31
0 0
1 2 3 4 5 6 7 8 9 
18 19
0 0
1 2 3 4 5 6 7 8 9 
19 24
0 0
1 2 3 4 5 6 7 8 9 
24 29
0 0
1 2 3 4 5 6 7 8 9 
29 31
0 0
1 2 3 4 5 6 7 8 9 
29 32
0 0
1 2 3 4 5 6 7 8 9 
32 33
0 0
1 2 3 4 5 6 7 8 9 
32 38
0 0
1 2 3 4 5 6 7 8 9 
33 34
0 0
1 2 3 4 5 6 7 8 9 
34 36
0 0
1 2 3 4 5 6 7 8 9 
34 39
0 0
1 2 3 4 5 6 7 8 9 
36 38
0 0
1 2 3 4 5 6 7 8 9 
36 47
0 0
1 2 3 4 5 6 7 8 9 
39 40
0 0
1 2 3 4 5 6 7 8 9 
40 42
0 0
1 2 3 4 5 6 7 8 9 
42 47
0 0
1 2 3 4 5 6 7 8 9 
