24
1
0 50
1 2 3 4 5 6 7 8 9 
4
0 50
1 2 3 4 5 6 7 8 9 
6
0 50
1 2 3 4 5 6 7 8 9 
11
0 50
1 2 3 4 5 6 7 8 9 
12
0 50
1 2 3 4 5 6 7 8 9 
14
0 50
1 2 3 4 5 6 7 8 9 
15
0 50
1 2 3 4 5 6 7 8 9 
16
0 50
1 2 3 4 5 6 7 8 9 
18
0 50
1 2 3 4 5 6 7 8 9 
19
0 50
1 2 3 4 5 6 7 8 9 
20
0 50
1 2 3 4 5 6 7 8 9 
25
0 50
1 2 3 4 5 6 7 8 9 
30
0 50
1 2 3 4 5 6 7 8 9 
32
0 50
1 2 3 4 5 6 7 8 9 
34
0 50
1 2 3 4 5 6 7 8 9 
35
0 50
1 2 3 4 5 6 7 8 9 
36
0 50
1 2 3 4 5 6 7 8 9 
37
0 50
1 2 3 4 5 6 7 8 9 
39
0 50
1 2 3 4 5 6 7 8 9 
41
0 50
1 2 3 4 5 6 7 8 9 
42
0 50
1 2 3 4 5 6 7 8 9 
43
0 50
1 2 3 4 5 6 7 8 9 
46
0 50
1 2 3 4 5 6 7 8 9 
48
0 50
1 2 3 4 5 6 7 8 9 
28
1 4
0 0
1 2 3 4 5 6 7 8 9 
1 14
0 0
1 2 3 4 5 6 7 8 9 
4 6
0 0
1 2 3 4 5 6 7 8 9 
6 11
0 0
1 2 3 4 5 6 7 8 9 
11 12
0 0
1 2 3 4 5 6 7 8 9 
11 15
0 0
1 2 3 4 5 6 7 8 9 
12 14
0 0
1 2 3 4 5 6 7 8 9 
12 18
0 0
1 2 3 4 5 6 7 8 9 
15 16
0 0
1 2 3 4 5 6 7 8 9 
16 18
0 0
1 2 3 4 5 6 7 8 9 
16 19
0 0
1 2 3 4 5 6 7 8 9 
19 20
0 0
1 2 3 4 5 6 7 8 9 
19 34
0 0
1 2 3 4 5 6 7 8 9 
20 25
0 0
1 2 3 4 5 6 7 8 9 
25 30
0 0
1 2 3 4 5 6 7 8 9 
30 32
0 0
1 2 3 4 5 6 7 8 9 
32 34
0 0
1 2 3 4 5 6 7 8 9 
32 35
0 0
1 2 3 4 5 6 7 8 9 
35 36
0 0
1 2 3 4 5 6 7 8 9 
35 41
0 0
1 2 3 4 5 6 7 8 9 
36 37
0 0
1 2 3 4 5 6 7 8 9 
37 39
0 0
1 2 3 4 5 6 7 8 9 
37 42
0 0
1 2 3 4 5 6 7 8 9 
39 41
0 0
1 2 3 4 5 6 7 8 9 
39 48
0 0
1 2 3 4 5 6 7 8 9 
42 43
0 0
1 2 3 4 5 6 7 8 9 
43 46
0 0
1 2 3 4 5 6 7 8 9 
46 48
0 0
1 2 3 4 5 6 7 8 9 
