24
1
0 50
1 2 3 4 5 6 7 8 9 
3
0 50
1 2 3 4 5 6 7 8 9 
8
0 50
1 2 3 4 5 6 7 8 9 
13
0 50
1 2 3 4 5 6 7 8 9 
15
0 50
1 2 3 4 5 6 7 8 9 
17
0 50
1 2 3 4 5 6 7 8 9 
18
0 50
1 2 3 4 5 6 7 8 9 
19
0 50
1 2 3 4 5 6 7 8 9 
20
0 50
1 2 3 4 5 6 7 8 9 
21
0 50
1 2 3 4 5 6 7 8 9 
23
0 50
1 2 3 4 5 6 7 8 9 
28
0 50
1 2 3 4 5 6 7 8 9 
33
0 50
1 2 3 4 5 6 7 8 9 
35
0 50
1 2 3 4 5 6 7 8 9 
36
0 50
1 2 3 4 5 6 7 8 9 
37
0 50
1 2 3 4 5 6 7 8 9 
38
0 50
1 2 3 4 5 6 7 8 9 
39
0 50
1 2 3 4 5 6 7 8 9 
41
0 50
1 2 3 4 5 6 7 8 9 
43
0 50
1 2 3 4 5 6 7 8 9 
44
0 50
1 2 3 4 5 6 7 8 9 
45
0 50
1 2 3 4 5 6 7 8 9 
47
0 50
1 2 3 4 5 6 7 8 9 
48
0 50
1 2 3 4 5 6 7 8 9 
28
1 3
0 0
1 2 3 4 5 6 7 8 9 
1 17
0 0
1 2 3 4 5 6 7 8 9 
3 8
0 0
1 2 3 4 5 6 7 8 9 
8 13
0 0
1 2 3 4 5 6 7 8 9 
13 15
0 0
1 2 3 4 5 6 7 8 9 
13 18
0 0
1 2 3 4 5 6 7 8 9 
15 17
0 0
1 2 3 4 5 6 7 8 9 
15 20
0 0
1 2 3 4 5 6 7 8 9 
18 19
0 0
1 2 3 4 5 6 7 8 9 
19 20
0 0
1 2 3 4 5 6 7 8 9 
19 21
0 0
1 2 3 4 5 6 7 8 9 
21 23
0 0
1 2 3 4 5 6 7 8 9 
21 36
0 0
1 2 3 4 5 6 7 8 9 
23 28
0 0
1 2 3 4 5 6 7 8 9 
28 33
0 0
1 2 3 4 5 6 7 8 9 
33 35
0 0
1 2 3 4 5 6 7 8 9 
35 36
0 0
1 2 3 4 5 6 7 8 9 
35 37
0 0
1 2 3 4 5 6 7 8 9 
37 38
0 0
1 2 3 4 5 6 7 8 9 
37 43
0 0
1 2 3 4 5 6 7 8 9 
38 39
0 0
1 2 3 4 5 6 7 8 9 
39 41
0 0
1 2 3 4 5 6 7 8 9 
39 44
0 0
1 2 3 4 5 6 7 8 9 
41 43
0 0
1 2 3 4 5 6 7 8 9 
41 48
0 0
1 2 3 4 5 6 7 8 9 
44 45
0 0
1 2 3 4 5 6 7 8 9 
45 47
0 0
1 2 3 4 5 6 7 8 9 
47 48
0 0
1 2 3 4 5 6 7 8 9 
