-0.05017543500954263
-0.07550977434427167
0.06728571859876548
-0.09401315861265562
-0.028330468469271536
-0.09502058938523744
0.08868291088787254
-0.11949558703432851
-0.1598033445167888
0.06566130674252676
-0.10782973804882925
-0.022694951197869878
0.05165822906908424
-0.09116671917327218
-0.022755963667765798
-0.16052850269088742
0.1544455170291364
-0.18985536357834665
-0.10912055131623302
-0.058543140979211795
-0.006797733035210345
-0.07911499216650772
-0.00872428883526813
0.10097249973957072
0.0017041549955783381
0.08061854969922175
-0.13851458268741812
-0.18219010630257304
0.13010244143574906
-0.08678386339201133
-0.04691461055548237
-0.1297644091860618
0.06094568292348621
-0.14222797775046964
-0.14499566539296657
-0.18057390513012805
0.07614493249086811
0.1833466853695176
-0.008693322394119471
-0.04010038277577396
0.40510757165818034
