Ademola	10256	941	941	0	Lasso	0.5003426877754658	0.33805479102647806	88300.98132991791		-l 1e-05	
Ademola	10256	941	941	0	Lasso	0.504079802120008	0.4613382287634197	0.5715763666598401	0.3069102289278399	0.17928837573780376	0.48905026900231763	507.63403701782227	
Ademola	10256	941	941	0	ANN	0.5925211006954375	0.3776672380154512	10366.380253314972		-ann ./log/LLR_ANN_Ademola_desc_norm.csv 0.58 36 32 21 	
Ademola	10256	97	97	0	ANN	0.5875986667207371	0.5289247145206337	0.6220849141206608	0.34258895768879855	0.2121761074282661	0.5170920702619781	42.61662459373474	
Alex_Manfred	72	163	163	0	Lasso	0.7178781889443024	0.4988570134181922	30.794994831085205		-l 0.0046	
Alex_Manfred	72	163	163	0	Lasso	0.7199813338340519	0.5348028404322362	0.7761610880311027	0.46330855320218073	-0.13314292972339992	0.815240050303519	0.27716755867004395	
Alex_Manfred	72	163	163	0	ANN	0.7705035264034755	0.6011600019222163	226.38800358772278		-ann ./log/LLR_ANN_Alex_Manfred_desc_norm.csv 0.77 1965 10 6 	
Alex_Manfred	72	12	12	0	ANN	0.7704936013710225	0.7328880527728947	0.7717968023349779	0.5492531474763951	0.08389006982337244	0.8478797839919383	70.14805459976196	
Aqsol	8230	965	965	0	Lasso	0.7507631726016357	0.7131399039950816	86960.62323999405		-l 1.9e-05	
Aqsol	8230	965	965	0	Lasso	0.7503469163040271	0.7435498393586113	0.7594965755074147	0.7198353062099581	0.6614573997252375	0.7546119492556297	797.5223183631897	
Aqsol	8230	965	965	0	ANN	0.9029473082307999	0.8164376687410158	48310.313807964325		-ann ./log/LLR_ANN_Aqsol_desc_norm.csv 0.9 33 190 	
Aqsol	8230	285	285	0	ANN	0.9029134218023225	0.8922013218522595	0.9129012677633344	0.8183537933991487	0.795880353943247	0.8385609861089554	388.1971957683563	
Aqua	1220	364	364	0	Lasso	0.8750224122768169	0.8294519651982081	3930.8947451114655		-l 6.4e-05	
Aqua	1220	364	364	0	Lasso	0.8755906477440514	0.8658786733178058	0.8853744983340096	0.8269966355473413	0.7591119134986777	0.8649398456690386	46.98949217796326	
Aqua	1220	364	364	0	ANN	0.9605404343735187	0.850100114821384	2367.2899487018585		-ann ./log/LLR_ANN_Aqua_desc_norm.csv 0.96 4248 30 20 	
Aqua	1220	138	138	0	ANN	0.9610043132594701	0.9600167752681092	0.9636806310567032	0.8464997887607553	0.7741766266809661	0.8929852917357805	261.2047839164734	
Beilstein	1129	307	307	0	Lasso	0.6211688252123049	0.5122741127403828	5469.423588275909		-l 0.00019	
Beilstein	1129	307	307	0	Lasso	0.619054162145878	0.59497595011371	0.6412639073522446	0.5199293253197952	0.4077849916316233	0.5999616951638195	17.31096386909485	
Beilstein	1129	307	307	0	ANN	0.8290359912030063	0.5865565200054794	3956.5346114635468		-ann ./log/LLR_ANN_Beilstein_S_desc_norm.csv 0.79 42 60 60 	
Beilstein	1129	91	91	0	ANN	0.804325474394711	0.7910062771203503	0.8816313231363663	0.5830269210985807	0.4515979048717761	0.6906407100713916	75.22722601890564	
Bergstrom	163	154	154	0	Lasso	0.8727049113150194	0.7034366784334833	313.76168870925903		-l 0.00082	
Bergstrom	163	154	154	0	Lasso	0.8699031988623143	0.8468577480236168	0.8944641708041384	0.7035343887597383	0.39682752857902315	0.8632438654165837	0.36379241943359375	
Bergstrom	163	154	154	0	ANN	0.9266505769917271	0.6664448820587816	298.5543794631958		-ann ./log/LLR_ANN_Bergstom_2_desc_norm.csv 0.92 63 27 27 	
Bergstrom	163	41	41	0	ANN	0.9247169557579569	0.8926500990567826	0.9389763460833987	0.676035218957623	0.3049235238940404	0.8407535211029954	9.768421173095703	
Boobier	99	133	133	0	Lasso	0.8694540987328414	0.5712774417437086	206.15900135040283		-l 0.001	
Boobier	99	133	133	0	Lasso	0.868397079619099	0.8255704924167887	0.9006513015959119	0.5864744989498288	-0.1470799706876622	0.8362959954713166	0.32689833641052246	
Boobier	99	133	133	0	ANN	0.9102338859285982	0.6326151153329118	265.9670011997223		-ann ./log/LLR_ANN_Boobier2_desc_norm.csv 0.91 1983 19 	
Boobier	99	29	29	0	ANN	0.9102399695919929	0.8931738500249812	0.9117075689766556	0.6155420204392664	0.049711880908577144	0.8787597745024711	34.635009765625	
CharlsN_R	9150	835	835	0	Lasso	0.7816011891030373	0.7450552441932101	133674.38865995407		-l 4.6e-06	
CharlsN_R	9150	835	835	0	Lasso	0.7807065169250127	0.7743071879195952	0.7889558591891106	0.7475829737414759	0.7079104763486999	0.7758309399316918	8052.0621774196625	
CharlsN_R	9150	835	835	0	ANN	0.9900574686323669	0.8909705027013217	83755.80216932297		-ann ./log/LLR_ANN_CharlsN_R_desc_norm.csv 0.99 3207 376 250 	
CharlsN_R	9150	565	565	0	ANN	0.9902773819162423	0.9894722346945338	0.9907499282360535	0.8849498214586056	0.8663217794930893	0.9025085291453102	17494.391980171204	
Cui	6678	766	766	0	Lasso	0.7817371040149834	0.7592989360065932	96838.89162874222		-l 4.6e-05	
Cui	6678	766	766	0	Lasso	0.7809582281285227	0.772596725074165	0.7972700622382062	0.7618658140152538	0.6923883088676496	0.7902350622205233	431.33910059928894	
Cui	6678	766	766	0	ANN	0.8911596773206256	0.7881968275800927	78751.48944282532		-ann ./log/LLR_ANN_Cui_desc_norm.csv 0.89 426 76 50 	
Cui	6678	114	114	0	ANN	0.8908544176025577	0.8900075353130426	0.8931362022574649	0.7803200300266453	0.7214844979148636	0.8246680598905194	274.56158661842346	
D5	91	118	118	0	Lasso	0.932845556544903	0.7097716175754112	263.81453227996826		-l 0.00073	
D5	91	118	118	0	Lasso	0.933768854846949	0.9145407711205379	0.9457512159069938	0.6924231434293079	0.3152932743136544	0.8721820227279276	0.5935630798339844	
D5	91	118	118	0	ANN	0.9616967740082956	0.6423493866568478	439.49892711639404		-ann ./log/LLR_ANN_D_5_Smiles_desc_norm.csv 0.95 66 30 20 	
D5	91	40	40	0	ANN	0.9609059239912136	0.9437413148492716	0.9760838295410343	0.6777439614586267	0.02110072020007514	0.8330919270332746	5.649530410766602	
Daniel	915	373	373	0	Lasso	0.862408056928907	0.8122309781425309	7464.879891872406		-l 6.4e-05	
Daniel	915	373	373	0	Lasso	0.8614738862430658	0.8476773245076712	0.9119005233369517	0.8114139278263879	0.595468210489609	0.8811394489768606	38.228031635284424	
Daniel	915	373	373	0	ANN	0.9905428911946315	0.8048924904200494	5867.515197753906		-ann ./log/LLR_ANN_Daniel_desc_norm.csv 0.99 8547 99 99 	
Daniel	915	149	149	0	ANN	0.9901810379403422	0.9337033455312482	0.9917770091776084	0.834778512177714	0.6545803106787738	0.8942669831548549	2413.358573913574	
David	826	263	263	0	Lasso	0.8888113308491243	0.8381285522019996	5511.066160440445		-l 0.0001	
David	826	263	263	0	Lasso	0.8889678282237048	0.8782978343966289	0.8958256383253298	0.8410359762919948	0.7960884290002622	0.8866729420819084	18.092759132385254	
David	826	263	263	0	ANN	0.9351718608031078	0.8454554105971006	2178.636348247528		-ann ./log/LLR_ANN_RF_988_desc_norm.csv 0.93 180 35 35 	
David	826	105	105	0	ANN	0.9308624038601121	0.9272874662337892	0.9439104060377309	0.8521116090182539	0.7839353264090456	0.8906792725174152	58.300280809402466	
Dearden	118	142	142	0	ANN	0.9508021925212434	0.6310914581762128	629.2710175514221		-ann ./log/LLR_ANN_Dearden_F_desc_norm.csv 0.95 2496 30 20 	
Dearden	118	52	52	0	ANN	0.950127372076975	0.9452886576686819	0.9592137563716009	0.5906869857838702	0.3269680085493827	0.7676137139044621	35.9060423374176	
ESOL	1032	338	338	0	Lasso	0.8838690348111097	0.8122224725494289	2117.774909734726		-l 2.8000000000000003e-05	
ESOL	1032	338	338	0	Lasso	0.8832684666723589	0.8726009586401465	0.8933815474905414	0.8147359361478373	0.731390783268542	0.8552756760861975	55.46215033531189	
ESOL	1032	338	338	0	ANN	0.9906834486289569	0.8635342801995846	2145.777806043625		-ann ./log/LLR_ANN_ESOL_desc_norm.csv 0.99 4761 148 148 	
ESOL	1032	222	222	0	ANN	0.9903900106632039	0.9900157810599088	0.9916310092868588	0.8659046237824909	0.8123166956741201	0.9008696712496862	1210.3101630210876	
Grigorev	362	173	173	0	Lasso	0.8335917966845756	0.6785621821459693	2390.7519001960754		-l 0.00028	
Grigorev	362	173	173	0	Lasso	0.8376612035629418	0.8203926046822392	0.8577027899588942	0.6720931152984841	0.5079117085108247	0.7762037820376266	7.025362014770508	
Grigorev	362	173	173	0	ANN	0.9137811217521123	0.6576571275003457	985.9841811656952		-ann ./log/LLR_ANN_Grigorev_desc_norm.csv 0.91 159 54 54 	
Grigorev	362	81	81	0	ANN	0.9132155223323377	0.8769989637935952	0.9289458388138884	0.6684603845414914	0.5289281255820779	0.7899901633002849	40.807432651519775	
Huuskonen	811	310	310	0	Lasso	0.8919256474697205	0.8322285157354066	2803.5208098888397		-l 6.4e-05	
Huuskonen	811	310	310	0	Lasso	0.8930428333510122	0.879603099632476	0.9045942932416664	0.825862915659254	0.7461089170974745	0.8938216335084909	25.251697540283203	
Huuskonen	811	310	310	0	ANN	0.900574751044417	0.833252705757392	1729.266042470932		-ann ./log/LLR_ANN_Huuskonen_desc_norm.csv 0.9 3084 10 	
Huuskonen	811	141	141	0	ANN	0.9000177160710803	0.8664803835248718	0.901211221392903	0.8167108554021216	0.7127497551212747	0.8885817160234533	122.4149100780487	
Jain	456	223	223	0	Lasso	0.9673765609710244	0.9321808402234921	2539.6129717826843		-l 8.2e-05	
Jain	456	223	223	0	Lasso	0.9671543271239843	0.9624352320029472	0.9715282341568697	0.9311814194388335	0.8909924984442497	0.9555596031850625	17.22795867919922	
Jain	456	223	223	0	ANN	0.9800527291652206	0.9048783242078986	3890.097341299057		-ann ./log/LLR_ANN_Jain_Yalkowsky_desc_norm.csv 0.98 2478 64 64 	
Jain	456	97	97	0	ANN	0.9800371325749073	0.9771481350000013	0.9801452435821223	0.9086420931401742	0.8482378043094846	0.9526953366194234	403.3035204410553	
Llinas	132	167	167	0	Lasso	0.7037840873097729	0.46356857641454496	520.3379867076874		-l 0.0019000000000000002	
Llinas	132	167	167	0	Lasso	0.7022955755661653	0.641296641010388	0.762229259868039	0.44590642691547266	-0.3581045609065263	0.6581936541730211	0.32586145401000977	
Llinas	132	167	167	0	ANN	0.7901489355238773	0.476228401856407	523.9400053024292		-ann ./log/LLR_ANN_Llinas_desc_norm.csv 0.79 1602 10 	
Llinas	132	25	25	0	ANN	0.7860487630858151	0.7367923098103502	0.7920159731374463	0.46888116664707535	-1.193614634091865	0.791867609507944	56.779011487960815	
Lovric	805	323	323	0	Lasso	0.7785076801593982	0.7152233738612028	6319.113851547241		-l 0.00028	
Lovric	805	323	323	0	Lasso	0.7758975458761461	0.7590173508807407	0.796214889254807	0.7143654150796823	0.617019116068953	0.7809760348115138	3.1241931915283203	
Lovric	805	323	323	0	ANN	0.8854129113637732	0.7221395184876203	2726.751896381378		-ann ./log/LLR_ANN_Lovric_desc_norm.csv 0.88 69 44 29 	
Lovric	805	66	66	0	ANN	0.8814048204335878	0.8529084312149796	0.8983322560838616	0.7079474219162397	0.6211413049858889	0.7934845878072436	125.48348307609558	
Ochem	6006	668	668	0	Lasso	0.866888354966033	0.8408163318834392	63295.32792758942		-l 5.5e-06	
Ochem	6006	668	668	0	Lasso	0.8668945375176809	0.8629677377067737	0.8725187199106242	0.8404623904011556	0.8103452557658544	0.8595510395803866	5008.69890666008	
Ochem	6006	668	668	0	ANN	0.9902096632113462	0.9311653127894137	92050.72250175476		-ann ./log/LLR_ANN_Ochem_org_desc_norm.csv 0.99 1821 312 208 	
Ochem	6006	469	469	0	ANN	0.9902311525341834	0.9900144427343851	0.991163664477129	0.9313007667000182	0.91372614168759	0.9470312676297149	17158.49536037445	
Phys	1812	469	469	0	Lasso	0.8667857641948187	0.8315409900077078	9866.4921169281		-l 7.3e-05	
Phys	1812	469	469	0	Lasso	0.8668753989701076	0.8577113663403066	0.8723569242078106	0.8287281843019076	0.7932318415547639	0.869424463750634	77.50637340545654	
Phys	1812	469	469	0	ANN	0.9602660836486002	0.8868834713165045	5398.420293092728		-ann ./log/LLR_ANN_Phys_desc_norm.csv 0.96 1281 86 	
Phys	1812	130	130	0	ANN	0.9601473259996791	0.9600072647304188	0.9612086908451117	0.8866681442324034	0.8588752357703465	0.9113763810754035	167.95972442626953	
PROTAC	21	83	83	0	Lasso	0.9300748512208072	0.0649032063977405	109.73398423194885		-l 0.0046	
PROTAC	21	83	83	0	Lasso	0.9292701327359343	0.8821620774525506	0.9656165348717316	-0.0491916915291174	-27.133577897683065	0.8636961913477174	0.3069295883178711	
PROTAC	21	83	83	0	ANN	0.8567193837603106	0.3727048139696948	340.11062717437744		-ann ./log/LLR_ANN_PROTAC_desc_norm.csv 0.8 48 10 10 	
PROTAC	21	19	19	0	ANN	0.8462484276610367	0.8074195673103537	0.9514086412962062	0.42537607476305545	-18.313419541905624	0.8606068750794031	6.988998651504517	
Ran	148	157	157	0	Lasso	0.8708848983080646	0.6844439544865872	610.7646505832672		-l 0.00073	
Ran	148	157	157	0	Lasso	0.8692805454399006	0.8296053505106809	0.8864029976161567	0.6957239870792512	0.528100670155673	0.8360600133372782	0.9859991073608398	
Ran	148	157	157	0	ANN	0.9006921351161943	0.7296934469870159	534.1889936923981		-ann ./log/LLR_ANN_Ran_Yalkowsky_desc_norm.csv 0.9 423 23 15 	
Ran	148	35	35	0	ANN	0.9003769501607695	0.8842604384649041	0.9037680254896215	0.6905492261226767	0.46686116903233144	0.851839747112485	19.720036268234253	
Tang	1221	364	364	0	Lasso	0.8784012295014076	0.8269841029570637	7671.404630184174		-l 5.5e-05	
Tang	1221	364	364	0	Lasso	0.8782162106077143	0.8692405870224682	0.8873154917029483	0.8211268776927203	0.7647432002044237	0.8721697661284205	46.89118480682373	
Tang	1221	364	364	0	ANN	0.9614382623362244	0.8564566495226253	2299.714305639267		-ann ./log/LLR_ANN_Tang_desc_norm.csv 0.96 1095 51 51 	
Tang	1221	154	154	0	ANN	0.9613091250981347	0.9299612385981291	0.966594818658403	0.8487419248226662	0.7977923409970709	0.8809884881902644	112.58548069000244	
Training_set	5315	675	675	0	Lasso	0.8146317712061455	0.7749453449374504	35203.55815458298		-l 1e-05	
Training_set	5315	675	675	0	Lasso	0.8140319961923331	0.806210744051744	0.8210321804837971	0.7752499194161824	0.7463885244065842	0.8002862441654031	1656.533894777298	
Training_set	5315	675	675	0	ANN	0.9609270820108146	0.8411960317615872	19663.882613658905		-ann ./log/LLR_ANN_Training_set_desc_norm.csv 0.96 576 248 165 	
Training_set	5315	372	372	0	ANN	0.9610008331560888	0.9387027863142273	0.9643272860838392	0.836915134088466	0.8085693526445358	0.8629402008809897	525.3748576641083	
Wang	1414	405	405	0	Lasso	0.8129972339668586	0.7444256326469483	11273.312365531921		-l 0.0001	
Wang	1414	405	405	0	Lasso	0.8125939411598473	0.7938335576184211	0.827344588113814	0.7484530864422854	0.6066153400770702	0.7939312505874808	59.70177960395813	
Wang	1414	405	405	0	ANN	0.9900755018624954	0.8400401975314331	6435.184849977493		-ann ./log/LLR_ANN_Wang_D_1_desc_norm.csv 0.99 7389 96 96 	
Wang	1414	145	145	0	ANN	0.9901403555418328	0.9900024890810581	0.9907473895615359	0.8440554088461338	0.7555477566734674	0.8704928646481478	2082.5810322761536	
Wassvik	26	94	94	0	Lasso	0.7260013655590754	0.2711136630573828	4.866955041885376		-l 0.014	
Wassvik	26	94	94	0	Lasso	0.7254504800264507	0.5763192779815607	0.8175868657174761	0.2902432661153783	-3.2110677232780516	0.7821842193643848	0.10715222358703613	
Wassvik	26	94	94	0	ANN	0.7582877743725817	0.4449893527118224	90.7599983215332		-ann ./log/LLR_ANN_Wassvik_G_desc_norm.csv 0.74 2205 10 10 	
Wassvik	26	3	3	0	ANN	0.7668301612478905	0.6839993900308017	0.838223204147952	0.60714012892341	-1.6874564002228247	0.8713659780549441	7.477069139480591	
