# data file : ../../monomer/data/IhcLiq_large_desc_norm.csv
# value file: ../../monomer/data/IhcLiq_norm_values.txt
# R^2 train:            0.9935980629537713
# R^2 test:             0.9861356895896616
# comp time:            0.10927796363830566
# nonzeros:             139
# split_seed in KFold:  7
# fold:                 1
316
0.8406505789116598 -0.08262618377932518 0.08174708234054881 0.0 0.0 0.02468835423030901 0.0 0.010407751125986471 0.00901443100098547 0.0 0.0013934423609383492 0.015948373139086227 -0.032971526056575474 -0.0023303153787332816 0.06522950040658494 0.008702633270650094 -0.0 0.004853706342228581 0.0 0.053392567736431466 0.0001451986925099484 0.0 -0.018545602029369595 0.008084791429348292 0.0 -0.0 -0.0001206976760180559 0.002553485337571494 -0.0 0.0 0.0 0.0 -0.0 0.0 0.0 0.0 0.02037920350854045 -0.0032249955103053327 0.0 0.003214113627874987 -0.0016170064354037417 -0.0 -0.0 -0.0 0.0 0.0 0.007561829175558433 -0.0 0.008217499246655092 0.006118672193244181 -0.0 0.0 0.0028031085122350676 0.06850640999510374 0.011424667234873002 0.0057781670262626586 -0.00791491572390719 -0.0 -0.01959501312750381 -0.0 0.0012141368188757886 -0.004415275693565291 0.0 0.0 0.003540907302938567 -0.009446326614272825 0.007434432140201279 -0.009454225865592287 -0.00032128134627203354 -0.0014979863320208771 0.0074529222220600915 -0.005320048334655464 0.004461097501991559 0.0 0.005886916484939433 0.0 -0.01204795310796088 0.001247490600744448 -0.0 -0.0197712730222085 0.006032934803459897 -0.005476059530147295 0.0032027537649273173 0.0008806392638487222 0.0013365831688773467 0.010208827891854805 0.0012051792953766346 0.0028195218025497968 0.008225304751837501 -0.0005947646252945108 0.0 -0.0 0.0045949555965238064 0.0 -0.0 0.0088100131250224 0.0038474896853457263 -0.012724346871904072 -0.0 -0.008599777937399942 -0.002428055478286347 0.0019302013768556438 -0.0 -0.0 -0.006064913401778518 -0.00040870471185269893 0.0013739723586718986 0.0013233854787968646 0.0 -0.0 -0.0011490543130427786 0.0 -0.0 -0.0 -0.0007681562358848577 -0.0017402278754985712 0.027686616310548234 -0.0 -0.0 -0.0012646449083214342 0.0 0.0 0.00021437273715476602 0.0018390715611283455 -0.0038323196836836755 0.0035966197497411838 0.0 -0.010818418356495916 0.026215982515435214 0.0 0.0 0.0 0.012512508258240266 0.0 -0.006258713780708146 -0.0 -0.01028486305533264 -0.0 -0.0 -0.0030647141010424817 0.003422451918602202 0.001349316416309565 0.0 0.0 -0.0 0.0 -0.0 0.00454302177608731 -0.0 -0.0015357026090926389 -0.0 -0.0032472515397394125 -0.0032790808120933064 0.017092349276231437 0.0016798703462618182 -0.012279947032506042 0.0 0.0 0.0 0.008316544655951174 -0.0 0.0 -0.0 0.03444279229542773 -0.0 -0.0 0.0003826318957713017 0.0 0.0 0.0 -0.0 0.0 -0.0 0.0010585731625287651 -0.0 0.0 -0.0 -0.0 -0.0 -0.0 -0.0 0.0 0.0 0.0 -0.00933731757148933 0.0 0.011380200403117133 0.0 0.008508837419164299 -0.0 0.0 -0.0 0.0 0.0 -0.0 0.0 -0.0 0.017872895822991522 0.0 0.0025053276601514087 -0.0015202809982509753 -0.005152256452290928 0.0011762193393821403 -0.0015923808354844152 0.0 0.0 0.0 -0.0 0.0 -0.0 0.0 0.0016320156823591567 0.0 0.0 -0.0 0.0013062454875612851 -0.0 0.0 -0.0 -0.03016959493142324 -0.0 0.0 0.0 -0.0 0.0 0.0 -0.003329173623387204 0.0 0.0 0.006313316406090892 -0.0020656205311548317 -0.0 -0.0 -0.0 0.03975973209878534 0.0 0.00039237993761042256 0.0 0.0014307837513808104 0.0126686095444201 0.0 -0.0 0.005211096979718509 0.0 -0.0 0.0 0.0 -0.0 -0.0012476538446409206 0.0 0.0 0.0 -0.0 -0.0 -0.0 0.0 0.0 -0.0 0.00794772747990299 0.0 -0.0 0.0 7.33620299854213e-05 -0.0 0.015669308028755314 0.0 -0.0 -0.0 0.0 -0.0 0.0 -0.0 -0.0 0.0 -0.003537681035236601 0.0011018091877422354 0.0 0.0 0.0 0.008177184413332046 0.0 0.015433119012912054 0.0 0.0 0.0 -0.0 -0.0 0.0 0.0 0.0 -0.0 -0.0 0.006095434961900775 0.0 -0.0 0.0 0.0 0.008998914815829548 -0.0 0.0 -0.006471178934118355 -0.0016067757409080022 0.009099743415924602 0.009034748400394827 0.0 0.00014605116519409933 0.02467844269386296 0.0005441242378036395 -0.005786931445471437 0.0005278399681622322 0.039316092040691 -0.02131111957717872 -0.012023462790591476 -0.0 0.0 0.00015845959220661955
0.013349646013754768
