### seed graph ###
# |V(T)|
3
# |V_circ|
3
# V_circ
1
2
3
# |E(T)|
2
# ring edge
2
1 2
2 3
# non-ring edge
0
# n_LB_int and n_UB_int
10
500
### Path-replacement specification ###
# n_LB, n_UB
10
500
# rho
2
### chemical specification ###
# Lambda
H1 C4 N3 O2
# Gamma_int_ac
8
C4 C4 1
C4 C4 2
C4 C4 3
C4 N3 1
C4 N3 2
C4 O2 1
N3 N3 2
N3 N3 1
# Gamma_int_ec
23
C4 2 C4 2 1
C4 2 C4 2 2
C4 2 C4 2 3
C4 2 C4 3 1
C4 2 C4 3 2
C4 2 C4 4 1
C4 2 N3 2 1
C4 2 N3 2 2
C4 2 N3 3 1
C4 2 O2 2 1
C4 3 C4 3 1
C4 3 C4 3 2
C4 3 C4 4 1
C4 3 N3 2 1
C4 3 N3 2 2
C4 3 N3 3 1
C4 3 O2 2 1
C4 4 C4 4 1
C4 4 N3 2 1
C4 4 O2 2 1
N3 2 N3 2 2
N3 2 N3 3 1
N3 2 N3 3 2
# na_LB and na_UB
4
H1 1 100
C4 0 100
N3 0 100
O2 0 100
# na_LB_int and na_UB_int
3
C4 0 100
N3 0 100
O2 0 100
# na_LB_ex and na_UB_ex
4
H1 1 100
C4 0 100
N3 0 100
O2 0 100
# ac_LB_int and ac_UB_int
8
1 0 100
2 0 100
3 0 100
4 0 100
5 0 100
6 0 100
7 0 100
8 0 100
# ec_LB_int and ec_UB_int
23
1 0 100
2 0 100
3 0 100
4 0 100
5 0 100
6 0 100
7 0 100
8 0 100
9 0 100
10 0 100
11 0 100
12 0 100
13 0 100
14 0 100
15 0 100
16 0 100
17 0 100
18 0 100
19 0 100
20 0 100
21 0 100
22 0 100
23 0 100
# ac_LB_lf and ac_UB_lf
13
C4 C4 1 0 100
C4 C4 2 0 100
C4 C4 3 0 100
C4 N3 1 0 100
C4 O2 1 0 100
N3 C4 1 0 100
N3 C4 2 0 100
N3 C4 3 0 100
N3 N3 1 0 100
O2 C4 1 0 100
O2 C4 2 0 100
O2 N3 1 0 100
O2 N3 2 0 100
0 0
### cycle-configuration ###
1 2 3
74
1 1 1 1
1 1 1 2
1 1 2 2
1 2 1 3
1 2 2 2
1 2 2 3
1 1 1 1 1
1 1 1 1 2
1 1 1 2 2
1 1 1 2 3
1 1 2 1 2
1 1 2 1 3
1 1 2 2 2
1 1 2 2 3
1 1 2 3 2
1 1 3 2 3
1 1 3 2 4
1 2 1 2 2
1 2 1 2 3
1 2 2 2 2
1 2 2 2 3
1 2 2 3 2
1 2 2 3 4
1 2 3 1 3
1 2 3 2 3
1 2 3 4 5
1 2 4 1 3
1 2 4 3 5
1 1 1 1 1 1
1 1 1 1 1 2
1 1 1 1 2 2
1 1 1 1 2 3
1 1 1 2 1 2
1 1 1 2 1 3
1 1 1 2 2 2
1 1 1 2 3 2
1 1 1 2 3 3
1 1 1 3 2 3
1 1 2 1 1 2
1 1 2 1 1 3
1 1 2 1 2 2
1 1 2 1 2 3
1 1 2 1 3 2
1 1 2 1 3 3
1 1 2 2 2 2
1 1 2 2 2 3
1 1 2 2 3 2
1 1 2 2 4 3
1 1 2 3 1 3
1 1 2 3 2 3
1 1 3 1 2 3
1 1 3 2 2 3
1 2 1 2 1 2
1 2 1 2 2 2
1 2 1 2 2 3
1 2 1 2 3 2
1 2 1 3 1 3
1 2 2 1 2 2
1 2 2 1 2 3
1 2 2 2 2 2
1 2 2 2 2 3
1 2 2 2 3 2
1 2 2 2 4 3
1 2 2 3 1 4
1 2 2 3 2 2
1 2 2 3 4 2
1 2 2 3 4 5
1 2 2 4 3 5
1 2 3 1 3 3
1 2 3 2 3 2
1 2 4 2 2 3
1 2 4 4 4 3
1 3 2 2 2 4
1 3 4 4 2 4
