# data file : /Users/sbw/Desktop/ML/FVCC_regre/IhcLiq/IhcLiq_C_O_N_H_desc_norm.csv
# value file: /Users/sbw/Desktop/ML/FVCC_regre/IhcLiq/IhcLiq_norm_values.txt
# R^2 train:            0.9940747796711447
# R^2 test:             0.9857999034479544
# comp time:            0.45244812965393066
# nonzeros:             108
# split_seed in KFold:  7
# fold:                 1
330
0.42961913724586936 -0.06376421596925369 0.3725324314653892 -0.0035282361572397747 0.0 0.05616327767476032 0.0 0.00644839800202802 0.01217399873807565 0.0 0.0 0.009430770795923318 -0.02001866213500808 -0.0 0.06400354026728367 0.007456444328356518 0.0 0.1226260285790023 0.03873015051103185 -0.0 0.0005174983049255613 -0.0 -0.0 0.0 -0.002901703936176308 0.0 0.0 0.0 -0.0 0.0 0.013002218461804499 -0.0 0.0 0.004862233841078401 -0.0015665967809470704 -0.0 0.0 0.0 0.01216934752088687 -0.0 0.0 0.002932748098496789 -0.0 0.06142717776328398 0.0 0.0091709408591349 0.0 -0.021189641817464737 -0.0 -0.0 0.003925295626118226 -0.0032280296117667023 -0.001032977321889368 -0.0 0.003969722529932609 -0.00927576285825353 0.005336938083160345 -0.004952788574217645 -0.0 -0.0 0.006921541305466978 -0.002073422516782562 0.006408596562560821 -0.012318765187809095 0.001756146081310179 -0.0 0.0 -0.012957336551365101 0.0 0.006487277419195634 0.0010192422082281201 -0.0 4.343617941623214e-05 0.0013157515906423696 0.0 0.0 0.0 -0.002132031715761096 0.0 0.009445540633240329 -0.0 0.0 0.0017598770723519547 -0.006336437229153437 0.0 -0.000363418877949405 0.0 -0.0 -0.008789971927685276 -0.0 0.0 -0.0 -0.0 0.0 -0.000914916564599306 -0.0 -0.0031737147219512776 -0.0 -0.0064256471682444995 0.0018140177935440393 0.0008425752965858541 -0.0015486249886456404 0.0 0.0 0.0 0.010797755672809948 -0.002934323620116597 -0.0 0.0 0.022534183182146894 0.0 0.015446169858676332 -0.0 -0.004070110867492142 -0.001849907880633739 0.0 0.0 -0.000915681349148782 -0.0025548076926477695 0.0028739116387376893 -0.0 0.0 0.0 -0.0 -0.0 0.0 0.010754506526026619 0.0 0.0 -0.0 -0.008376040418484542 -0.008007704392587467 0.0009547213474715584 0.0 -0.0 -0.0022165099909361385 0.0 0.0 0.0 0.0 -0.0 0.0 -0.0 0.0 0.0012247777396446888 0.0 -0.0 0.029696212002089422 0.0 0.007877333047570661 0.0 -0.0 -0.0 0.0 0.0 0.0 -0.0 0.0 0.0 0.0 -0.003225313522653602 0.0 0.0 -0.0 0.0 -0.0 0.0 0.00685995564804381 0.0 0.0 0.0 0.0 0.0 0.0 0.012892554106675013 -0.0 0.0 0.0 0.012723152924978946 0.0 0.0 0.0 -0.011893521354943903 -0.0 0.0 0.03501315395179186 0.004213505374372416 0.0 -0.0 -0.0 0.0 0.0 0.0 0.003440708129227148 -0.0 0.002807789987665217 -0.0 0.0 0.0 -0.0 0.0 -0.0 0.0 -0.0 -0.0 0.003657733892605017 0.0 0.0 -0.0 -0.0 0.0 0.0 0.0 0.0 0.0 -0.0 0.0 0.0 0.0 0.0 -0.0 0.005660092387636843 -0.0 0.0 0.0 -0.0 -0.0 -0.0 -0.026891279493404984 0.0 -0.005676514598239215 0.0 0.029077310922286183 0.0 0.0 0.0 -0.0 -0.0 -0.0 0.0 -0.0 -0.0 0.0 0.0 -0.0031179762053884963 -0.0 0.0014204728527223624 0.017221197571838983 0.01766992366334633 0.0016544707084845166 -0.008716277162050977 0.0015471943761569886 0.04995872305988944 -0.0 -0.0 -0.0 0.0034305860190730914 -0.0 0.02599284361219369 0.0 -0.0 0.0 0.0 0.005303656373326896 -0.0 0.003176114054825981 0.0004386063201809437 0.0 -0.0 0.0 0.0 0.0 -0.0 -0.0 -0.0 -0.001984009569335917 -0.0 0.0 0.0 0.0 0.0 0.0 -0.000757745722639874 0.0 0.012425080069954993 -0.0011042232439576714 -0.0 -0.0 -0.0 -0.006950556590897852 -0.0 0.0 -0.0 -0.0 -0.0 -0.0006295677099534251 -0.0 -0.0 0.0 0.0 -0.002066851776011442 -0.0 -0.0 -0.0 0.0 -0.0 -0.0 -0.0 0.0 -0.0 -0.0 -0.009064418837205494 -0.0 -0.0 -0.0 0.0 -0.0064904146322849665 -0.0 0.0 -0.0 0.011483794811308668 0.0017892576154867517 0.0 0.0 0.0 -0.0 -0.0 0.0 0.0005478108468339582 0.0
-0.010615903404530919
