110 10 10 1
-0.391345074595094 0.03540784874419353 -1.2901710078790222e-20 0.04149347547781514 -0.03240276957208804 -0.09999769472556821 -0.10786156205949153 0.07137848325491024 -0.04231240722217646 -0.021596257453950655 
-0.41530074860705884 -0.009877341915719083 -1.6474226992501615e-38 0.31180627481626316 0.0364660992704066 0.010536508853276236 -0.021165180066077406 0.09879980111976695 -0.14488484634243382 -0.02324853726780686 
-0.06577922411982813 0.38213880857489585 5.429924605311293e-52 0.30246167275538294 0.25180950930371754 0.08287267991001432 0.042107359797557295 0.06998773159316309 -0.13253511462144396 -0.016568609193138132 
-0.871038118140562 0.770080003487791 9.096279439235986e-23 0.6298073677888255 0.7232993318989436 -0.008657737352407562 0.8862526998378845 0.7208300874910867 -1.6848035195578419e-21 1.1582915019273042e-43 
0.27728753504858183 0.1229522173676257 -8.794733803525876e-48 0.3000913815230183 0.09443053765393741 -0.006955906713313447 0.2865016142661944 0.02297044559336506 -0.08428322262633071 -0.026134846794051158 
-1.4857186150698853e-21 5.267509752223333e-53 -9.292111267169744e-39 9.91071153591934e-46 -1.0893313133119026e-71 -2.0474807691665598e-23 -1.4187540463629488e-65 -1.1043502582680057e-30 -7.489296706660916e-64 2.876988048400055e-50 
-0.08920097713404876 -0.3356692596242161 2.2191803930850973e-51 -0.03853158902190263 -0.034613065104273484 -0.006746707512761021 -0.05928757278384297 -0.20297189522416936 0.164798215316765 -0.021595628927828545 
-0.5866817812462518 -0.09921708873463715 -6.538788823648964e-30 0.3542291442597955 -0.008461733352563136 -0.0741896997221918 0.3012327053802574 0.17677847242222297 0.0838028170362572 -0.02127178005489966 
-0.8577273208229718 0.5008208811563376 1.4784756394358276e-43 0.49833791913477066 0.5981749338094949 0.07214008154899654 0.5340358854721063 1.051873912662893 0.049007003662184564 6.994342485053606e-61 
-0.7160984417384271 0.18555935122999978 8.100063167239093e-68 0.16351916244905118 -0.23302685785416505 -0.05474370424679278 0.23254892615501532 0.2116110919266075 -0.20330091816924276 -0.02159176582393772 
0.19445909423369015 0.195440973300261 1.2462559114192505e-27 0.050569534705469675 0.09244664779734621 0.030975207298612417 -0.05564193027084626 -0.11407962696888299 -1.271535819219532e-51 9.771136454846e-21 
-0.35168954438488587 -0.3456696821792201 2.8372116500557934e-24 0.0767078775012925 -0.2677078102393407 0.027208096918502084 0.1775544499191673 0.11913936962385202 -9.823900865806029e-49 -1.6751995767485965e-28 
-0.16392857033594174 -0.22529716938890976 -5.122669239880814e-22 -0.052634364710833444 0.2675753064628625 -7.448443747915502e-69 0.03183903297915998 0.06100585072953232 -1.7088374789451005e-28 -1.5789397244377415e-47 
-0.21673520510572253 -0.2966910553046944 -5.7858036900909465e-67 -0.3828865583110197 0.34219131795600327 -0.04957752526438554 -0.18553379926560581 -0.5247884486602586 0.13046118990348884 -0.021047993466092218 
3.095278642559447e-67 -1.2413965594238303e-29 -8.275758376405067e-24 -3.0219534972735435e-28 -6.625035564790471e-23 -4.2176074755055446e-27 5.107621423014122e-41 -1.2029225440561908e-48 -1.9011656327871047e-68 -3.2556421586495098e-21 
-1.3676218982005237 1.3144606978252815 3.994115475939853e-66 0.7421598887530293 0.8634324296607137 2.5415838719815236e-45 0.9052498628460218 1.3952133395805093 4.1775223172489787e-22 2.102689836802522e-31 
6.343314049001756e-43 1.1016634419382376e-72 -1.2361396476125103e-60 6.339874638386253e-34 -7.769294973518557e-32 -1.6292821937510698e-21 -1.9329679596757578e-24 3.0916485121539303e-71 -1.6311431643337485e-63 5.389843024249743e-66 
-0.09986983166821983 -0.3622243000707141 2.944842193241766e-65 -0.3076002132945124 -0.4061557384636701 0.028700266059004227 -0.3603135152110917 -0.4544466630834705 -0.17615271325807746 -0.021604863417887532 
-9.667310774413407e-60 -1.286694351801855e-38 2.3324249512572602e-43 -3.218706744271135e-24 3.438179540605893e-45 -1.0030268314665109e-36 1.8917857647438664e-36 4.4856299860428856e-58 -2.1622826919527333e-70 8.922301590026658e-25 
-0.9152539152193268 -0.15987684843377165 -1.2380317498651011e-45 0.32219225373960736 -0.0031221328186084927 0.09051827914749155 -0.1246935436471026 0.12473894132691137 0.0312636918274312 -0.010926753992611397 
-0.4544122595659406 0.9391878072539067 2.138340694362612e-25 0.9637207730388266 0.7837689940965058 3.9100680238225755e-71 0.8712686404901825 1.016518875936033 1.0978473640294764e-24 3.5020022193234526e-25 
0.10144097096033235 -0.13915485110698825 -1.3006475349481945e-34 -0.22131490390451106 -0.01851967482332066 -0.0072322571187435954 -0.37715848789645084 -0.18496603634182682 0.11524467841466997 -0.03616017755659288 
-0.044123088625945224 -0.40070482689658443 -4.1095170552592657e-29 0.10025744291407962 -0.6996112577808082 0.08866069616655538 -0.16063093885871307 -0.19681115581318276 0.12260003899349406 -0.014711270588724722 
-1.0470890948398186 0.4662399220645277 -4.143384366236634e-38 0.4700831973377554 0.5982107221620715 -0.006728532755584033 0.3495343962819443 0.9534151565163294 -0.029158713107179 -2.4515413667779417e-36 
-0.2640071974001564 0.739451889430332 -2.118449316763933e-65 0.3606318584120541 0.021044765374232173 1.846832207782937e-61 0.28281104408828567 0.4243397726256869 5.454166829035006e-53 3.430588043769176e-25 
-0.26473892341660554 -0.3115952300633902 -4.86045886771397e-60 -0.10827773303037833 -0.6442345905000112 5.963025587861946e-34 -0.38203530079676307 -0.4451268301416984 1.1131486093545564e-48 -2.3782548379329687e-64 
0.9803589950922532 0.3369314894205732 3.280847005420217e-43 0.11618984826695516 -1.0784520553340353 -0.029633773120768835 0.12295518549243112 -0.09373113086177001 -0.047723393764185884 7.338590778331675e-64 
-1.7787979885574892 -0.17522031936096166 1.114669540785372e-60 0.16285170221716547 0.45643336763329767 0.0074321894402773975 -0.06145096255774127 0.3018212695552073 -0.062427488776173795 -0.020063060388075624 
0.042908048914820585 -0.07829530054769593 7.082407831746247e-56 -0.16776527194254337 -0.3791859448359571 0.05812122824144479 0.011669622755920386 -0.020000007222300567 -8.761590240868977e-67 -5.69723293106028e-46 
0.10255800114192119 0.8354247471298828 5.400456050410749e-66 0.5331657064456373 0.09825568671920827 -0.08405418779524343 0.5693131988654091 0.4796167347063252 1.915384298055145e-21 3.154139301216932e-35 
0.5287735346754023 -0.062136063870286355 -9.867802883029838e-52 -0.17241158651028626 -0.026907151732474294 0.019219525713491274 -0.26943573776318147 -0.704935901438398 1.6075792952121463e-64 8.191174995057564e-52 
-0.6829934125946373 0.5850475317721879 7.372256410880902e-46 0.4078016341151759 0.8413758274672629 -5.315028454101892e-74 0.6534348032639321 0.9435838101101832 -1.945919207124514e-43 7.402298668960281e-31 
-0.9201703040918552 0.9078326873823392 1.4418204893854396e-41 0.5504527363946919 0.7855265499740685 -1.3077397415319724e-70 0.6564974016620787 1.047422889689568 2.221598603767191e-68 4.9098194522798315e-58 
-0.8763122216381523 0.5624291529874844 -1.2238980946538646e-40 0.5143575211710165 0.7154942971696655 -1.0485788412972282e-21 0.42769654309422905 0.8830369737145862 1.181573943873422e-31 -7.077698869762211e-69 
0.21473944984361176 0.18774572510589513 1.6512449808180903e-34 0.2192279263951899 0.2648866592111238 -1.4467401890015935e-56 0.09923179196783032 0.008147787606053248 -9.007610011622579e-38 -2.3688651107272347e-22 
-0.47237112085743904 0.8277119043073546 3.5010678009821625e-45 0.6694246517467706 0.6734247680246246 -9.760023789381427e-57 0.8037529399320857 0.8744215777552447 1.6215006856553022e-39 4.5814224967291016e-21 
-1.0038206696862348 0.0620754789881176 2.0042585587103424e-26 0.31823516956260767 -0.12122727357573318 0.008107472819395084 0.48530788053251656 0.27106200868828073 -9.005640543055575e-05 -0.025831242608909722 
-0.4958866452929831 0.4699115119096976 -2.717425247864741e-32 0.7357037872122277 0.5526420940541293 1.0225505459197399e-58 0.7949799232635933 0.6280073858999622 -1.2660039417680484e-51 7.804391284047791e-36 
0.4115237658346554 -0.5175381165610461 4.2255647378482614e-21 -0.42053659671866145 -0.33309190884942697 -0.049897905674719446 -0.16429812689671866 -0.5045510677695586 -0.18018578386546438 1.1447489052171176e-71 
-0.14854459948074322 0.15649014002048184 -3.1006521393949575e-50 -0.03537249789918279 -0.35845557049229915 0.07035716991894261 -0.02024319389103076 -0.01744898841974342 -0.004773551031656533 -0.02159608998851401 
-0.712483852058965 -0.19555197354235532 -3.1318916496464493e-22 -0.0018874878779908 -0.13925601277289204 2.3171655537566946e-23 -0.345628085456584 -0.4787794847892888 -3.390142977096236e-25 -0.02159601068332069 
-0.5918227132318166 0.08341811133298824 -4.963156530419542e-37 0.2519812252164292 -0.49859309958531434 -0.029910863480735878 0.19239613224487087 0.059561459232278555 0.11395099482351184 -0.021588605298289917 
-0.6977273932395239 -0.7112125359293517 -1.6761311343814193e-21 -0.37603358611407384 0.5062568622478171 -1.427119014692727e-27 -0.5096961186633073 -0.5230850398610583 -0.04300512177909268 -0.021050262649616597 
-0.7390847792077242 0.2466131052136227 -2.0176984582410448e-70 0.3738634459884797 -0.018053981867144145 -0.020662248370280946 0.5675606072537003 0.539239035611712 0.09321835770163102 -1.2654135228348356e-28 
-0.9324777635959928 -0.19901226001317676 -7.291893504898007e-69 0.06177216777146989 0.1970282470554027 0.07547661568799678 0.35249113542014565 0.6591915221160933 -0.14270773125489047 -5.946964742455289e-32 
0.09643021246636907 -0.13412359877338578 4.311516383563005e-26 0.25784897299518783 0.5707425294540456 0.029757901822365776 0.07505691012000819 -0.100317488083883 -1.1601611835652868e-43 -1.8270547756917063e-34 
-2.518215643785815 2.2233969504282824 -1.0870161112122869e-30 1.62822386405231 2.6112634197062796 1.1976029853303406e-51 2.141824959815044 2.376169824212096 0.002204759002442465 3.31926114232713e-52 
0.5746814536447161 -0.4624629773546186 -6.952548037001505e-67 -0.2837015006916263 -0.5285505269383117 -3.7096554678027367e-22 -0.22521826106761184 -0.36476578936191945 -5.796004989220458e-22 1.967461765597443e-70 
0.7876259612515728 -1.0774833913718327 2.8334065173332774e-67 -0.5362994764345357 -0.32827796943634757 0.025080742187389572 -0.8784579949169669 -0.8638042214284679 0.01675209950964146 -0.021698256752903603 
-0.6669925431986174 1.6192341568046507 8.816575681084867e-66 0.9797675504912007 1.5195575354795952 2.5489163929880533e-24 1.4224013611673771 1.4858975296218635 4.40560602477194e-25 5.264880905370076e-41 
-1.4107586484436443 0.9908461869364203 3.483206112048469e-52 0.9416407390079976 1.2783860507255511 1.5140230924459709e-64 1.2016509718642336 1.2202014769777536 3.510105892990497e-50 3.589695587629589e-43 
-0.4047207375033833 0.4212258336042079 -1.2490548183941066e-23 0.35738553229439013 0.1268307551100668 1.6197730341573418e-72 0.4668920965785552 0.42805072987552373 6.004251135805411e-66 9.182376540892798e-21 
0.16843434931224963 0.6382503741213091 8.588673426485455e-22 0.7159792935943731 0.13526166085826039 -3.09216945370218e-22 0.3490815129791496 0.4074823570538804 2.490328147954916e-68 -8.41989446412384e-60 
1.5906222266351362 -1.1852435234961214 5.848656106565981e-22 -0.7780016072259226 -1.477250178135462 -8.078587062728616e-59 -0.9236399593648993 -1.1047288783703326 -3.047777953925897e-21 2.695656891724575e-57 
0.5760507141385184 -0.5200999943175021 -1.398539567542079e-69 -0.3560991299678722 -1.1723656358366064 -0.13346136067848738 -0.39757425050025397 -0.5673803085579658 2.294817490230806e-21 -4.183080979412788e-40 
0.08547057789337423 -0.4274265937479575 3.2350946496894866e-43 -0.2857643125334368 -0.4749378006817824 7.617682296597472e-52 -0.30642065013312625 -0.11855939142417549 -3.9251699345821705e-41 -4.7335787970371305e-29 
-0.01916014729992226 -0.16873256023129715 -5.383015884334978e-36 -0.301627381199593 -0.34039262332618764 -5.959020120339389e-52 -0.15468349689907815 -0.3450929192701181 8.900820280301424e-58 -7.378732407576572e-21 
-0.14126767702064819 0.3634242328851309 1.1634833408288491e-33 0.19558419289898654 0.3133564758784532 -9.24884298038414e-66 0.13349828540466632 0.03925148515922867 -1.987896042990488e-54 4.138066609425665e-57 
-0.07108795604783148 0.22694255305009536 3.8523513876504735e-44 0.2007868268685574 -0.011751056473038615 0.009907710246609656 0.5209344363295562 0.1572281002700984 -5.3534727860011746e-39 -1.9349882985150492e-41 
-1.4309899606181187 1.3659432438412649 5.939880747779878e-45 0.8795805764608452 0.9878844046667095 2.058794357544308e-37 1.016783131924201 1.6020657057568015 -6.276188117609656e-22 -2.246371403762218e-27 
0.6798410950182798 -0.1648308222674797 -3.929091191337778e-25 -0.40607317718033475 -0.9173061369140951 0.10645058403888162 -0.16416052587286123 -0.34755069817406786 -5.3114985724669986e-51 5.9958465645886135e-33 
-0.30115171312561606 0.2607110921314888 -9.354102598637436e-50 0.11807069742315476 0.09680225163701546 8.644620553784248e-22 0.07984727491754068 0.07199069502245678 -5.335544996016442e-66 -3.958841030100429e-63 
-0.26937009413263957 0.10680893139820345 7.586747027648833e-36 0.2155189531773046 0.010036997817674927 -1.143069969199496e-38 0.12290182466597771 0.23945122305747976 1.6823613140976693e-58 4.5490035270672834e-63 
-0.35983785395788126 0.0677841056877155 1.7078526336990005e-23 -0.0366671807066259 0.7863044741775007 -1.3994965864879315e-23 0.16650294999567308 -0.5471246819820338 2.5517198347933895e-62 -2.970806233987402e-50 
-0.5605648057262346 0.5463594437638416 1.1848019408490257e-59 0.21657651248669468 -0.8549732602051202 -3.1978490571498826e-29 0.2625705424870976 0.24248085080628345 7.674756111644089e-72 2.972391807037598e-45 
0.9156552040014273 -1.0637092315940744 7.554710430549628e-39 -0.8762233708469644 -0.5700481886458802 1.7460008885957708e-35 -0.7203628009203741 -1.197587838839455 6.724611065997302e-39 6.022928096043623e-36 
-6.320714965274154e-70 -3.496639692467144e-45 -4.920326741476646e-31 -9.574074182787125e-68 -2.057811295182177e-39 -1.6723240562892822e-43 3.2413551847183463e-47 4.6844732657732456e-36 8.690099124100774e-30 -1.4164699275940062e-21 
0.4595077766843776 -0.25266009283875346 -4.5670684062659503e-63 -0.16323947861542068 0.018499299893456014 0.1318411067509544 -0.34774668614398396 -0.6135776409767141 3.430090969396724e-24 3.382331630398566e-30 
-0.5516671333698061 0.5614131360145604 -1.7581435985071477e-49 0.6755537547055992 0.860744340404271 -4.0577454936322485e-41 0.6755711998599699 0.5972159768989512 -3.4847558483025144e-63 1.3568591469638676e-50 
-1.1756980997134754 0.9780564662588719 8.516401964743844e-27 0.7184762500611797 0.9199567704640847 -4.069972753333725e-40 0.7632371011462811 0.9909052368648198 1.540522559158262e-68 1.2190494849674082e-48 
0.5400029823180091 -0.925900545429275 -3.0361486611889868e-62 -0.7993260832424108 -0.7003733790967329 -2.7307441154719147e-67 -0.571060134366613 -0.8388742544605072 -2.901487587763445e-57 1.2434044927585965e-53 
1.0290321483839209 -1.1104538807089503 2.8049036353811104e-52 -0.8415688378066206 -0.8079152589586953 7.430084452621707e-68 -0.8565994400144404 -1.2004779504708556 4.924286855103961e-56 -3.427009087155186e-29 
1.2698442254405116 -0.6187423086649365 -1.9013954405072551e-62 -0.6151856819583137 -2.068122104400774 6.670074876061803e-73 -0.5510808999373378 -1.273675456510238 0.015531733703118996 1.2027092971295953e-23 
-1.37505270085392 -0.28865679186690335 2.8253660939326487e-31 0.09096235507269929 0.6187751166813349 -0.012359032263414728 0.23484846571352244 0.16942339488465777 0.11975201305054758 -0.03701061657511962 
0.20391599671190516 -0.4593000687008332 -4.279173841265437e-53 0.11755462876781912 -0.5291056171619163 0.04758806349317269 0.0813972543544175 -0.02663777870240754 -4.6722995296973763e-45 -4.4187725314957675e-37 
0.7987485764945043 -0.5880647577260752 1.4094276747527007e-24 -0.2852369365815269 -1.0750717506564953 2.546019816546579e-30 -0.4304752937808234 -0.6951063446829839 1.8569740628976692e-62 -2.4658893639023906e-72 
6.113066813947213e-36 2.242190863204129e-22 7.416988241202904e-50 -8.705655654740676e-27 -1.9933643728051485e-30 -2.7329812291312354e-21 -2.7594367830108277e-49 -1.3184464184988849e-66 2.0305867215871477e-38 2.6484124163054156e-72 
-1.2402708762502175 1.2734123670102078 1.1157930103054411e-40 1.0745075491044167 1.435614588126879 3.5378115286501326e-35 1.0857749695633456 1.289481920352799 5.362111387816899e-64 -3.052432351460605e-44 
-1.020530891752823 0.7662261652824583 -5.778855293464188e-53 0.923134507538486 0.9509611830176918 -9.462674570340569e-60 0.8405279499234726 1.0829684031341829 -5.149843325262306e-44 2.0230390838837953e-38 
-0.681356553245211 0.5232300223817363 3.103268194293645e-54 0.7027523792256608 0.5828685003099987 0.04300707450609271 0.5076772587874081 0.8372539736900844 -0.011550250209689134 1.8411370303464135e-30 
-0.7088451637298394 0.7145025186850548 2.18140756866295e-65 0.9065401652114525 0.7855265499507083 5.695584758278496e-25 0.7129890138933082 1.0458279833057358 6.840799576561639e-54 5.096525149496405e-41 
-0.3488409206547198 0.4648466058384785 6.6047385700370915e-24 0.28768372358936745 0.05036657655806483 -7.10652687209696e-35 0.30565226623099234 0.16722648130852208 7.122292916481265e-49 2.5985336500269997e-50 
0.9741367539231902 -0.30621491737874124 -7.045561507738985e-52 -0.2995001989116468 -0.400346951596354 -8.543463132827506e-60 -0.3335572718916422 0.030122463850882745 -5.343701866064756e-59 -2.1639469982336953e-49 
-0.30472498439463463 0.4390941494025222 -1.0111845365482335e-33 0.2461395096025246 -0.12671510487414364 1.5451119985580956e-28 0.2565791472310733 0.47857448248150253 -5.331057001999532e-66 1.5679205369869429e-72 
0.28753792830400876 -0.5395496461463418 2.805151449415354e-45 -0.24618799992914386 0.061998688047762124 0.009800044422757294 -0.36887364416907337 -0.9118751182237641 1.673320232812872e-71 -2.6815653304432436e-50 
1.2588967406874718 -0.5327084075258709 -1.026309779696247e-58 -0.8069618014583202 -1.1743459009343744 0.13915941659784462 -0.45367595213514406 -1.11148911713666 -3.086700871753261e-31 3.641975949138002e-58 
-1.789714206405711 -0.08470793994862542 -2.09623283130051e-66 0.2122832733141441 0.416645978959101 0.025986556124182547 0.11846315407309313 0.3120662305339383 -0.17686083350119364 -0.0062689774449713395 
1.2669292591684416 -1.4184606574772092 2.7614970052893234e-65 -1.299757480401328 -1.3297195703191393 -4.212328126972366e-23 -1.3012682004013507 -0.5666305429875774 1.92709925888769e-50 -2.5724266914689276e-54 
2.0277024324031583 -1.630449747069468 3.3064461984579927e-44 -1.5232028083581117 -2.0093430660117524 0.01979483506241407 -1.6064050678658681 -1.8932100357027712 9.553723678252701e-58 9.653195763155331e-57 
-0.3993204599030699 -0.04394640053968021 1.248907850583229e-60 0.002917867989346321 -1.2945722345104145 -0.026558434136781797 0.30239684922655674 -0.13804210244071724 2.2679570938796544e-27 -3.9431932992784825e-58 
-1.142657677739412 0.8034497082033129 -7.564150047238903e-23 0.8200499778014702 0.19256933752171204 -0.02451046962058379 0.8811450627123295 0.8884115611488382 -0.0030961692420226326 -3.6427691957308753e-22 
0.2949914549296308 0.5650748947432795 -3.5397908435080544e-59 0.7959670425969773 0.22019856548666658 2.1733348446856863e-68 0.7012222460522702 0.6135822354229239 3.3470503983729225e-72 -4.7551126497504176e-70 
-0.32520771578373087 0.7305459456492869 -3.288964656500824e-30 0.7663810670701291 0.5803977498591246 9.58190295054455e-68 0.8842941590739322 0.8462407405673787 6.822495609559864e-64 1.7301093096260632e-46 
-0.8661581469281815 0.5239982520354263 -6.972460963422496e-22 0.3518612150705505 0.8582100281785994 2.522591030391987e-22 0.35217804215036225 0.5604241096964042 -1.4150178957729674e-74 4.651555283323026e-41 
0.803447736011144 -0.5488269820943547 8.99055204058288e-63 -0.18569873949289628 -0.46472441214401006 0.05782654674895795 -0.5069522470542817 -0.24286565088994608 -2.0217497637515797e-21 1.3260851678730702e-62 
-0.6241853190514465 0.10292917077116964 -1.6929781437858252e-24 0.017273654203892444 0.657430423051496 -1.3095986502106567e-27 0.29511865711023316 0.1750851920981321 -5.381482556083587e-53 3.5063465960669365e-67 
1.104219189217513 -0.5443338523828801 2.795478477672391e-50 -0.2896313563702837 -1.035782229704522 -1.8461086241720753e-24 -0.5870610710380524 -0.9308121948326852 5.547073455645668e-24 -1.7090129951907682e-71 
-0.5598316342307392 0.44676878658566094 9.062923333355999e-69 0.5292448426843894 0.5153406428099069 -5.542124260229799e-47 0.2671508134389916 0.6436058295778864 -4.430184156576211e-40 -2.4028536784324225e-54 
0.3065587926785058 -0.7379984173794313 5.296090697619808e-29 -0.40178992764602534 -0.8774459217395342 3.899167298176338e-66 -0.4488363885084106 -0.5284718143740118 1.2062101503046395e-28 3.75137768622849e-23 
-1.0414760836628105e-35 2.237124175987505e-50 -6.40759816978204e-70 -1.9866452606600913e-55 1.2724637332797376e-67 7.105079981560156e-22 9.588537684818005e-52 -2.7601615868051474e-54 -6.01747977954989e-54 -4.909915521275936e-41 
0.8335184936362429 -0.5788256193002768 1.8229228128819456e-43 -0.5296089490170885 -1.1021652484122044 -1.1350211555554685e-38 -0.8982575762096096 -0.9049514434222263 -1.7218164665911445e-22 1.1114008536362533e-51 
0.020356640840541743 0.033761559398598984 -2.235309663605002e-41 0.034115966162981556 0.10570715433538877 -1.7978074151248638e-29 -0.0682897844110799 0.006025450039468773 -2.3609098450505052e-23 -2.3556725811213337e-62 
2.3808961900711654e-72 -1.2253862721950318e-60 -3.0573681558578674e-66 2.6523554058128806e-31 -2.292105916158167e-68 -2.3517088845927495e-21 9.690877615148873e-29 4.833186586605189e-56 -1.4492055419326015e-35 4.0847285415150786e-23 
-0.9732849255243845 0.6314482725486398 -5.095652747849143e-24 0.6444932426078365 0.731283877137488 -3.3113918879270243e-25 0.6724079789042822 0.8779380684585721 -5.547383832860562e-41 4.6544278534452035e-32 
-0.47413447660016067 0.9511990725122629 9.287716440221517e-43 0.9846301418732453 1.0698204680548975 -4.335229226288759e-62 1.0658761962761447 0.9928496248093823 1.0973774579301937e-26 6.561039536777072e-67 
-0.5872930892386264 0.5991920735289389 -1.3708869829540064e-52 0.23932520211288316 0.48532774567464515 3.530116826291507e-50 0.457009122030703 0.6089747369351577 -2.629698338393224e-44 -6.919321930742435e-63 
0.19148924007307333 -0.212818755204614 -4.5601317448567544e-29 0.21400912303228264 0.2666648571159762 1.3332855342146454e-69 -0.10435128405517669 -0.02029472591633641 8.950524032687584e-29 1.2854996831079682e-65 
-1.2633420951692211 1.181552162949777 -6.373491250287655e-39 1.097641190045175 1.298936446286034 2.146388833099641e-71 0.9792231989933778 0.982331874765474 9.202255747755942e-60 1.7056670702639335e-30 
-1.1659799106701283 1.1756358199806218 3.1522254876820206e-66 0.7796208324361167 1.2974878125870184 4.130440794069374e-63 0.8186661976672311 0.9144542783960531 -1.742728568800054e-32 1.2358752835363563e-31 
0.2284976184467652 0.299498107664938 -3.2047464862266265e-57 0.18798019039507424 -0.4564017411723299 0.0015525938808693142 -0.07829117395689035 0.07885430986701161 0.16633986217202168 -0.021596212000457072 
-0.007059022352660109 -6.609397980074568e-10 -0.7642971202016828 -0.06954314431085723 -1.4090889951613477 -0.8481766381468216 -1.2402936128217112 -1.1009767959188077 1.2090288503199265 -3.9824095366544334e-07 
-0.03526355230995994 -2.633087224893988e-07 0.846281547735581 0.09823165363482435 0.26591437787314504 0.5275199280727251 -0.18525505740116957 0.2142231891597969 0.12520423346924883 -1.842384977419744e-17 
-9.62213178345408e-22 1.5999323579259186e-35 -6.704605034801049e-16 -1.9118658143960937e-49 1.3355855426480675e-21 -1.9557872517498165e-08 1.8567206176278076e-07 4.3955893962459385e-16 8.208878804436995e-13 3.433105588960818e-16 
-0.03528586801375185 -2.599586892348176e-68 0.16682805393443426 0.12836088594387499 0.32022662729985285 0.13668876145934905 0.36339303527172395 0.43710005504895 0.16206120027781842 -6.569387960992959e-11 
-0.04270672965259544 3.327750975197371e-14 1.4743886181229722 -0.12473166010050814 1.425985877597515 1.5201016172384763 0.573116129749828 1.3721623511670435 -1.408751828295091 1.4009058306871033e-15 
-3.483890770585879e-53 -3.5307529745693335e-09 -0.294096642473446 5.53427156697013e-36 -0.2138561806103225 0.24628950401881222 3.6350630930564545e-45 0.11934168317407094 -2.0620203996612477e-70 -7.3344174942975265e-09 
-0.031054581494721394 -1.8144808556093057e-63 -0.08834332375427437 -0.5666464819640326 0.6566656406114828 0.20245315782888681 -0.11157469972313368 0.6085837669866037 -0.07100498402253266 2.499778438000887e-10 
-0.03510949732814845 2.0754715162962688e-50 0.6671665212522668 -0.08057387906727845 1.282770563123368 0.9424784185638985 0.2578537629571721 1.1382426281691074 -0.9926573548806659 2.6133397883957406e-23 
3.227604161267292e-09 -1.57032694561724e-08 0.383389110485806 -1.161602554740659e-12 0.2768056869925713 0.14420644094658855 -5.084208821943584e-28 -0.34110674832391397 1.8613301097733146e-33 5.883036237940705e-11 
4.693343745575418e-12 -1.5128275654279527e-35 0.13080040081525623 1.2440575104156696e-47 -0.07412669686479667 -0.012000613117642776 0.013830793473232584 0.17373405635523417 -2.0851086035300026e-38 4.899430306878884e-07 
0.01901195546065435 
-1.2436409051537903e-59 
0.6479317120868148 
0.4135324170060401 
1.0026368868848394 
0.44050223482770445 
-1.1289130846118494 
1.1989591358202358 
-1.947692723885599 
2.596599831281507e-08 
