CID,a
6389,0.49494949494949503
5943,0.48247177658942364
31296,0.5068330362448009
5558,0.477124183006536
6344,0.5822935234699941
6346,0.4806892453951278
6328,0.560308972073678
6428,0.43909685086155675
31373,0.45692216280451575
6575,0.49851455733808686
643833,0.5424836601307189
6591,0.5163398692810458
6409,0.679144385026738
6365,0.5430778371954843
34,0.6844919786096257
6340,0.52465834818776
174,0.6827094474153298
6341,0.7421271538918599
5280970,0.5240641711229947
7847,0.6535947712418302
7841,0.530600118835413
7280,0.47831253713606664
7835,0.6108140225787285
8881,0.5240641711229947
6564,0.5234699940582294
6378,0.6737967914438503
6358,0.5252525252525253
10899,0.5323826500297089
6361,0.5359477124183006
12313,0.6446821152703506
33643,0.4836601307189543
398,0.5828877005347595
7903,0.5721925133689839
8020,0.6482471776589425
7848,0.5424836601307189
7852,0.7100415923945336
6363,0.69281045751634
6901,0.32798573975044565
9259,0.685086155674391
8030,0.5335710041592395
8027,0.6096256684491979
8009,0.6013071895424836
4093,0.6203208556149733
7904,0.5816993464052288
6559,0.6019013666072489
8115,0.5531788472964944
8023,0.5692216280451575
6569,0.6506238859180036
8028,0.6488413547237077
264,0.6084373143196673
8857,0.6173499702911469
10485,0.4795008912655972
8002,0.4789067142008318
6563,0.5032679738562091
10486,0.49316696375519914
10962,0.4438502673796792
8083,0.6827094474153298
31374,0.6856803327391563
6560,0.625668449197861
11182,0.5965537730243613
263,0.619726678550208
9609,0.5401069518716578
24874,0.6310160427807486
8021,0.6809269162210339
6478,0.31194295900178254
12287,0.5567439096850861
10797,0.5341651812240048
7361,0.6797385620915033
12024,0.47771836007130125
11587,0.4955436720142603
12309,0.5222816399286988
31261,0.6327985739750447
6658,0.5721925133689839
13387,0.679144385026738
9253,0.4622697563874035
8004,0.4604872251931076
7526,0.6096256684491979
11251,0.6125965537730245
7288,0.6030897207367797
12180,0.5710041592394534
7991,0.5935828877005348
7749,0.5805109922756982
8057,0.43731431966726086
10977,0.45751633986928103
8082,0.6833036244800952
7972,0.679144385026738
220639,0.5038621509209745
8003,0.4266191325014855
11428,0.6054664289958408
31260,0.5894236482471777
6276,0.5834818775995247
6405,0.6244800950683305
8723,0.5918003565062389
22386,0.6024955436720143
10024,0.6102198455139632
9474,0.47831253713606664
7927,0.4188948306595366
10943,0.43909685086155675
9741,0.500891265597148
10892,0.5026737967914439
7961,0.4682115270350565
7245,0.5811051693404635
11575,0.4408793820558527
7416,0.5127748068924539
241,0.5222816399286988
7932,0.5383244206773619
7240,0.5294117647058825
7969,0.4937611408199643
7975,0.6809269162210339
6115,0.5953654188948307
7970,0.6221033868092691
7510,0.6767676767676769
8128,0.6149732620320856
11598,0.4604872251931076
8079,0.4658348187759953
7967,0.58407605466429
7960,0.4830659536541889
7296,0.423648247177659
8078,0.4301841948900773
11597,0.42780748663101603
7944,0.500891265597148
6184,0.5424836601307189
6416,0.5769459298871064
7966,0.5935828877005348
7909,0.5757575757575758
69027,0.5401069518716578
7758,0.544266191325015
1032,0.6868686868686869
8019,0.6862745098039217
31275,0.6827094474153298
12341,0.5650623885918004
50980,0.21093285799168154
8076,0.6821152703505645
8071,0.6821152703505645
8007,0.6874628639334522
6558,0.6874628639334522
6385,0.6874628639334522
7915,0.5870469399881164
17432,0.399881164587047
7820,0.5478312537136066
7965,0.679144385026738
7912,0.6221033868092691
4618,0.6559714795008913
7256,0.39453357100415926
11358,0.4664289958407606
7730,0.4402852049910874
7259,0.5401069518716578
6896,0.5502079619726679
7953,0.5876411170528818
8142,0.34699940582293526
8038,0.5460487225193108
12206,0.5389185977421272
31264,0.6173499702911469
10992,0.43434343434343436
7282,0.4010695187165776
6403,0.4087938205585265
6589,0.4040404040404041
8114,0.5234699940582294
11670,0.597742127153892
12178,0.5721925133689839
12297,0.5668449197860963
10045,0.5828877005347595
8103,0.5460487225193108
7914,0.554367201426025
7765,0.5941770647653001
8146,0.6702317290552585
8471,0.6114081996434938
8102,0.5692216280451575
8902,0.5923945335710041
6535,0.6452762923351159
7368,0.4705882352941177
7222,0.530600118835413
7673,0.4307783719548426
7375,0.5323826500297089
6998,0.4307783719548426
11560,0.41057635175282237
7810,0.4367201426024956
7931,0.41057635175282237
7238,0.41057635175282237
12167,0.4551396316102199
17833,0.4545454545454546
7519,0.5098039215686275
244,0.595959595959596
342,0.578134284016637
9007,0.5894236482471777
7520,0.47771836007130125
11565,0.6423054070112895
7934,0.5692216280451575
7515,0.5436720142602496
7937,0.6464646464646465
7504,0.5282234105763518
12350,0.4408793820558527
7819,0.5478312537136066
7761,0.5710041592394534
3035167,0.6452762923351159
9265,0.41057635175282237
11610,0.39809863339275103
8051,0.5353535353535354
8034,0.5407011289364231
7824,0.500891265597148
8094,0.5169340463458111
12348,0.5074272133095663
12369,0.3565062388591801
12371,0.38265002970885326
20274,0.33392751039809865
28488,0.4789067142008318
11520,0.5323826500297089
8127,0.5098039215686275
4790,0.37789661319073087
10821,0.4800950683303625
8794,0.5086155674390969
69304,0.3909685086155675
7410,0.5436720142602496
4133,0.4795008912655972
7666,0.4010695187165776
7929,0.45216874628639336
7500,0.4551396316102199
7237,0.4545454545454546
7771,0.5436720142602496
6054,0.5745692216280452
7409,0.5650623885918004
6997,0.5389185977421272
7674,0.4812834224598931
37829,0.5234699940582294
11504,0.5490196078431373
7499,0.42127153891859775
2230,0.6678550207961973
12370,0.40225787284610814
31249,0.5626856803327391
8125,0.35591206179441476
9266,0.3731431966726084
5371560,0.657159833630422
8697,0.5020796197266786
3121,0.5092097445038622
8908,0.4735591206179442
7211,0.5876411170528818
8143,0.4563279857397505
3118,0.37967914438502676
7047,0.5424836601307189
17522,0.3986928104575163
7148,0.5109922756981581
7165,0.48187759952465836
123375,0.5591206179441475
7406,0.4254307783719549
11903,0.4289958407605467
12160,0.4349376114081997
7247,0.41948900772430187
5541,0.58407605466429
18937,0.36779560308972076
39223,0.42245989304812837
16653,0.4836601307189543
91758,0.5323826500297089
13187,0.4664289958407606
8158,0.4563279857397505
8141,0.27035056446821154
8914,0.4408793820558527
25670,0.33927510398098637
41718,0.447415329768271
3286,0.29055258467023176
7003,0.3862150920974451
8404,0.3850267379679144
9477,0.27807486631016043
3314,0.5270350564468211
7654,0.5074272133095663
16846,0.46108140225787286
7463,0.39572192513368987
8864,0.3969102792632205
7705,0.38443256090314915
991,0.3630421865715983
9395,0.49732620320855614
942,0.6666666666666666
7694,0.4646464646464647
5284376,0.36482471776589426
13381,0.29233511586452765
5372405,0.41711229946524064
12741,0.42305407011289364
10587943,0.5038621509209745
15600,0.21746880570409985
8174,0.4040404040404041
91752,0.43909685086155675
637758,0.441473559120618
93455,0.46286393345216875
8698,0.41295306001188353
178235,0.4961378490790256
94772,0.4937611408199643
320403,0.4937611408199643
23274114,0.590017825311943
38779,0.3743315508021391
10864,0.34759358288770054
76488,0.3285799168152109
33528,0.4634581105169341
34526,0.35294117647058826
5634,0.4177064765300059
13561,0.4099821746880571
8163,0.38740344622697565
8050,0.34462269756387404
16181,0.4010695187165776
14257,0.1895424836601307
37804,0.2341057635175282
43603,0.3107546048722519
14923178,0.3036244800950683
92379,0.3256090314913844
14923179,0.2964943553178847
93361,0.2964943553178847
93346,0.28342245989304815
36980,0.31907308377896615
36399,0.3077837195484254
34304,0.34224598930481287
92339,0.34462269756387404
90649,0.32442067736185387
108737,0.33927510398098637
13788119,0.31907308377896615
17126,0.334521687462864
94325,0.36957813428401665
23436,0.3630421865715983
5853214,0.38146167557932265
11327,0.36482471776589426
13652,0.36482471776589426
23274831,0.4997029114676174
5377784,0.41830065359477125
6781,0.4800950683303625
13075157,0.5692216280451575
5360460,0.33095662507427215
34192,0.3862150920974451
32184,0.376114081996435
181774,0.4563279857397505
23274382,0.5472370766488414
17435,0.35472370766488415
14109,0.31016042780748665
91744,0.4795008912655972
8294,0.40819964349376114
3017,0.40344622697563876
8193,0.34224598930481287
5125,0.31431966726084376
31356,0.3262032085561497
12769,0.49910873440285214
23424492,0.4188948306595366
23274909,0.530600118835413
25286,0.35769459298871065
33294,0.4497920380273322
23717,0.41830065359477125
8139,0.3410576351752822
6023583,0.42424242424242425
2345,0.3743315508021391
8560,0.4337492572786691
23275435,0.447415329768271
93460,0.37967914438502676
11458968,0.3006535947712418
13443273,0.49851455733808686
15278321,0.352346999405823
10946948,0.471182412358883
1988,0.4367201426024956
62020,0.36541889483065954
276115,0.27510398098633393
32230,0.3731431966726084
86222,0.36601307189542487
43234,0.41235888294711825
167454,0.4301841948900773
4169,0.45751633986928103
92299,0.47296494355317886
91740,0.33868092691622104
31284,0.2245989304812834
3026,0.3582887700534759
13443274,0.435531788472965
37523,0.3196672608437315
61015,0.21746880570409985
23276005,0.40819964349376114
31677,0.37076648841354726
5372477,0.31491384432560904
5568,0.3048128342245989
2995,0.40225787284610814
47759,0.34759358288770054
50897,0.28817587641117054
2347,0.28461081402257876
9839306,0.34759358288770054
11442,0.3333333333333333
4936,0.2721330956625075
5794,0.36007130124777187
6019146,0.23351158645276293
5366546,0.3018419489007725
5364509,0.1497326203208556
4917,0.3582887700534759
54886,0.33986928104575165
91695,0.40344622697563876
6527,0.26262626262626265
5566,0.35115864527629237
5852185,0.34521687462863937
8343,0.20617944147355913
2520,0.3713606654783126
7976,0.6809269162210339
31368,0.5947712418300654
9605,0.4337492572786691
7839,0.5157456922162805
3346,0.3481877599524658
6423,0.500891265597148
36606,0.2341057635175282
2758,0.5204991087344029
93532,0.44800950683303625
7505,0.560308972073678
31957,0.32739156268568037
10430,0.6001188354129531
10963,0.6024955436720143
37419,0.334521687462864
9260,0.685086155674391
37995,0.3903743315508022
7855,0.6286393345216875
31268,0.6880570409982175
29307,0.30956625074272137
7977,0.5751633986928105
11271,0.5424836601307189
31234,0.5377302436125967
7294,0.6066547831253714
6375,0.6351752822341058
4943,0.43790849673202614
6366,0.5222816399286988
4601,0.376114081996435
7996,0.6779560308972075
61149,0.5341651812240048
10822,0.669043374925728
7407,0.4408793820558527
8008,0.6001188354129531
7865,0.6541889483065955
31244,0.5311942959001783
22311,0.382055852644088
20965,0.26619132501485443
37125,0.2620320855614974
1031,0.6565656565656566
13081,0.2786690433749257
14337,0.4177064765300059
240,0.5490196078431373
11414,0.411764705882353
79695,0.46524064171123
12291,0.63339275103981
6359,0.5282234105763518
1549026,0.37967914438502676
6574,0.5317884729649436
7997,0.5769459298871064
10870,0.37492572786690437
6333,0.5668449197860963
9774,0.637551990493167
36870,0.30421865715983365
14215,0.4099821746880571
7668,0.4266191325014855
6278,0.49673202614379086
7617,0.5163398692810458
7048,0.5032679738562091
7719,0.5181224004753416
527,0.6547831253713607
6549,0.5014854426619133
11732,0.607843137254902
7061,0.4396910279263221
7840,0.5169340463458111
10703,0.3963161021984552
9706,0.500891265597148
10750953,0.500891265597148
7580,0.37730243612596553
16003,0.4206773618538325
7043,0.5418894830659536
7328,0.2566844919786096
6332,0.5549613784907903
8129,0.5121806298276886
7947,0.4177064765300059
13011,0.4735591206179442
12968,0.459298871063577
949,0.5056446821152704
10976,0.5276292335115864
19085,0.39156268568033276
25355,0.4747474747474748
31272,0.5460487225193108
8093,0.4979203802733214
10405,0.4664289958407606
1049,0.6648841354723708
10008,0.5127748068924539
13526,0.5103980986333928
14923180,0.30421865715983365
6915,0.5715983363042186
12375,0.57397504456328
7590,0.4979203802733214
11513,0.5365418894830659
379,0.4830659536541889
7716,0.1479500891265597
8900,0.34997029114676176
12389,0.1467617349970291
8182,0.16399286987522282
8058,0.39156268568033276
8657,0.4248366013071896
16322,0.32976827094474154
12302,0.5395127748068925
81283,0.33630421865715987
8140,0.31907308377896615
519661,0.5050505050505051
6348,0.5240641711229947
3562,0.5193107546048723
6422,0.6755793226381462
637929,0.5412953060011884
6588,0.45811051693404636
6408,0.5537730243612597
11204,0.43612596553773025
6342,0.7023172905525847
10967,0.5769459298871064
176,0.6922162804515747
6587,0.6084373143196673
702,0.6993464052287582
6343,0.58407605466429
1068,0.5929887106357695
12232,0.5341651812240048
15902,0.37195484254307787
7850,0.5389185977421272
24622,0.5074272133095663
7285,0.5050505050505051
4510,0.48781937017231136
8006,0.5098039215686275
6553,0.4919786096256685
7289,0.6131907308377897
8025,0.6244800950683305
12308,0.6203208556149733
10541,0.6524064171122995
6365172,0.36838978015448604
8029,0.5710041592394534
12336,0.5793226381461676
6562,0.6143790849673203
8024,0.5626856803327391
8074,0.5692216280451575
24233,0.459298871063577
10926,0.4765300059417707
10461,0.4789067142008318
6561,0.6250742721330957
6555,0.4753416518122401
10554,0.500891265597148
11721,0.6161616161616161
11559,0.6001188354129531
8882,0.49494949494949503
6557,0.49910873440285214
5321950,0.5828877005347595
225161,0.554367201426025
5326161,0.46880570409982175
10489,0.4598930481283423
21827,0.5816993464052288
8063,0.568033273915627
98230,0.6250742721330957
5366239,0.6209150326797386
12020,0.6209150326797386
13181,0.6090314913844326
7891,0.44800950683303625
12016,0.4634581105169341
12245,0.4795008912655972
6556,0.4307783719548426
32739,0.40641711229946526
12256,0.5870469399881164
12340,0.5793226381461676
15413,0.6054664289958408
12250,0.6060606060606061
8067,0.45276292335115864
7928,0.4289958407605467
14082,0.46108140225787286
9583,0.47593582887700536
11993,0.40938799762329176
12269,0.4087938205585265
5367417,0.4943553178847297
13568,0.49079025549613786
11194,0.6185383244206775
15395,0.5704099821746881
12986,0.4396910279263221
30684,0.5793226381461676
5366234,0.5947712418300654
20928,0.5846702317290553
11262,0.5799168152109329
12508,0.5430778371954843
8052,0.5294117647058825
7762,0.5383244206773619
6418,0.6524064171122995
11750,0.5490196078431373
11241,0.5121806298276886
8059,0.5175282234105764
2978,0.4979203802733214
8077,0.4646464646464647
11552,0.5727866904337493
8054,0.6749851455733809
8858,0.5888294711824125
16844,0.6054664289958408
8095,0.603683897801545
15422,0.37254901960784315
37490,0.4159239453357101
16481,0.3856209150326798
10823,0.52465834818776
7157,0.5632798573975045
7983,0.47593582887700536
7772,0.48841354723707664
137832,0.40760546642899587
7803,0.5401069518716578
7892,0.39750445632798576
11508,0.5377302436125967
7910,0.5721925133689839
12233,0.5525846702317292
14454,0.5525846702317292
6493,0.5971479500891266
12304,0.5401069518716578
8118,0.4664289958407606
25914,0.5935828877005348
9580,0.46880570409982175
9602,0.46880570409982175
11000,0.4919786096256685
11526,0.64349376114082
7936,0.6250742721330957
19969,0.4901960784313726
69105,0.6500297088532383
520802,0.45692216280451575
12363,0.43196672608437314
16968,0.42127153891859775
14245,0.4551396316102199
3034435,0.4545454545454546
643836,0.39275103980986337
7802,0.5258467023172906
8130,0.518716577540107
7945,0.5074272133095663
11529,0.5086155674390969
61184,0.5044563279857398
10882,0.5157456922162805
31276,0.5056446821152704
7770,0.5056446821152704
11260,0.36541889483065954
11582,0.34640522875817
11542,0.36066547831253715
7907,0.36066547831253715
12048,0.35115864527629237
11507,0.35412953060011887
11702,0.5692216280451575
11685,0.5692216280451575
22749,0.52465834818776
12040,0.5412953060011884
11708,0.560308972073678
18393,0.5276292335115864
12240,0.5555555555555556
11752,0.5472370766488414
12235,0.5650623885918004
16911,0.5341651812240048
19871,0.5513963161021985
75293,0.4058229352347
7725,0.5175282234105764
16089,0.40166369578134287
10328,0.5579322638146168
9272,0.4806892453951278
7216,0.4206773618538325
12146,0.5193107546048723
76354,0.52465834818776
73762,0.5674390968508616
20615,0.35353535353535354
11416,0.36601307189542487
11523,0.35412953060011887
16270,0.33808674985145576
15504,0.3672014260249555
31241,0.49316696375519914
454,0.4795008912655972
31265,0.48247177658942364
12217,0.4860368389780155
7351,0.4913844325609032
11233,0.3226381461675579
11412,0.31313131313131315
12096,0.3137254901960784
11447,0.31788472964943554
11592,0.32739156268568037
11519,0.31313131313131315
11269,0.334521687462864
11594,0.35353535353535354
14018,0.3137254901960784
11255,0.32501485442661915
11863,0.31788472964943554
10907,0.34224598930481287
23718,0.544266191325015
15450,0.4806892453951278
12242,0.5175282234105764
11710,0.52465834818776
11527,0.4997029114676174
7720,0.4943553178847297
8177,0.6666666666666666
24723,0.4943553178847297
10686,0.4284016636957813
6629,0.5579322638146168
12141,0.5258467023172906
6544,0.5567439096850861
529291,0.40463458110516937
13163,0.5407011289364231
18309,0.3315508021390375
7958,0.5169340463458111
8091,0.41830065359477125
7797,0.45692216280451575
10890,0.47177658942364825
9837935,0.5519904931669638
16663,0.2798573975044564
51806,0.2768865121806299
13533,0.28223410576351754
14020,0.27272727272727276
28024,0.29411764705882354
28026,0.28995840760546643
28023,0.28461081402257876
16662,0.28698752228164
14062,0.29114676173499704
28027,0.27510398098633393
136827,0.28758169934640526
14040,0.2857991681521093
14462,0.29055258467023176
92723,0.28104575163398693
28028,0.27926322043969104
16664,0.32501485442661915
28022,0.29946524064171126
28021,0.28995840760546643
14058,0.30540701128936426
19041,0.3196672608437315
16665,0.26024955436720143
18314,0.28045157456922165
520991,0.28520499108734404
14069,0.28758169934640526
86067,0.28401663695781343
13558,0.28698752228164
18591,0.2768865121806299
29655,0.4705882352941177
7957,0.4705882352941177
12216,0.46167557932263814
7001,0.37076648841354726
7004,0.35056446821152704
88346,0.36541889483065954
520524,0.4058229352347
26693,0.39572192513368987
15381118,0.4218657159833631
8815,0.44622697563874036
637563,0.4337492572786691
7734,0.39809863339275103
7439,0.49732620320855614
11369,0.4800950683303625
573574,0.48722519310754603
24473,0.4901960784313726
14525,0.5098039215686275
7044,0.3113487819370172
12611406,0.49732620320855614
6986,0.47177658942364825
8844,0.5199049316696376
19540,0.25787284610814026
9267,0.2857991681521093
23531,0.24598930481283424
140213,0.24658348187759951
85927,0.25074272133095665
521414,0.2489601901366607
103700,0.25371360665478315
85926,0.24717765894236485
138117,0.2501485442661914
142981,0.2531194295900178
26056,0.2519310754604872
13379,0.24242424242424246
92978,0.25727866904337493
27518,0.24480095068330365
22202,0.24123588829471182
85150,0.25549613784907904
28455,0.24420677361853832
16319,0.25133689839572193
139990,0.2489601901366607
139803,0.2501485442661914
139989,0.25252525252525254
14070,0.2519310754604872
139988,0.25371360665478315
14536,0.5044563279857398
5282110,0.441473559120618
10176872,0.5121806298276886
16295,0.3731431966726084
94249,0.22935234699940582
15448,0.4450386215092098
63106,0.2245989304812834
38030,0.21449792038027332
7565,0.33986928104575165
11328,0.32917409387997626
23274267,0.554367201426025
6874,0.43196672608437314
36382,0.4070112893642306
16301,0.46939988116458714
8048,0.376114081996435
8192,0.35353535353535354
143887,0.20855614973262032
26058,0.21449792038027332
7622,0.43434343434343436
31357,0.44266191325014853
18609,0.376114081996435
23424511,0.35115864527629237
137833,0.40760546642899587
15415136,0.4349376114081997
520515,0.36244800950683304
16715,0.423648247177659
5374527,0.441473559120618
12204,0.44206773618538325
8049,0.4111705288175877
14033052,0.47831253713606664
7599,0.459298871063577
5587,0.46286393345216875
15996,0.20261437908496735
6782,0.34284016636957815
19324,0.5032679738562091
11006,0.12061794414735588
5376315,0.2049910873440285
6434488,0.24004753416518124
15004,0.5127748068924539
146542,0.16102198455139632
197013,0.16102198455139632
6528,0.3155080213903743
667477,0.3850267379679144
31238,0.08199643493761136
15979,0.0
66270,0.40225787284610814
4767,0.3083778966131907
5353643,0.40641711229946526
10695126,0.5692216280451575
10648053,0.5424836601307189
6788,0.25549613784907904
17082,0.22994652406417115
4098,0.4646464646464647
123622,0.4099821746880571
7362,0.613784907902555
18055,0.5193107546048723
80277,0.4177064765300059
16969,0.44266191325014853
6061,0.6993464052287582
9801897,0.47771836007130125
11208,0.6125965537730245
12264,0.48663101604278075
140241,0.39215686274509803
12958,0.6737967914438503
6362,0.4955436720142603
23277076,0.43315508021390375
19519,0.28461081402257876
637511,0.5098039215686275
41384,0.25727866904337493
188653,0.40344622697563876
6419,0.46524064171123
54778,0.4806892453951278
7710,0.5466428995840761
10952,0.47831253713606664
91686,0.22043969102792635
12437,0.6755793226381462
8073,0.5888294711824125
887,0.7124183006535949
91644,0.393939393939394
28292,0.39750445632798576
5971,0.518716577540107
6565,0.5181224004753416
20929,0.5894236482471777
97620,0.39275103980986337
3039,0.5401069518716578
15829,0.40760546642899587
10140464,0.026737967914438464
4004,0.4200831847890672
9816,0.471182412358883
4578030,0.33511586452762926
7503,0.47771836007130125
12244,0.5715983363042186
13388,0.4658348187759953
7764,0.5751633986928105
10326,0.43909685086155675
7616,0.48425430778371964
23238,0.5757575757575758
11574,0.4254307783719549
12161,0.43434343434343436
16127,0.435531788472965
18938,0.4705882352941177
8894,0.6179441473559122
61259,0.459298871063577
7516,0.6238859180035651
8292,0.4830659536541889
28025,0.28045157456922165
8061,0.5864527629233511
35784,0.5175282234105764
17434,0.4699940582293524
7411,0.45276292335115864
7959,0.4979203802733214
92987,0.5929887106357695
13,0.40225787284610814
31236,0.578134284016637
11,0.5549613784907903
7670,0.518716577540107
3024,0.5383244206773619
6212,0.5502079619726679
14315,0.37254901960784315
61143,0.4705882352941177
11733,0.5074272133095663
21241,0.4860368389780155
7000,0.5638740344622698
7681,0.5573380867498514
6584,0.6506238859180036
12512,0.5644682115270351
14923176,0.3113487819370172
12296,0.5519904931669638
13564,0.5799168152109329
10957,0.560308972073678
23275514,0.4699940582293524
6655,0.595959595959596
32872,0.37076648841354726
12257,0.5822935234699941
14033053,0.40819964349376114
31200,0.37967914438502676
11265,0.5715983363042186
11124,0.6114081996434938
12338,0.5609031491384433
11584,0.5870469399881164
12724,0.42721330956625075
13676,0.36541889483065954
3289,0.4705882352941177
69460,0.5020796197266786
8314,0.5983363042186572
6944,0.4812834224598931
92304,0.2768865121806299
77255,0.24658348187759951
8133,0.5947712418300654
7849,0.5412953060011884
11419,0.5638740344622698
7854,0.6363636363636364
12754,0.4301841948900773
7918,0.6238859180035651
650,0.6417112299465241
7302,0.6833036244800952
7745,0.5537730243612597
6568,0.6452762923351159
7301,0.6322043969102794
7366,0.4028520499108734
6590,0.6363636363636364
8001,0.4961378490790256
223087,0.4800950683303625
14045,0.29292929292929293
8785,0.500891265597148
23274266,0.5692216280451575
7695,0.5032679738562091
69188,0.5941770647653001
10364,0.4961378490790256
23274109,0.46761734997029114
7422,0.4747474747474748
14935795,0.2964943553178847
10740,0.35115864527629237
11264,0.578134284016637
19395,0.38027332144979203
11567,0.5086155674390969
11511,0.3256090314913844
638011,0.4646464646464647
137855,0.25490196078431376
11229,0.36838978015448604
11304,0.37373737373737376
21019,0.5668449197860963
10553,0.46761734997029114
7501,0.45216874628639336
79985,1.0
16066,0.29530600118835415
38277,0.1645870469399881
3283,0.6155674390968509
8201,0.0849673202614379
36867,0.38027332144979203
521413,0.2566844919786096
40818,0.5715983363042186
12541,0.43612596553773025
11509,0.5704099821746881
26375,0.28045157456922165
9974,0.46880570409982175
8121,0.6250742721330957
7799,0.41830065359477125
7242,0.5692216280451575
10044,0.36066547831253715
11261,0.5769459298871064
20083,0.4955436720142603
9985,0.5525846702317292
8680,0.3891859774212716
7800,0.27510398098633393
31251,0.393939393939394
13534,0.28045157456922165
8821,0.5757575757575758
7962,0.3909685086155675
7150,0.5098039215686275
16656,0.29114676173499704
6433351,0.4177064765300059
23459,0.14913844325609033
12323,0.5377302436125967
7986,0.3879976232917409
8909,0.46702317290552586
20414,0.09387997623291743
177292,0.4919786096256685
85925,0.24658348187759951
85151,0.25490196078431376
16910,0.48247177658942364
261,0.6108140225787285
7002,0.399881164587047
12732,0.4795008912655972
1140,0.48722519310754603
90650,0.2917409387997624
16971,0.43434343434343436
15606,0.4188948306595366
11215,0.31907308377896615
97312,0.5264408793820559
7529,0.43434343434343436
957,0.4800950683303625
8060,0.6357694592988711
18101,0.2394533571004159
7964,0.47831253713606664
11551,0.32976827094474154
337121,0.5157456922162805
11512,0.31491384432560904
8892,0.5567439096850861
8005,0.49494949494949503
11614,0.5525846702317292
7239,0.43731431966726086
12388,0.10516934046345809
356,0.3083778966131907
11583,0.5733808674985147
11543,0.5906120023767083
16300,0.49851455733808686
5371264,0.2501485442661914
8554,0.5210932857991681
8012,0.4901960784313726
8148,0.5264408793820559
31285,0.3196672608437315
12343,0.5026737967914439
33100,0.30718954248366015
8101,0.39334521687462864
18313,0.28045157456922165
