FID,(atom depth)-seq,Multiplicity seq, Charge seq
1, C3 0,, 0
2, C2 0,, 0
3, C4 0 H1 1 H1 1, 1 1, 0 0 0
4, C4 0,, 0
5, O2 0,, 0
6, C4 0 O2 1, 2, 0 0
7, C4 0 H1 1 H1 1 C4 1 H1 2 H1 2 C4 2 H1 3 H1 3 H1 3, 1 1 1 1 1 1 1 1 1, 0 0 0 0 0 0 0 0 0 0
8, C4 0 C1 1, 1, 0 0
9, C4 0 H1 1 H1 1 C4 1 H1 2 H1 2 O2 2 H1 3, 1 1 1 1 1 1 1, 0 0 0 0 0 0 0 0
10, C4 0 O1 1, 1, 0 0
11, N3 0,, 0
12, C2 0 C2 1 C1 2, 1 1, 0 0 0
13, C4 0 N1 1, 1, 0 0
14, O2 0 C4 1 H1 2 H1 2 C4 2 H1 3 H1 3 H1 3, 1 1 1 1 1 1 1, 0 0 0 0 0 0 0 0
15, C4 0 C1 1 C1 1, 1 1, 0 0 0
16, O2 0 C4 1 O2 2 C4 2 H1 3 H1 3 H1 3, 1 2 1 1 1 1, 0 0 0 0 0 0 0
17, C3 0 O1 1, 1, 0 0
18, C4 0 O2 1 C1 2, 1 1, 0 0 0
19, C4 0 C4 1 H1 2 H1 2 H1 2, 1 1 1 1, 0 0 0 0 0
20, C4 0 H1 1 C4 1 C4 2 H1 3 H1 3 H1 3 C4 2 H1 3 H1 3 H1 3, 1 2 1 1 1 1 1 1 1 1, 0 0 0 0 0 0 0 0 0 0 0
21, C3 0 C1 1, 1, 0 0
22, C4 0 H1 1 H1 1 C4 1 H1 2 C4 2 H1 3 H1 3 H1 3 C4 2 H1 3 H1 3 H1 3, 1 1 1 1 1 1 1 1 1 1 1 1, 0 0 0 0 0 0 0 0 0 0 0 0 0
23, C4 0 H1 1, 1, 0 0
24, N2 0,, 0
25, C4 0 H1 1 H1 1 C4 1 H1 2 C4 2 H1 3 H1 3, 1 1 1 1 2 1 1, 0 0 0 0 0 0 0 0
26, C4 0 H1 1 H1 1 C4 1 H1 2 H1 2 N3 2 H1 3 H1 3, 1 1 1 1 1 1 1 1, 0 0 0 0 0 0 0 0 0
27, C3 0 C3 1 C1 2 C1 2, 1 1 1, 0 0 0 0
28, C4 0 H1 1 C4 1 H1 2 H1 2 H1 2, 1 1 1 1 1, 0 0 0 0 0 0
29, N3 0 H1 1, 1, 0 0
30, C4 0 O2 1 C4 1 H1 2 H1 2 H1 2, 2 1 1 1 1, 0 0 0 0 0 0
31, C4 0 H1 1 H1 1 O2 1 C4 2 H1 3 H1 3 H1 3, 1 1 1 1 1 1 1, 0 0 0 0 0 0 0 0
32, C4 0 H1 1 H1 1 C4 1 H1 2 H1 2 H1 2, 1 1 1 1 1 1, 0 0 0 0 0 0 0
33, O2 0 C2 1 C1 2, 1 1, 0 0 0
34, C4 0 H1 1 C4 1 H1 2 H1 2 O2 2 H1 3, 1 1 1 1 1 1, 0 0 0 0 0 0 0
35, C4 0 C3 1 O2 2, 1 2, 0 0 0
36, C4 0 H1 1 C4 1 H1 2 H1 2 H1 2 C4 1 H1 2 H1 2 H1 2, 1 1 1 1 1 1 1 1 1, 0 0 0 0 0 0 0 0 0 0
37, C4 0 H1 1 H1 1 C4 1 O2 2 O2 2 H1 3, 1 1 1 2 1 1, 0 0 0 0 0 0 0
38, C4 0 H1 1 H1 1 C4 1 O2 2 C4 2 H1 3 H1 3 H1 3, 1 1 1 2 1 1 1 1, 0 0 0 0 0 0 0 0 0
39, C4 0 O2 1 C4 1 H1 2 C4 2 H1 3 H1 3, 2 1 1 2 1 1, 0 0 0 0 0 0 0
40, C3 0 C2 1 C1 2, 1 1, 0 0 0
41, C4 0 H1 1 H1 1 C4 1 H1 2 O2 2, 1 1 1 1 2, 0 0 0 0 0 0
42, C4 0 O2 1 O2 1 C1 2, 2 1 1, 0 0 0 0
43, C4 0 H1 1 O2 1 H1 2 C4 1 H1 2 H1 2 H1 2, 1 1 1 1 1 1 1, 0 0 0 0 0 0 0 0
44, C4 0 C4 1 C1 2 C1 2 C1 2, 1 1 1 1, 0 0 0 0 0
45, C4 0 H1 1 C4 1 H1 2 O2 2, 1 1 1 2, 0 0 0 0 0
46, C4 0 C4 1 H1 2 H1 2 C4 2 H1 3 H1 3 H1 3 C4 1 H1 2 O2 2, 1 1 1 1 1 1 1 1 1 2, 0 0 0 0 0 0 0 0 0 0 0
47, C4 0 O2 1 C4 1 H1 2 H1 2 C4 2 H1 3 H1 3 H1 3, 2 1 1 1 1 1 1 1, 0 0 0 0 0 0 0 0 0
48, C4 0 H1 1 C4 1 H1 2 H1 2, 1 2 1 1, 0 0 0 0 0
49, C4 0 C4 1 H1 2 H1 2 C4 1 H1 2 H1 2 H1 2, 2 1 1 1 1 1 1, 0 0 0 0 0 0 0 0
50, C3 0 C4 1 C1 2 C2 2, 1 1 2, 0 0 0 0
51, C3 0 C3 1 C1 2, 2 1, 0 0 0
52, C4 0 C3 1 C1 2 C1 2, 1 1 1, 0 0 0 0
53, N3 0 C4 1 O2 2, 2 2, 0 0 0
54, O2 0 C4 1 C4 2 H1 3 H1 3 H1 3 C4 2 H1 3 H1 3 H1 3 C4 2 H1 3 H1 3 H1 3, 1 1 1 1 1 1 1 1 1 1 1 1 1, 0 0 0 0 0 0 0 0 0 0 0 0 0 0
55, C4 0 H1 1 C4 1 H1 2 H1 2 O2 2 H1 3 C4 1 H1 2 H1 2 C4 2 H1 3 H1 3 H1 3, 1 1 1 1 1 1 1 1 1 1 1 1 1, 0 0 0 0 0 0 0 0 0 0 0 0 0 0
56, C4 0 C2 1, 2, 0 0
57, C4 0 H1 1 H1 1 O2 1 H1 2, 1 1 1 1, 0 0 0 0 0
58, C4 0 H1 1 H1 1 C4 1 H1 2 O2 2 H1 3 C4 2 H1 3 H1 3 H1 3, 1 1 1 1 1 1 1 1 1 1, 0 0 0 0 0 0 0 0 0 0 0
59, C4 0 C3 1 C2 2, 1 2, 0 0 0
60, C4 0 O2 1 C4 1 C4 2 H1 3 H1 3 C4 2 H1 3 H1 3 H1 3, 2 1 2 1 1 1 1 1 1, 0 0 0 0 0 0 0 0 0 0
61, C2 0 C3 1 C2 2, 1 2, 0 0 0
62, C4 0 H1 1 O2 1, 1 2, 0 0 0
63, C3 0 C3 1 O2 2, 1 2, 0 0 0
64, C4 0 C4 1 H1 2 H1 2 H1 2 C4 1 H1 2 H1 2 H1 2 C4 1 H1 2 H1 2 H1 2, 1 1 1 1 1 1 1 1 1 1 1 1, 0 0 0 0 0 0 0 0 0 0 0 0 0
65, C4 0 H1 1 H1 1 C4 1 N3 2, 1 1 1 3, 0 0 0 0 0
66, C2 0 C3 1 C1 2 C1 2, 1 1 1, 0 0 0 0
67, N3 0 C1 1, 1, 0 0
68, C4 0 C2 1 O1 2, 1 1, 0 0 0
69, C4 0 C4 1 H1 2 H1 2 O2 2 H1 3, 1 1 1 1 1, 0 0 0 0 0 0
70, C4 0 O2 1 H1 2 C4 1 H1 2 H1 2 H1 2 C4 1 H1 2 H1 2 H1 2, 1 1 1 1 1 1 1 1 1 1, 0 0 0 0 0 0 0 0 0 0 0
71, C4 0 C1 1 C1 1 O2 1 O1 2, 1 1 1 1, 0 0 0 0 0
72, C3 0 N1 1, 1, 0 0
73, C4 0 H1 1 H1 1 C4 1 H1 2 H1 2 O2 2 H1 3 C4 1 H1 2 C4 2 H1 3 H1 3 H1 3 C4 2 H1 3 H1 3 H1 3, 1 1 1 1 1 1 1 1 1 1 1 1 1 1 1 1 1, 0 0 0 0 0 0 0 0 0 0 0 0 0 0 0 0 0 0
74, C4 0 H1 1 H1 1 C4 1 H1 2 H1 2 O2 2 H1 3 C4 1 H1 2 H1 2 C4 2 H1 3 H1 3 H1 3, 1 1 1 1 1 1 1 1 1 1 1 1 1 1, 0 0 0 0 0 0 0 0 0 0 0 0 0 0 0
75, O2 0 C4 1 H1 2 H1 2 C4 2 H1 3 H1 3 H1 3 C4 1 H1 2 H1 2 C4 2 H1 3 H1 3 H1 3, 1 1 1 1 1 1 1 1 1 1 1 1 1 1, 0 0 0 0 0 0 0 0 0 0 0 0 0 0 0
76, C4 0 C2 1 C1 2, 1 1, 0 0 0
77, C4 0 C4 1 C1 2 C2 2, 1 1 2, 0 0 0 0
78, C4 0 O2 1 C4 1 H1 2 O2 2 H1 3 C4 2 H1 3 H1 3 H1 3, 2 1 1 1 1 1 1 1 1, 0 0 0 0 0 0 0 0 0 0
79, N3 0 C3 1 C2 2, 1 2, 0 0 0
80, C4 0 C4 1 H1 2 H1 2 H1 2 C4 1 H1 2 H1 2 H1 2, 1 1 1 1 1 1 1 1, 0 0 0 0 0 0 0 0 0
81, C4 0 O2 1 O2 1 C4 2 H1 3 H1 3 H1 3, 2 1 1 1 1 1, 0 0 0 0 0 0 0
82, C4 0 N3 1, 3, 0 0
83, C4 0 O2 1 H1 2 C4 1 H1 2 H1 2 H1 2 C4 1 H1 2 H1 2 H1 2 C4 1 H1 2 H1 2 H1 2, 1 1 1 1 1 1 1 1 1 1 1 1 1 1, 0 0 0 0 0 0 0 0 0 0 0 0 0 0 0
84, C4 0 O2 1 H1 2, 1 1, 0 0 0
85, C4 0 H1 1 C4 1 H1 2 O2 2 C4 1 H1 2 C4 2 H1 3 H1 3 H1 3, 1 1 1 2 2 1 1 1 1 1, 0 0 0 0 0 0 0 0 0 0 0
86, N3 0 C2 1 C1 2, 1 1, 0 0 0
87, C4 0 H1 1 H1 1 C4 1 H1 2 H1 2 C4 2 H1 3 H1 3 H1 3 C4 1 H1 2 C4 2 H1 3 H1 3 H1 3 C4 2 H1 3 H1 3 H1 3, 1 1 1 1 1 1 1 1 1 1 1 1 1 1 1 1 1 1 1, 0 0 0 0 0 0 0 0 0 0 0 0 0 0 0 0 0 0 0 0
88, C4 0 H1 1 H1 1 C4 1 H1 2 H1 2 O2 2 H1 3 C4 1 H1 2 O2 2 H1 3 C4 2 H1 3 H1 3 H1 3, 1 1 1 1 1 1 1 1 1 1 1 1 1 1 1, 0 0 0 0 0 0 0 0 0 0 0 0 0 0 0 0
89, O2 0 C4 1 O2 2 C4 2 H1 3 H1 3 H1 3 C4 1 C4 2 H1 3 H1 3 H1 3 C4 2 H1 3 H1 3 H1 3 C4 2 H1 3 H1 3 H1 3, 1 2 1 1 1 1 1 1 1 1 1 1 1 1 1 1 1 1 1, 0 0 0 0 0 0 0 0 0 0 0 0 0 0 0 0 0 0 0 0
90, C4 0 H1 1 H1 1 O2 1 C4 2 H1 3 H1 3 H1 3 C4 1 H1 2 O2 2 H1 3 C4 2 H1 3 H1 3 H1 3, 1 1 1 1 1 1 1 1 1 1 1 1 1 1 1, 0 0 0 0 0 0 0 0 0 0 0 0 0 0 0 0
91, O2 0 C4 1 H1 2 C4 2 H1 3 H1 3 H1 3 C4 2 H1 3 H1 3 H1 3 C4 1 O2 2 C4 2 H1 3 H1 3 H1 3, 1 1 1 1 1 1 1 1 1 1 1 2 1 1 1 1, 0 0 0 0 0 0 0 0 0 0 0 0 0 0 0 0 0
92, C4 0 H1 1 H1 1 N3 1 C4 2 H1 3 H1 3 H1 3 C4 2 H1 3 H1 3 H1 3 C4 1 H1 2 H1 2 O2 2 H1 3, 1 1 1 1 1 1 1 1 1 1 1 1 1 1 1 1, 0 0 0 0 0 0 0 0 0 0 0 0 0 0 0 0 0
93, O2 0 C4 1 H1 2 C4 2 H1 3 H1 3 C4 1 O2 2 C4 2 H1 3 H1 3 H1 3, 1 1 2 1 1 1 2 1 1 1 1, 0 0 0 0 0 0 0 0 0 0 0 0
94, C4 0 H1 1 H1 1 C4 1 C4 2 H1 3 H1 3 H1 3 C4 2 H1 3 H1 3 H1 3 C4 2 H1 3 H1 3 H1 3 C4 1 C4 2 H1 3 H1 3 C4 2 H1 3 H1 3 H1 3, 1 1 1 1 1 1 1 1 1 1 1 1 1 1 1 1 2 1 1 1 1 1 1, 0 0 0 0 0 0 0 0 0 0 0 0 0 0 0 0 0 0 0 0 0 0 0 0
95, C4 0 H1 1 H1 1 C4 1 O2 2 C4 2 H1 3 H1 3 H1 3 C4 1 O2 2 C4 2 H1 3 H1 3 H1 3, 1 1 1 2 1 1 1 1 1 2 1 1 1 1, 0 0 0 0 0 0 0 0 0 0 0 0 0 0 0
96, C4 0 H1 1 H1 1 C4 1 H1 2 C4 2 H1 3 H1 3 H1 3 C4 2 H1 3 H1 3 H1 3 C4 1 O2 2 O2 2 H1 3, 1 1 1 1 1 1 1 1 1 1 1 1 1 2 1 1, 0 0 0 0 0 0 0 0 0 0 0 0 0 0 0 0 0
97, O2 0 C4 1 O2 2 C4 2 H1 3 H1 3 H1 3 C4 1 O2 2 C4 2 H1 3 H1 3 H1 3, 1 2 1 1 1 1 1 2 1 1 1 1, 0 0 0 0 0 0 0 0 0 0 0 0 0
98, C4 0 H1 1 O2 1 H1 2 C4 1 H1 2 H1 2 O2 2 H1 3 C4 1 H1 2 H1 2 C4 2 H1 3 H1 3 H1 3, 1 1 1 1 1 1 1 1 1 1 1 1 1 1 1, 0 0 0 0 0 0 0 0 0 0 0 0 0 0 0 0
99, C4 0 H1 1 C4 1 H1 2 H1 2 C4 2 H1 3 H1 3 H1 3, 1 1 1 1 1 1 1 1, 0 0 0 0 0 0 0 0 0
100, C4 0 C4 1 H1 2 H1 2 C4 1 H1 2 C4 2 H1 3 H1 3, 2 1 1 1 1 2 1 1, 0 0 0 0 0 0 0 0 0
101, C4 0 C4 1 C1 2 O2 2, 1 1 2, 0 0 0 0
102, C4 0 H1 1 C4 1 O2 2 C4 2 H1 3 H1 3 H1 3 C4 1 C4 2 H1 3 H1 3 H1 3 C4 2 H1 3 H1 3 H1 3, 1 1 2 1 1 1 1 2 1 1 1 1 1 1 1 1, 0 0 0 0 0 0 0 0 0 0 0 0 0 0 0 0 0
103, O2 0 C4 1 C1 2 O2 2, 1 1 2, 0 0 0 0
104, C4 0 N3 1 C1 2 C1 2, 1 1 1, 0 0 0 0
105, C4 0 H1 1 O2 1 H1 2, 1 1 1, 0 0 0 0
106, C4 0 C4 1 H1 2 H1 2 H1 2 C4 1 H1 2 C4 2 H1 3 H1 3, 1 1 1 1 1 1 2 1 1, 0 0 0 0 0 0 0 0 0 0
107, N3 0 C2 1 C1 2 C2 1 C1 2, 1 1 1 1, 0 0 0 0 0
108, C4 0 H1 1 H1 1 C4 1 H1 2 O2 2 C4 1 H1 2 C4 2 H1 3 H1 3 H1 3 C4 2 H1 3 H1 3 H1 3, 1 1 1 1 2 1 1 1 1 1 1 1 1 1 1, 0 0 0 0 0 0 0 0 0 0 0 0 0 0 0 0
109, C4 0 O2 1 O2 1 C4 2 H1 3 H1 3 H1 3 C4 1 H1 2 C4 2 H1 3 H1 3, 2 1 1 1 1 1 1 1 2 1 1, 0 0 0 0 0 0 0 0 0 0 0 0
110, N3 0 C4 1 H1 2 H1 2 C4 2 H1 3 H1 3 H1 3 C4 1 H1 2 H1 2 C4 2 H1 3 H1 3 H1 3 C4 1 H1 2 H1 2 C4 2 H1 3 H1 3 H1 3, 1 1 1 1 1 1 1 1 1 1 1 1 1 1 1 1 1 1 1 1 1, 0 0 0 0 0 0 0 0 0 0 0 0 0 0 0 0 0 0 0 0 0 0
111, C4 0 H1 1 C4 1 H1 2 H1 2 H1 2 C4 1 H1 2 O2 2, 1 1 1 1 1 1 1 2, 0 0 0 0 0 0 0 0 0
112, C4 0 C4 1 H1 2 H1 2 H1 2 C4 1 H1 2 H1 2 H1 2 C4 1 H1 2 H1 2 H1 2 C4 1 H1 2 H1 2 H1 2, 1 1 1 1 1 1 1 1 1 1 1 1 1 1 1 1, 0 0 0 0 0 0 0 0 0 0 0 0 0 0 0 0 0
113, C4 0 C4 1 N3 2, 1 3, 0 0 0
114, C4 0 N2 1 C1 2, 1 1, 0 0 0
115, C4 0 H1 1 H1 1 C4 1 H1 2 H1 2 C4 2 H1 3 H1 3 H1 3 C4 1 O2 2 O2 2 H1 3, 1 1 1 1 1 1 1 1 1 1 2 1 1, 0 0 0 0 0 0 0 0 0 0 0 0 0 0
116, C4 0 H1 1 H1 1 C4 1 H1 2 O2 2 H1 3 C4 2 H1 3 H1 3 H1 3 C4 1 O2 2 H1 3 C4 2 H1 3 H1 3 H1 3 C4 2 H1 3 H1 3 H1 3, 1 1 1 1 1 1 1 1 1 1 1 1 1 1 1 1 1 1 1 1 1, 0 0 0 0 0 0 0 0 0 0 0 0 0 0 0 0 0 0 0 0 0 0
117, N3 0 C4 1 H1 2 H1 2 H1 2 C4 1 H1 2 H1 2 H1 2, 1 1 1 1 1 1 1 1, 0 0 0 0 0 0 0 0 0
118, C4 0 N2 1 N1 2, 1 1, 0 0 0
119, C4 0 H1 1 H1 1 C4 1 H1 2 H1 2 C4 2 H1 3 H1 3 H1 3 C4 1 O2 2 C4 2 H1 3 H1 3 H1 3, 1 1 1 1 1 1 1 1 1 1 2 1 1 1 1, 0 0 0 0 0 0 0 0 0 0 0 0 0 0 0 0
120, C4 0 H1 1 C4 1 H1 2 H1 2 H1 2 C4 1 H1 2 H1 2 H1 2 C4 1 H1 2 H1 2 H1 2, 1 1 1 1 1 1 1 1 1 1 1 1 1, 0 0 0 0 0 0 0 0 0 0 0 0 0 0
121, C4 0 H1 1 H1 1 C4 1 H1 2 H1 2 N3 2 H1 3 H1 3 C4 1 H1 2 H1 2 C4 2 H1 3 H1 3 H1 3, 1 1 1 1 1 1 1 1 1 1 1 1 1 1 1, 0 0 0 0 0 0 0 0 0 0 0 0 0 0 0 0
122, C4 0 O2 1 H1 2 C4 1 H1 2 H1 2 H1 2 C4 1 H1 2 C4 2 H1 3 H1 3, 1 1 1 1 1 1 1 1 2 1 1, 0 0 0 0 0 0 0 0 0 0 0 0
123, O2 0 C4 1 H1 2 C4 2 H1 3 H1 3 H1 3 C4 2 H1 3 H1 3 H1 3, 1 1 1 1 1 1 1 1 1 1, 0 0 0 0 0 0 0 0 0 0 0
124, N3 0 H1 1 C4 1 H1 2 H1 2 C4 2 H1 3 H1 3 H1 3 C4 1 H1 2 H1 2 C4 2 H1 3 H1 3 H1 3, 1 1 1 1 1 1 1 1 1 1 1 1 1 1 1, 0 0 0 0 0 0 0 0 0 0 0 0 0 0 0 0
125, C4 0 C4 1 H1 2 H1 2 C4 1 H1 2 H1 2 H1 2 C4 1 H1 2 H1 2 H1 2, 2 1 1 1 1 1 1 1 1 1 1, 0 0 0 0 0 0 0 0 0 0 0 0
126, O2 0 C4 1 H1 2 C4 2 H1 3 H1 3 H1 3 C4 2 H1 3 H1 3 H1 3 C4 1 H1 2 C4 2 H1 3 H1 3 H1 3 C4 2 H1 3 H1 3 H1 3, 1 1 1 1 1 1 1 1 1 1 1 1 1 1 1 1 1 1 1 1, 0 0 0 0 0 0 0 0 0 0 0 0 0 0 0 0 0 0 0 0 0
127, C4 0 H1 1 H1 1 C4 1 O2 2 H1 3 C4 2 H1 3 H1 3 H1 3 C4 2 H1 3 H1 3 H1 3 C4 1 O2 2 C4 2 H1 3 H1 3 H1 3, 1 1 1 1 1 1 1 1 1 1 1 1 1 1 2 1 1 1 1, 0 0 0 0 0 0 0 0 0 0 0 0 0 0 0 0 0 0 0 0
128, C4 0 H1 1 H1 1 N3 1 H1 2 H1 2, 1 1 1 1 1, 0 0 0 0 0 0
129, C4 0 H1 1 O2 1 C4 2 H1 3 H1 3 H1 3 O2 1 C4 2 H1 3 H1 3 H1 3 O2 1 C4 2 H1 3 H1 3 H1 3, 1 1 1 1 1 1 1 1 1 1 1 1 1 1 1 1, 0 0 0 0 0 0 0 0 0 0 0 0 0 0 0 0 0
130, O2 0 N3 1 O2 2, 1 2, 0 0 0
131, N3 0 H1 1 C4 1 H1 2 C4 2 H1 3 H1 3 H1 3 C4 2 H1 3 H1 3 H1 3 C4 1 H1 2 C4 2 H1 3 H1 3 H1 3 C4 2 H1 3 H1 3 H1 3, 1 1 1 1 1 1 1 1 1 1 1 1 1 1 1 1 1 1 1 1 1, 0 0 0 0 0 0 0 0 0 0 0 0 0 0 0 0 0 0 0 0 0 0
132, C4 0 H1 1 H1 1 C4 1 H1 2 H1 2 C4 2 H1 3 H1 3 H1 3 C4 1 H1 2 H1 2 C4 2 H1 3 H1 3 H1 3, 1 1 1 1 1 1 1 1 1 1 1 1 1 1 1 1, 0 0 0 0 0 0 0 0 0 0 0 0 0 0 0 0 0
133, C4 0 O2 1 C4 2 H1 3 H1 3 H1 3 C4 1 H1 2 H1 2 H1 2 C4 1 H1 2 H1 2 H1 2, 1 1 1 1 1 1 1 1 1 1 1 1 1, 0 0 0 0 0 0 0 0 0 0 0 0 0 0
134, C4 0 C4 1 O1 2 O2 2, 1 1 2, 0 0 0 0
135, C4 0 H1 1 H1 1 C4 1 H1 2 O2 2 H1 3 C4 2 H1 3 H1 3 H1 3 C4 1 H1 2 C4 2 H1 3 H1 3 H1 3 C4 2 H1 3 H1 3 H1 3, 1 1 1 1 1 1 1 1 1 1 1 1 1 1 1 1 1 1 1 1, 0 0 0 0 0 0 0 0 0 0 0 0 0 0 0 0 0 0 0 0 0
136, C4 0 O2 1 O2 1 C4 2 H1 3 H1 3 H1 3 C4 1 C4 2 H1 3 H1 3 C4 2 H1 3 H1 3 H1 3, 2 1 1 1 1 1 1 2 1 1 1 1 1 1, 0 0 0 0 0 0 0 0 0 0 0 0 0 0 0
137, N3 0 C4 1 H1 2 H1 2 C4 2 H1 3 H1 3 H1 3 C4 1 H1 2 H1 2 C4 2 H1 3 H1 3 H1 3, 1 1 1 1 1 1 1 1 1 1 1 1 1 1, 0 0 0 0 0 0 0 0 0 0 0 0 0 0 0
138, O2 0 C4 1 H1 2 H1 2 C4 2 H1 3 H1 3 H1 3 C4 1 O2 2 C4 2 H1 3 H1 3 H1 3, 1 1 1 1 1 1 1 1 2 1 1 1 1, 0 0 0 0 0 0 0 0 0 0 0 0 0 0
139, C4 0 H1 1 H1 1 C4 1 H1 2 H1 2 C4 2 H1 3 H1 3 H1 3 C4 1 H1 2 C4 2 H1 3 H1 3, 1 1 1 1 1 1 1 1 1 1 1 2 1 1, 0 0 0 0 0 0 0 0 0 0 0 0 0 0 0
140, C4 0 H1 1 H1 1 C4 1 H1 2 C4 2 H1 3 H1 3 H1 3 C4 2 H1 3 H1 3 H1 3 C4 1 O2 2 C4 2 H1 3 H1 3 H1 3, 1 1 1 1 1 1 1 1 1 1 1 1 1 2 1 1 1 1, 0 0 0 0 0 0 0 0 0 0 0 0 0 0 0 0 0 0 0
141, C4 0 C2 1 C1 2 O2 1, 1 1 2, 0 0 0 0
142, C4 0 O2 1 N3 1 C4 2 H1 3 H1 3 H1 3 C4 2 H1 3 H1 3 H1 3 N3 1 C4 2 H1 3 H1 3 H1 3 C4 2 H1 3 H1 3 H1 3, 2 1 1 1 1 1 1 1 1 1 1 1 1 1 1 1 1 1 1, 0 0 0 0 0 0 0 0 0 0 0 0 0 0 0 0 0 0 0 0
143, C4 0 O2 1 C4 1 C1 2 C2 2, 2 1 1 2, 0 0 0 0 0
144, C3 0 C4 1 C1 2 O2 2, 1 1 2, 0 0 0 0
