# data file : sample_instance/take-BP_desc_norm.csv
# value file: sample_instance/Bp_values.txt
# R^2 train:            0.9753741317390501
# R^2 test:             0.8739610708091533
# comp time:            0.7787489891052246
# nonzeros:             136
# split_seed in KFold:  6
# fold:                 4
240
278.89303637897467 0.0 0.0 62.74183245633328 0.0 0.0 0.0 0.0 20.917454535262127 0.0 0.0 0.0 6.159517237959069 0.0 -0.0 12.916541596199586 112.47771224223852 23.940872841293256 17.296231678116502 -10.369994807038204 -37.098449350432006 -55.31793137403759 -0.0 0.0 65.65818078830993 39.63618009506168 59.30049282747879 109.66722434469175 0.0 -0.0 -26.32076711997979 21.41796648394925 34.98950691752996 2.8046478119114173 -0.0 -0.0 -37.836439342251566 0.0 0.0 -0.0 43.41601340217394 36.692778880416505 10.153215512967463 -14.62512380918154 5.888907772612243 -57.979570508618586 -10.154858720386056 -0.0 11.730284528966523 0.0 124.12574299348769 0.0 22.776051033659 -0.0 -0.0 -12.117897047122105 27.41050091064352 5.435107690325636 27.74821783757419 0.0 0.0 7.112740726477767 55.85518296267363 0.0 1.7081860893879333 -152.46368093236353 -4.306722839666301 -0.0 0.0 -0.0 -0.0 0.0 -0.0 0.0 24.945338977142054 -0.0 -6.854162826228664 -7.622118183131159 -30.698231057030068 20.770513015996144 0.0 5.420744395283718 -0.0 0.0 4.730263526476884 -5.489059122016191 8.653445032302862 0.0 15.500720616506594 -290.3075410036935 30.875456982576424 -0.9416652595722383 -1.243891040072199 -36.11945071190997 2.7688543131616425 29.81843293424385 19.96838587283867 6.185544208342285 -29.403263338266566 23.030660836141937 -1.5048567191602713 -0.6161140096923813 -25.644269022885307 -70.86913458561054 112.34494048256389 0.0 0.0 -7.621044953069871 9.453214883504314 -0.0 -0.0 7.136416187504231 -38.692162579566784 6.767576505871685 -0.0 154.90601053660174 62.13750454099311 4.903090219041429 -0.0 16.892633349879404 42.7300584304528 -0.0 0.11142862362642635 -59.67103204614322 -0.0 1.7775470792602466 -19.344176172462898 0.0 0.0 -0.0 7.639883449044124 0.0 -10.233465058530138 19.858360208835276 0.9438243727749122 99.79279719985443 -38.75412642611262 22.611354044489214 0.0 1.0817266278529534 -57.65411266497197 0.0 0.0 8.210148010955171 0.0 -9.101676408860243 -2.08790461969405 10.665314799229122 -28.437728084423405 -0.0 1.5713235900151006 -0.0 -0.13035869084932236 0.0 -67.73806265289923 13.196036084482278 0.0 -0.0 0.0 -6.9637329229807445 0.0 -4.04828575026246 -16.390831943621897 -1.2222747027767464 0.0 5.055085032196989 0.0 8.528825935664166 12.15720587345086 25.40350142391061 0.0 0.0 23.468626181145844 -58.799256889337435 0.0 -0.0 0.0 0.0 0.0 -3.627749669195732 0.0 -0.0 -33.082675455980876 -0.0 -0.0 9.552663485124503 -0.0 45.314988334373005 3.547610248380248 9.009961379561885 -42.950103022034675 -2.626565321202791 -18.926808878890498 10.820591679697094 -0.0 -26.136870698135958 0.0 -0.0 -5.877794386518405 0.0 -44.804297325132715 3.2646880158004654 0.0 0.0 12.452477413416467 0.0 3.603002089332232 -9.649827755896219 0.0 -6.212278840964394 12.45635125627562 9.958095593301307 0.0 -27.728918745115244 17.761909265032813 -0.0 -0.0 -0.0 -0.0 0.0579956644353916 -0.0 -0.38595128100985854 -0.0 -0.0 -31.093914281920274 0.0 -0.0 0.0 0.0 1.0723643631189144 -0.0 0.0 0.0 0.0 0.0 0.0 23.45194020919835 164.18696816911387 61.508636280423666 -0.0
34.10884942722748
