0.01849749651868444
0.051675295590053245
0.10845267397675191
-0.0948206854940895
0.1447134367425377
-0.10006575493210784
-0.04455001851285532
0.10164819223192044
-0.05832509689615518
0.0512711977972767
0.16202304998729816
-0.016996394593058916
-0.0799079478758972
-0.0969463468523462
0.06531168224499048
0.13780782478064646
0.11973751158939971
-0.03721016356095522
-0.12432532355442999
-0.10492279030435242
0.09422778960924022
-0.09015342753951672
0.06680229268453218
-0.04559698423634756
0.06867672115377288
-0.12963511612443743
0.07768954812259092
-0.04376154486503345
0.0861779517517645
-0.07988077540565913
0.08709416760732913
-0.057519738050295664
-0.0626395032622311
0.06513758007218809
0.09039859242700456
-0.12757037279227
0.08280918631998478
-0.1367201775245819
0.03497433340295488
0.07011283994543642
0.13433165969149358
0.04859562392791325
-0.000905914720902957
-0.06449572037164497
-0.09357017368406291
0.09137102119541021
-0.04258126498591487
0.005230916875483971
0.019462986411898083
0.03090635542534033
0.10181657100776584
0.10647711132839963
-0.13243239020609066
0.06924678189691005
0.12507574218412132
-0.1321412146823783
0.14789709634071704
-0.11548631282881087
0.13286907015073893
-0.06704220986417796
-0.0975078220064562
0.1248429166368354
0.0902408576877416
-0.0916140290531049
-0.04915408795935762
0.06344401366397547
-0.10596856851359585
-0.04810351648735917
-0.13842002213789067
0.01239521788602597
0.11191610296708866
-0.07717405993540728
-0.1734632702658779
-0.014929286824211612
-0.059272361005654195
0.14979786108489931
0.11575087442055507
0.08890895590320888
0.054124718893051926
-0.05647128115651333
0.037170292283243686
0.014753056364150002
-0.05156265356159788
0.09632780884483928
0.010974657107680457
-0.058460322432072
-0.06263624849088816
0.025173382706983584
0.06770836552878341
0.10422344199265203
0.11757904829114797
-0.10310919864078288
0.007870618466767195
0.07965583795026246
0.010675883136176475
-0.061919605189758774
0.03577832305883758
0.10867044048655598
-0.11136872896363048
0.09453012861724418
0.01494146267782754
-0.07231390371564245
-0.09932472975974146
0.0586105470011897
0.15192641523241712
-0.09548777420073244
0.01825072851112828
0.12248466721101534
-0.10106601053967498
-0.03408220376206354
0.0017243020148949848
-0.02449337966129194
0.07308618565608081
0.14770660171855204
0.009476596415466223
-0.09018965511127786
0.016614275826928458
0.08441263257392448
-0.1325742112527899
0.16274032403215072
0.1321460033140597
-0.0807227504309272
0.11729144014833562
0.1529803168029012
-0.025570182822477472
0.01770571813906011
-0.03919295758739658
-0.14616920352455773
0.08723912205883833
-0.1091332881805953
0.045681436337710525
0.08150830323753311
-0.06422976357845744
0.04714176451786885
0.006417159077552333
-0.11001010258875644
0.0961583126859633
0.1393173612231398
0.04349974150702509
0.08775480450034187
-0.013963690846643345
-0.09237532063434772
0.022202510588945415
-0.09640003839715985
-0.0833879822734967
0.12325049156921562
0.10684948921786659
0.02069248380195476
0.07237870226243702
-0.051999350917623616
0.028214455343714806
-0.1225540702915345
-0.020852853914825137
0.03680851300134264
-0.100122782516119
-0.042666361349650045
0.08829053711075013
0.1359891465957435
-0.10260358515348157
-0.022089091771033683
0.06865829549224362
0.061609790446872544
0.14806329426101186
-0.04712443001199571
-0.10381651886835165
-0.08437477648335663
0.05557469013929966
-0.1342073157942596
-0.030367108970119273
-0.06524339065494167
-0.08922000273415796
0.12172389018224836
0.006230940306343554
-0.1655512768431212
0.14857372201126837
0.05907309178438693
0.09773903626306252
0.132087628858432
-0.13855641601980853
0.07777859656277378
0.0791848796056934
0.09604873143596383
-0.019814994878466625
0.05392972727483074
-0.06813008948373392
0.1342396227570476
-0.03490114909787234
-0.006525478910028119
-0.049967199918291516
-0.034306217289699625
-0.08922083548420802
0.018644841587389875
-0.07773470897148779
-0.08453576710188185
-0.11965800106549664
0.039503916106626485
-0.10129264873179343
-0.008932939047345212
0.11282444113996709
-0.09609451926121677
0.1503304541471113
-0.11139298079023097
0.1555500921968181
-0.038700493417484834
0.10344877905113857
0.09810761200528184
-0.1421150031769843
0.028246570434643112
-0.05936904820189324
0.06930408123254474
0.0581028699524276
-0.03889354926464072
0.08754477412848101
-0.08594508991383586
-0.0871481588092724
-0.14740610466039408
-0.07522009295318037
0.07424983488207373
0.005191110015606436
-0.07408809077065681
-0.0915804800176553
0.15377981515260353
-0.05697682592782886
-0.018880546880647775
-0.12482135766076453
0.14054133694210136
-0.05332166701171428
0.12653195553616625
-0.06265756172763672
0.14524784162704701
0.0014681587716271676
-0.1388862126755561
0.10032142509356462
0.11390241510109869
0.055221672301954995
0.1297106989922749
-0.13772367673606123
0.0189348027946809
-0.06901261690780869
-0.09908164087078371
0.06557101660862727
-0.005281789272909858
0.01687108866960094
-0.11681855823405123
-0.15471097588013644
0.09768969134042764
-0.07925506547825642
-0.07416031254651873
-0.0685286588887785
-0.13090782682472393
-0.07716021443061999
-0.042995398394186306
0.12495628086073263
0.05093455510603013
-0.01733149407504525
-0.1122945642330839
0.13799136296708003
0.1037949894756452
0.03455363987240103
-0.010070340187122847
0.03785375418988844
0.04147648161852489
0.13444913051855253
0.054182131385858104
-0.100486351534442
-0.06148890613997347
-0.13767538865054932
-0.14351757392386955
0.04240850988468919
0.15536516793375674
0.04253857574258361
0.08837931993250894
0.16305725088314096
-0.1151855440219436
-0.06333219169198033
-0.08636455193197533
0.09819479359462317
-0.15027139875137116
0.014606390650868106
0.01938586009600596
-0.03942397638935102
-0.03495088690408191
-0.15243228101873132
-0.09793628817050247
0.004605417220456243
-0.07118089875014406
-0.05719593206164454
-0.01821024566146869
0.12219153499721376
-0.07281275724194344
0.11496439392850266
0.05228162409466451
0.10755878384222994
-0.05916329965549956
-0.16803323796940997
0.013560283915399853
0.13622751308335992
-0.027106251549008333
-0.10899282711496697
0.04736488001601371
0.05798936661262764
0.031404326833201684
0.004149393120377874
0.0350436068015592
-0.0510168820747436
0.09628004048927266
0.1406343197222058
0.03505091380741328
0.03666977297427379
0.14340905050748753
-0.12258588030537529
0.08558396256552965
-0.14553130578383705
-0.022969526329322112
-0.08870804531536891
0.024696671586370664
-0.17643841742193878
0.027111116976455248
0.08594086193958199
0.03992321553063924
-0.037338878221808515
-0.028869190319707562
0.1355861953825574
-0.0631175649741201
-0.14534336633473935
-0.077247137743907
-0.16048462589838833
0.15751555083084623
0.024224245504407906
0.1493693802104639
0.13604169271511632
0.006454757950090318
-0.12053311158689016
0.11447309618128135
0.11513383613482153
-0.01832655038554915
-0.08908043918420701
-0.1277462527484248
0.01550779692528142
-0.1502136669716806
-0.040508697085959985
-0.12811761087173784
0.11295566098383174
-0.12405218030218004
0.1394476963661486
0.09287592576927457
0.13075337131429163
0.03484645205407299
-0.020796921558884643
0.057018294241901704
0.11137092094192354
0.026976897554307967
-0.09740498981064984
-0.023980781811460655
0.046372102296112466
0.02945700875031657
-0.022055463230435716
-0.0010173039446707732
-0.0987756063839443
-0.10169569241126229
-0.12470917357405248
-0.04266810192379282
-0.14346718958586108
-0.12323590569429689
-0.04961619070370995
0.04652104272864969
-0.006661424259032216
-0.008985248935941069
-0.1051855684232522
0.14571979181899566
0.04093516830190204
0.08970500239054154
-0.028570163309165793
0.011950820163927173
-0.07162247643912358
0.0370394905139848
0.038442866590140005
-0.1342028512528482
0.04848745896685304
-0.009167329431405266
-0.12946737310902962
-0.13457090312828296
0.07601987640974815
0.0744540415619317
-0.10835446506590767
0.11591193314627148
0.10563882554827242
0.037539669775326114
-0.026277951641769194
0.057120570652119215
-0.08482986311854551
0.061092242448697855
-0.01922846594388149
-0.04082406253934179
-0.04557830715061966
-0.10427884448612582
-0.018535221697376807
0.15035033993706567
-0.15689111155972477
-0.0016338982670253874
-0.0937619172172728
0.045373434330837334
0.04400142090006152
-0.06782225748230786
0.023752235303366363
0.04955122621631024
-0.062328360541306915
-0.08587350224832249
-0.0021598580588497924
-0.04163685792429072
-0.03721146108797426
0.027310428357249006
-0.130915572522913
-0.019894361052911206
-0.03470553233762227
0.057574500276866884
-0.05563196763723351
0.0749978369826242
0.09001562677912904
-0.07877230937357195
-0.09441593872028327
0.05788978884383057
-0.08224892813612733
0.08930849306911187
-0.004519871387269757
-0.11048624710005811
0.06407026746239854
0.14781750872171215
-0.13122728047263268
0.08560173487511925
-0.03536633656564209
0.10347540785027626
-0.08370868961506006
-0.1188699863740256
0.009303680203390055
-0.13112912045409586
0.037158643498732824
0.11331729903455968
-0.05367501551967642
-0.13719370743715895
0.0014370838278344059
-0.002485433562924892
-0.040169203226005507
0.14389823130597645
0.06401802587363428
0.08294887912436257
0.11865550872093597
0.03245977663707661
0.036562355104022476
-0.07314936714174518
0.13364175761555339
0.08839698557783204
0.034462222964287435
-0.04678660015873432
-0.057123999953009236
-0.06394503086059636
0.11392055880606042
0.07988149613993478
-0.09384152188816512
0.07336662448649026
0.10796553456360815
-0.005376106083285259
-0.1596158243756787
-0.0735828767559495
-0.01538625705610867
0.15712373033275323
0.043783199935474096
0.06256315340848176
-0.17042623131968798
