0.04675191267368874
-0.14569349227344688
-0.07325466850789962
-0.0026999893202689328
-0.15586485312759346
-0.05251540662639423
0.029378566380582675
0.23237165919719405
0.1761718545541476
0.14117390818073222
0.05234228812920317
-0.003763765683127699
0.004144066994841348
-0.1267248657176258
-0.041091930108643614
0.17156042087885498
0.17608684817344114
0.07241796316792201
0.06409046288003854
-0.002645856076253457
0.1619220566792721
-0.1419687393265924
-0.058755314166047505
-0.12400442769143237
-0.01674415326751294
0.05681277534657467
-0.036014684384807545
-0.10169312336759076
-0.02078484818855473
-0.08597319424604809
0.08751992298962256
-0.0664088508078063
0.21537256437285593
-0.11122904254017296
0.1878991847160557
0.09700663450571818
0.14416814666210062
0.07494266572900585
0.03570609477346286
-0.12255405102292569
0.1172023359851186
-0.13092550934319644
0.05258034783417315
-0.11792938907097031
-0.03368149103060955
-0.07929697389943278
-0.1329103939149332
0.06947856401773937
0.04980568646564682
0.1977062606499062
-0.01385179637261116
0.05772898175144729
0.10655790419277493
-0.09468331580556176
-0.0510751945754367
0.08330490170937932
0.05644828939356915
0.143796691320215
-0.007914193356473172
-0.009252911908809919
0.26070047043361155
-0.12988164553312362
0.1924460357115553
0.1352912954464692
0.0008339949690329917
-0.034436471550120515
0.2148126745179659
-0.014410084309554481
0.019983551742368703
0.02695308265861687
0.13334153181841027
-0.0164008944474837
0.2510873494664938
0.15250137749922585
-0.13075588701754437
0.08315236232147054
0.14376791515474244
0.060647393353401205
-0.1336486360051705
0.20930510075899605
-0.0816003273721595
0.004521250241766916
0.0685141731377791
-0.08242836602791805
-0.0373503420490121
0.14500499414261545
0.1259597151254183
