0.06413875252927943
-0.16925608854116533
-0.08650280017739674
0.003748302791453725
-0.1542049299732336
-0.025947968107701648
0.034506591519522366
0.2218219350949797
0.17711368264562313
0.1324069336262165
0.05122346711821887
-0.016247199165040763
0.009804540955859548
-0.11349428307705536
-0.03399748744721224
0.16936340424821153
0.17720268050031573
0.07180486421319823
0.05783270579896338
0.0014996230271061908
0.16628415949442682
-0.13475956404201647
-0.06384828607380676
-0.11551679165936286
-0.015554809060112047
0.05695023501428437
-0.027152073564569335
-0.09685348279326461
-0.0046122952828018034
-0.08341099362654672
0.08429546092074963
-0.06551626595040617
0.21259311241569925
-0.07663755708320745
0.1869898536072774
0.07445648003677606
0.14168595496130493
0.06269903299350368
0.012561997343995324
-0.1004252096289264
0.11910065917086361
-0.11361818888836105
0.0496581546686289
-0.11334296476905935
-0.043323294573277715
-0.07182995114854959
-0.13606395685806486
0.06295013909918037
0.02614614199251944
0.2009596263157358
-0.028790598039138814
0.0568024824660348
0.11052683355972259
-0.08461408774960949
-0.05299752847885422
0.09024581591556048
0.05333197074603413
0.14686667510742282
0.004368896010374059
-0.007459151358270776
0.2602596561140749
-0.12533674149372043
0.19449488476083487
0.13273950097789464
-0.04016429274412077
-0.02430384898479198
0.21998788223847093
-0.007734945330293521
-0.01814902837607625
-0.008402645446334883
0.13965365717294229
-0.02055732600391986
0.2481872942651053
0.1611505560422906
-0.1355864310905018
0.08831253281125831
0.14715382658204934
0.05944054259152225
-0.13542064875647772
0.20693156959330136
-0.05402505497624839
0.019589139324665043
0.05946920928947893
-0.08753402605773991
-0.013912733030619214
0.14746549369452916
0.12944029041025693
