0.04561322209565729
-0.15568973487335955
-0.06675204492235305
0.00174634873429612
-0.15728682726931545
-0.1019099769496073
0.023558810151106013
0.22482006337704868
0.17206179559318638
0.12760367323775118
0.049152503075789354
-0.004035147883209909
0.0019049253699341105
-0.13422479564305584
-0.044870633110982834
0.17732165414683723
0.18101445855323134
0.06288209934307622
0.05881724899395998
-0.006589547682021206
0.16596677045288255
-0.13750622758106806
-0.06561000800007291
-0.12639921125552475
-0.025839418043321384
0.04842742961895469
-0.030012875985450004
-0.09911558982975803
-0.01644068734316047
-0.06566835702986581
0.07894385481039759
-0.04616789299012495
0.2193767999204932
-0.1254164756137579
0.18867721619103495
0.09092671336418377
0.1363122675725472
0.07027858444095465
0.007225717218153258
-0.10271346971406352
0.11761661092528113
-0.12770219492626217
0.049578789092395985
-0.11632728328742542
-0.04208830977565972
-0.07581549179750795
-0.1569260321550544
0.0667500829532077
0.06798521856438326
0.1938041245316529
-0.030800477261399627
0.058143635930886055
0.1126341740561552
-0.09418243109965264
-0.05232363587503117
0.08128936610984287
0.05413531728362693
0.14559610587204133
-0.021610783271131934
-0.003664326862373099
0.26277461047515943
-0.12580256585047803
0.19811296308490173
0.12713062816503082
-0.030796561159576706
0.0024447559508363544
0.22260063328458307
-0.02325534249738581
0.013832033540383344
0.06472084633482353
0.13948349866589282
-0.02118790628821576
0.25127072428024
0.15897956514748907
-0.1352731797761858
0.0671948165899855
0.14798784470436174
0.06264564827681664
-0.09220423189157793
0.21339746171140386
-0.07660183211935424
0.016014870871276538
0.06040021958938472
-0.0828949268772699
-0.019762683533455734
0.14478967393004383
0.13072036909819038
