0.045252588504689446
-0.15393906751715458
-0.08519407667080918
9.009327886566674e-07
-0.15462008532827587
-0.05598518888826794
0.017755499392668763
0.22281358975795723
0.17633121508620406
0.13460806477062015
0.050534996090617915
0.002193269561091264
-0.005983323064694501
-0.13112637121811582
-0.04172686682313809
0.16521457752466256
0.17732047985361168
0.0743574938828174
0.0636318662705036
-0.01872392895148288
0.1623185061971065
-0.1330372691779276
-0.05088885343346815
-0.11514430775068399
-0.018572641167412224
0.05784390300284631
-0.008066275688204397
-0.10770556863219706
-0.009147877097150078
-0.09410388758382109
0.08578254351103945
-0.056646834202679304
0.21139203122172995
-0.08436549440264526
0.17919168663703872
0.10988047344576146
0.14177120464309162
0.06266430258184438
0.015219286221980814
-0.09985665416954986
0.11534910634754952
-0.14569246442071201
0.04901760898083081
-0.09492294245832154
-0.02968600385311496
-0.06819488368889468
-0.12985990743089135
0.046359380804182296
0.0503888584380713
0.1941713885290218
-0.054486342296602146
0.05739059873740455
0.10797368608958884
-0.10662361623904881
-0.06009540338581037
0.0824415814532553
0.05659043726830887
0.143421161098166
-0.045983368593752225
-0.01359216542931396
0.26076245506053675
-0.1228430981260539
0.1916953288235678
0.1323682434611168
-0.02389628325072194
-0.010367160672725691
0.21708309390315414
-0.01630571809592393
-0.012685121173084528
-0.03243315316172005
0.13576325485689017
-0.027028778102348616
0.24963719735558765
0.16173977064364667
-0.12349974842855714
0.08047289417198068
0.1456411388809933
0.05808988316327252
-0.1374456460262147
0.20336073490207632
-0.06510898668887213
0.00947595941765883
0.05371136166358648
-0.0982065817114138
-0.024934592837675067
0.1446935588681169
0.1276170270970019
