0.06462292248296748
-0.16649302215944842
-0.1701576742438295
0.002251493440937242
-0.1567578466466555
-0.0987917762310124
0.02673042264567853
0.22721611761430263
0.17272808759523267
0.13335359037111336
0.05800993567325747
-0.003646682776624783
0.001549495198191716
-0.12374047308433499
-0.047364361209615714
0.17552222286570127
0.177813910782072
0.07043941920178745
0.0633386957068218
-0.023583612204194193
0.16565054519875216
-0.15209605701856804
-0.05730177123769779
-0.11501299991974537
-0.017520066268432253
0.0538543042971577
-0.019363122209542033
-0.10903153250353
-0.010745661633424712
-0.0856886128877528
0.07328269591846709
-0.07076420719885636
0.21521331290204831
-0.1406141901770257
0.18539563413553106
0.08514378889348664
0.14247105841597826
0.06260450038710509
0.019030983024493502
-0.09675691083902113
0.11641072632667314
-0.11320338182061102
0.052618834276045766
-0.10401384396311715
-0.0523420897092093
-0.07611671783707628
-0.1360774642344843
0.06478602328488291
0.019002391212544698
0.19865963118527144
-0.03030510888529592
0.05720402674353991
0.1145683584946113
-0.08848108377135727
-0.045339566128414124
0.09189113857311958
0.05736156728931051
0.14379238749727638
-0.01655809468433052
-0.016112179835509707
0.2632503803407152
-0.1263371100020033
0.19539447814368854
0.12809320879065061
-0.018809870184761716
-0.01093752251710967
0.21867450318477943
-0.02037124173757185
0.0042055543944697045
0.013727133545017105
0.13968019894928602
-0.03095520649716272
0.2494587563223133
0.16184592574762705
-0.1361785492684932
0.08414027620201782
0.14591891250112246
0.05952969975395601
-0.13916144640350164
0.20944713775430607
-0.06814043995484466
0.008123579518226254
0.052390368921130366
-0.07148809151163651
-0.022396199107649006
0.14504126279507654
0.12748142590874328
