0.04300623404268012
-0.13753679614797445
-0.17018130077537041
0.0003431997291746042
-0.1589605184608032
-0.04916590053416511
0.02330356197845774
0.2297614858420862
0.17380244386988297
0.1203623888346878
0.053705503051371936
0.0005303099235763361
-0.003640522939801332
-0.12008326075767133
-0.04321130691918867
0.17070230827507496
0.18117499889194755
0.07008764394929438
0.06940993391091843
-0.018281679112178623
0.16727291243996165
-0.1636911199360451
-0.0642606407775751
-0.13186304477526167
-0.020875157805595665
0.05559540401623165
-0.057843884867907085
-0.10438059913897457
0.0026555778360123463
-0.0889719923597554
0.0876871859387495
-0.05402215937419298
0.21785898910667603
-0.09500058279192786
0.1834882977926846
0.0862152379059444
0.13724327460346739
0.06632737467079573
0.020210185835309646
-0.13108030149025415
0.12055918613414643
-0.12196763787642015
0.053183716863775175
-0.13608853280354152
-0.0335563873709744
-0.06097691553214923
-0.13488897474632394
0.02684418721390385
0.039526267302107405
0.1970319688730866
-0.014065635618033022
0.05290184905670802
0.11216848590456828
-0.0748301545866003
-0.04993421664385247
0.08979130994536322
0.0528515143574621
0.1472773414446228
0.020588512787874134
-0.02539157231000463
0.2623595529013033
-0.11713503099872269
0.19860796467768224
0.13558093388260448
-0.03760606624293254
-0.018243346906971884
0.22124050092868316
-0.02057473482225003
0.041073482481052484
-0.04460652409165594
0.1406237949292833
-0.009097681805756515
0.2519988785649186
0.1646791897422222
-0.13003280850249682
0.07926639925175905
0.14823109298875595
0.05834625292121791
-0.13620395095482282
0.2101055236578945
-0.09423672426517556
0.019633908029553532
0.05755637957182164
-0.07699499457632339
-0.03332104650235095
0.15006584469698245
0.131412341172638
