0.06600036075278909
-0.13517284050712491
-0.09651395235161926
-0.007874058001096787
-0.15006129442101684
-0.07895178990601594
-0.007748541638002648
0.22863766946172864
0.16833727301419169
0.1239893852692467
0.04951914362561595
0.01542258844898315
-0.004425286222748643
-0.12952820261554382
-0.03368597757162856
0.168072164184629
0.1761907839702134
0.06352256433593241
0.06842056471205674
-0.045762220883859506
0.1650883739753113
-0.1392755525757962
-0.05059710283760178
-0.1136436255767166
-0.023602981783390948
0.05319207260150553
-0.028860155076535315
-0.10703576242068637
-0.030639282953296605
-0.08876534376907472
0.0783491522565891
-0.06709685365131472
0.21623273303640425
-0.13123798764235675
0.1830393633662976
0.10213012742096561
0.1350814419155927
0.07171876581076059
0.028093905499736893
-0.10848527016264131
0.11778186314901233
-0.13528845542872953
0.04218823535871774
-0.10938442333190802
-0.04599353802536519
-0.08592786498900212
-0.14064970282996167
0.06049353254772849
0.05031284807427661
0.20270692468208365
-0.022808540947856955
0.05923487270140422
0.11288634135720103
-0.06938912845856754
-0.044673306970314006
0.08097658099863797
0.055669849647469634
0.14602898200301218
-0.005267813471004256
-0.006487591550200588
0.2623320152665817
-0.1201863713066098
0.1938776162107881
0.12497456275838087
-0.030762638731538856
-0.01050947359871295
0.21623420876318716
0.0079115787932351
0.02439596334690682
0.06599934272593508
0.1380163390258979
-0.02649457743801346
0.2505400750165975
0.1622471151340942
-0.10892001941198984
0.09155764703804878
0.1433889604855214
0.057645659350225885
-0.11621496146390889
0.21092012130392487
-0.0718587266147663
-0.0015164776478107376
0.05701123017673105
-0.09696654767022449
-0.024449254288701955
0.14782954122807365
0.12636611789527222
