0.04607728263378477
-0.1612645528206566
-0.07462000403093239
-0.0010408900559147386
-0.1554193670265714
-0.033972510841749085
0.017993033498053736
0.2231763574118103
0.17583134483307544
0.12785919066321688
0.038555560027396914
-0.005169648756633362
0.015904603641987265
-0.12557136891739332
-0.038787081071955956
0.16743208679963778
0.17387079836037056
0.07168596607750422
0.062059380971806744
-0.03839754343525583
0.16046935644002072
-0.1340224912208279
-0.062382647467146356
-0.1183297106318544
-0.010610878163817561
0.05469680007992886
-0.04400329790741447
-0.09042472932413893
-0.03233892319580577
-0.07904505134320897
0.08234238236279415
-0.0653983637995109
0.21284429301298
-0.131140710370584
0.18917820522091824
0.0964106413967475
0.1431146381224578
0.07094970259029396
0.029894767782637922
-0.1056397698795857
0.11522540805143063
-0.14299080414662269
0.0523199663596324
-0.11349548598333246
-0.029175245413463197
-0.08961299327617453
-0.13751865342573202
0.05157210508972399
0.025270324835870828
0.1937436698139438
-0.011177081188556117
0.06273170617247392
0.11144555948633171
-0.12106390357402465
-0.04998827589363742
0.08401740480372678
0.05153193851120972
0.1418568375713616
-0.049593546175446576
-0.009491061806898841
0.26084324794484254
-0.11622804393880089
0.19356547204520114
0.1332001840260964
-0.03054180421020911
-0.019568347250087617
0.21609836600491103
-0.016361307637697754
0.012744720880600186
0.022257542437669302
0.13400213061562724
-0.029659992097613656
0.24997043724614704
0.15893748685124864
-0.13338607308229994
0.07900427282077262
0.14203882746839983
0.06320256720564037
-0.07499294496385153
0.21083417179691807
-0.07282491236794633
0.010235060297628027
0.05629983203239965
-0.08974654172123281
-0.019647804266362964
0.14400346352275534
0.12399161718133893
