0.049041572421113476
-0.14853333441545136
-0.08789607662522829
0.0014427942764012062
-0.15020481148537362
-0.10418829456337952
0.026584811501144116
0.2238027675118685
0.17350232480630784
0.1266262525450197
0.048479976575723
-0.0009148465367985943
-0.0005698050145596681
-0.12249074620947835
-0.05310203429161257
0.171216400165125
0.17667789771623799
0.06883823916342073
0.054926457394815484
-0.03289493292609154
0.16212816635220392
-0.14955423048115954
-0.06061454478686214
-0.1158869768510254
-0.011846740317026226
0.05829946393636518
-0.06648276187937542
-0.09779419991846947
-0.003927226987540924
-0.06397895451410061
0.08324715568333854
-0.07552418604852858
0.21241278075454587
-0.15282510777001768
0.19040405985545855
0.09000490107780564
0.15116076278933868
0.0655515373706255
0.022071359646330644
-0.11810485887366338
0.11668784614715673
-0.13610911866408762
0.04763071007058051
-0.09999465789111828
-0.0328271160865809
-0.09060646081760754
-0.12837315088018883
0.07521369695179068
0.04634410891415798
0.19896932888415317
-0.004401007018092686
0.0570394768711715
0.11730889009430819
-0.07364789356437754
-0.04622742656357589
0.08381413309138662
0.05684602770578467
0.14269377152800508
0.0004158943881409577
-0.004722697526365776
0.2627634877351951
-0.11171657073102932
0.19656869076394562
0.13424440560310705
-0.04004961674072572
-0.008498120006316015
0.21626248221308783
-0.012723278933156197
0.059279973038114595
0.06085835682523135
0.13953764910153274
-0.01969152870495273
0.24638355813007945
0.16026351594718433
-0.14149934641246992
0.07257280385984818
0.14496054400382832
0.05989911378465789
-0.08740479258844935
0.20986543469940266
-0.06796564149343533
0.016472612861119947
0.05935272418508739
-0.07487355050588798
-0.03226795974415712
0.1446681540335394
0.12729820553424
