0.04664045186962814
-0.1545407701497696
-0.16853576394908384
0.00304536965962114
-0.15658024065256335
-0.0425113155425314
0.01117360913849147
0.2236461175970937
0.17431369290269286
0.12800439512980083
0.054259917408755666
-0.0019462962251780623
-0.01591009332218833
-0.13088283388940514
-0.041979311188194084
0.16925082899268742
0.17540100819016433
0.06915673493682441
0.05833681074895726
-0.011588730434632582
0.1600829221550136
-0.1271851097413044
-0.0550307653820115
-0.11905034329801387
-0.01604335904321584
0.056716608594688835
-0.040510969599277954
-0.10054629038027306
-0.019813783094793196
-0.08839452950532252
0.08771196621018754
-0.0507699491800152
0.21145526505289267
-0.07005699317002058
0.18536660583835574
0.09053722298142389
0.13623488605759818
0.05721414794420311
0.02368200581258284
-0.09606893142475584
0.11574572187991625
-0.11654312584237399
0.04936689799621863
-0.10154303563432174
-0.022925387423530494
-0.0595380903021235
-0.12505378745831272
0.054330010149332704
0.03028422605550396
0.19820751687361468
-0.0220990236712708
0.05931544623626195
0.11413153628647008
-0.07689248638573572
-0.05499603847322792
0.07416723829543277
0.05621678716042073
0.14216809672243377
-0.028315645724452568
-0.01147146012388859
0.25955616342930365
-0.12726614199882022
0.1930685144069283
0.1383099824168977
-0.013044345669952601
-0.020505561915145347
0.2145446680045326
-0.011946003645779238
0.01367933612117789
0.021066403163017344
0.1343160761830359
-0.007352271581180493
0.24575773535694134
0.157766561593693
-0.12327730336225458
0.08437470363465564
0.14336181088022087
0.06393809030180587
-0.09178848591283367
0.20497938618628359
-0.10513265585031019
0.01673373134810159
0.06234956017124449
-0.0823475473943859
-0.027766892381252288
0.14340706950416385
0.12550675992894778
