0.06233739403616437
-0.12025005193474976
-0.0858425705649656
-0.005992086215872413
-0.14794827060728796
-0.1466418091043108
0.03424467995784226
0.22286623624130447
0.17113257194408654
0.12699294779287484
0.039803275642813406
-0.003812958495424588
-0.001885070182262671
-0.12149212202829807
-0.03888880432454699
0.17167782455342626
0.17764716644570558
0.06180035170719579
0.05085777286344794
-0.04620931048418826
0.16292390605579365
-0.12692375441746442
-0.05348689740444349
-0.12227757006827952
-0.009879267510936148
0.048966775924940836
-0.02025409298427987
-0.10006174021245479
-0.0183621720163901
-0.0819324587519511
0.08704535111053689
-0.06650158989902075
0.21387761592453303
-0.13494706278677085
0.18327091033409612
0.06126015217272644
0.14081496473330363
0.055469857209370206
0.023417894871862594
-0.10718419032597036
0.11647971103103673
-0.13367086939068143
0.04156510049122983
-0.09149751887931078
-0.029763680283757882
-0.07943785268568473
-0.13254356575432427
0.0612599524156245
0.029955965092091634
0.20168836643176866
-0.021877609332662834
0.05864078355102882
0.10610902565437794
-0.09695873050480591
-0.04869544686805615
0.08316256541931488
0.050170423489220975
0.1445571012934536
-0.004812107504055653
-0.013158713176677004
0.26027610938745555
-0.12111270521453636
0.19593638543675662
0.13695385800639365
-0.036499332899304224
-0.028867454908014765
0.21969238169057376
-0.015830182358290337
0.040487488022007884
-0.005710469768512161
0.13749217536495045
-0.023045928285361145
0.25137421233528323
0.15991691506205497
-0.11132411394729443
0.0839102705305915
0.1439400476833984
0.05957334428443003
-0.1373557266059654
0.2093532325328032
-0.07407513526870337
0.024848182876510354
0.05248245353984318
-0.0793615205378069
-0.024024406495159287
0.14545376841316146
0.1279595117208436
