0.06319453678402301
-0.15531867993745196
-0.1698925232397681
0.002146390685643234
-0.15910679087908433
-0.09244707338050731
0.03579775444998267
0.22719480109338647
0.17631612694848686
0.12277822809192296
0.05919863968919666
-0.006777539095452731
0.028289841428504197
-0.1291943919676376
-0.04106589019069551
0.16532602530558496
0.17940589240374305
0.06736929270776892
0.06032180853562839
-0.01840294843291316
0.16459303618383533
-0.1290338291937116
-0.05743172115393671
-0.11944519660674519
-0.017759714907885027
0.05590539822359474
-0.008442558926787542
-0.1090760857234976
-0.000687131418704883
-0.0750664633152965
0.07496876044301642
-0.06608835861417545
0.21674633446998842
-0.12558380342103984
0.18444227249376946
0.10135558370736295
0.14350869266825128
0.06185334238073385
0.021828441499023188
-0.07795043601576626
0.1179519853549091
-0.14668197776320072
0.05839897775579776
-0.10869734868567668
-0.036696887279258586
-0.08101944843745609
-0.1408213155513073
0.07189632068809776
0.039803506847684585
0.20114438891365777
-0.03278977273587402
0.05401740745541033
0.11162440277758463
-0.0832375608899828
-0.03831744245320321
0.0843813902448545
0.05700696623626941
0.14390253290763497
-0.02691977097572146
-0.01115980415972357
0.2619020402956903
-0.11654956293672268
0.19708898708306266
0.1298627618457337
-0.03011969889236795
-0.009627423657160036
0.22137111832977863
-0.021148544883553326
-0.02520807968571521
0.056192972156907495
0.1356059399976666
-0.02246085679172604
0.2513390586387002
0.1604284244516384
-0.13140189835584656
0.08890241926185694
0.14697640453887761
0.057841421801782554
-0.08850526650638064
0.21069131594455795
-0.07948197630512191
0.0034857868493397065
0.045924345013382356
-0.08079263693909934
-0.03918781967162965
0.1471459031876002
0.12935589234875233
