0.06289779081202224
-0.1328142405739198
-0.16650134758519103
-0.0017792617230223714
-0.15313345515021273
-0.09551707229779537
0.026361915474587983
0.22834286772121162
0.1720386172984881
0.12939152336074033
0.050746418141313296
0.0025160965220617556
0.003598070271960096
-0.12183413191143191
-0.03818417407008947
0.17685403152536797
0.17929161834348004
0.06765195308580019
0.05393720096537969
-0.013760061502787269
0.1668424224687111
-0.15531171569875274
-0.05944120572058178
-0.12044448890252668
-0.022127265310292004
0.05106196363031556
-0.03741925066006466
-0.10500560656226782
-0.024423264736367054
-0.07570151229126922
0.07110831263458747
-0.05519116900891147
0.21938785313509918
-0.07658320437915332
0.18973913562739517
0.07597647310992921
0.13493665040356947
0.06308209591025829
0.014710237508903632
-0.07161758038691647
0.11601204917552013
-0.12413649693357398
0.04310483962020577
-0.10597835021314463
-0.015620871887559045
-0.0750955851978139
-0.13854651526417344
0.07752524847407963
0.06338274422757675
0.19700780065800647
-0.03035160194586551
0.053833537799076424
0.11082114857014096
-0.07386153269114387
-0.046567903548281615
0.08543832099533785
0.06293169362813138
0.14628317875026894
0.01892088135731738
-0.019396313234009598
0.26402711755601493
-0.12208110804777775
0.19322010896093839
0.13315659564397755
-0.0109112795645727
-0.008345154790176147
0.2170643843934298
-0.017264670263051632
0.038075103822375736
-0.01374386690665722
0.1396442181224546
-0.018126711091412118
0.2525108852863668
0.1633057231399594
-0.11298678250151695
0.07481923179860082
0.146600255663528
0.05747671355955456
-0.07466390956199198
0.21025963337241832
-0.07885777721429607
0.009307047582264711
0.057612855107154914
-0.08513476238512384
-0.02729528853305677
0.14682569607859156
0.12943426962299398
