0.04867817309349591
-0.14719063756109568
-0.16789953845460398
0.006080117267705534
-0.15274782065263856
-0.10908766989174845
0.014307663636643254
0.22758557509992158
0.1779065120475003
0.14161092823824295
0.05705173600616583
-0.011104857954018773
-0.00230808596125416
-0.12614387228206642
-0.05179654943431526
0.1793300733488312
0.18025804929046893
0.07468838445953807
0.06306347450838407
-0.02948391894736087
0.16372433380120338
-0.14988479480046868
-0.05816209593049562
-0.12353813152489476
-0.01616831100341618
0.04800108809490286
-0.059251253687395665
-0.10258579826900462
0.003917426445620395
-0.07889616534767484
0.07894877026064366
-0.06544348874924258
0.2176775521884158
-0.12756421866347153
0.19069284892661797
0.09465213943528801
0.1425522241644339
0.059898017819297496
0.02464160453287288
-0.11939075050040816
0.11878233832348555
-0.1319218264533032
0.04930440208484853
-0.09887323952365616
-0.030498918307703564
-0.07632510547615591
-0.14253517200936427
0.04765052939705556
0.018963091430581343
0.19820842501092675
-0.04896241140753946
0.05688813187253519
0.11675457376612272
-0.09279725905150438
-0.046672915376032194
0.08593989301100406
0.05636514532543914
0.1471427328951531
-0.030460728379550654
-0.014400249068313878
0.26278776687153454
-0.12639659786106588
0.1926852080253646
0.1324734867367569
-0.031135988362511555
-0.005275650549461414
0.21932610600491093
-0.019596985900674584
-0.018458993638053287
0.03103108053422747
0.13712101665765633
-0.031034045798781527
0.2498764295660835
0.16406621815480685
-0.13695822231234617
0.08935831100715634
0.14642833510059985
0.059387567626954595
-0.1351669183496323
0.21292003766605455
-0.08088228394514714
0.01355940953618321
0.04885580394992173
-0.07460656153078468
-0.022647143312582454
0.14706727493298505
0.13016117697225354
