0.06100796674840753
-0.14264594865142716
-0.16805919223895077
0.00875743022621515
-0.16284282677466003
-0.05381751847534508
0.006110479617294167
0.2252911469022637
0.1711212142064852
0.12302482338380803
0.044033692360957756
-0.014399150131265009
-0.01926546443560698
-0.11950077554099067
-0.0484379852101337
0.17473469310491108
0.17460125896746137
0.07248623550993982
0.06285876793178467
-0.015264501537256267
0.1608343564070069
-0.1357350475744796
-0.06250597902927521
-0.1282249177838432
-0.022574999013941804
0.05315870478918569
-0.05747539492526593
-0.10506666787067546
-0.008531659902704483
-0.07924809710215962
0.072312238478205
-0.0691808645016169
0.21502090804162205
-0.15695604000227786
0.18754729662517275
0.09251090398101043
0.13972025160042006
0.050727459512158575
0.02973496655372959
-0.11911032523295052
0.11473939101198623
-0.11573863865490207
0.05457827975909942
-0.1110617978700195
-0.034709162503609586
-0.06650043152898091
-0.14194973862696694
0.0703615164265696
0.04688530719139191
0.19601210896988905
0.009578281430978764
0.060620581596595245
0.11521309122457023
-0.088158827650786
-0.05225379018737267
0.08069770876989228
0.053880807173633756
0.1418343107799997
0.0007903898317113434
-0.001334891428546182
0.2605973511663599
-0.12436724979397638
0.1914867907855621
0.1202081750336897
-0.042628609826066276
-0.0020608953033001342
0.21581554501127956
-0.02661191941016473
-0.023388897370176465
-0.026215792815436883
0.13422614126826835
-0.01779318487525742
0.2510922403063587
0.16025031376593948
-0.13970916499744626
0.07062726889837866
0.1425754822222159
0.06541667190521275
-0.13943201874473335
0.2094296704651179
-0.07328868252263186
0.01820247351988048
0.06625560706362885
-0.07787759678489438
-0.03130469099276708
0.14287089575167738
0.12441924327620558
