-0.05442392246695642
-0.07362164459535654
-0.09829712219154584
0.11016122058829145
0.07662183380986931
0.0541567946576554
-0.16922485040615065
0.05219304414100694
-0.003987441175269688
-0.1341538010172164
0.05973391640011089
-0.03218652861981659
0.15867974538062807
-0.07213196513405142
-0.05404484384470305
-0.14542406771474578
0.00508290966273076
-0.011914621315695345
0.0035856513349005912
0.1465191289617669
-0.14324469961784714
0.1289444716446456
-0.034157913895204735
0.08406070088361416
-0.018814285510077584
0.04908485808812583
-0.026167020848446423
0.14773544416606746
0.18761890147957141
-0.035817950583048826
-0.06779700297393629
0.021854425469506104
0.05664320848766075
-0.017711366324982405
0.05953954373493659
-0.14781751760297115
-0.12826510338220126
-0.03522800634717048
0.09018894746682474
-0.1380940136993659
-0.16512388401731914
0.0018351371864696307
-0.005341550417475743
-0.03615800352214743
0.04239513101412399
0.15492363737244488
0.0883770521297186
0.05388750438271732
0.17279827300732847
0.0727417088990451
0.04426547246793527
-0.011619339083754602
0.08035420139952029
-0.05014264600542318
-0.07767654970032309
-0.02778193253759985
-0.060087488523503166
-0.06052311690962153
0.16947641130337365
-0.06268509515220484
-0.06276878439779818
-0.16526190046631578
-0.08314510572668952
0.10434768316263994
0.14945566200830399
0.08990452537860645
-0.07748249380552309
0.1374886109209673
-0.02259964917131045
-0.07420839208348359
0.03748837122929186
-0.07597783518044356
-0.012847967786135481
0.16055124318414266
-0.12857505648538609
0.04971854751512934
0.016347837427894165
-0.14915800046129324
-0.066607436425516
0.054448754947148126
-0.05411684416003678
0.01035200761256673
-0.054347240551891864
0.08339004601013451
0.12374339474030699
-0.04381377540407848
0.007480424009227426
0.10501467793910711
0.09243795277181113
0.001890787229511548
-0.1513700300088946
-0.03605013681006229
0.10286452994095074
0.10633871760477959
0.03742827384404947
0.011177937484304689
-0.0014422506237515105
0.045732363987142845
0.11931372165581952
0.01970406329171445
0.011809549632909389
-0.08922878034877264
0.018987223440403038
0.028668082687676694
-0.154287789090538
0.05812021194246854
0.0004321867519625565
0.037988391398476117
-0.021628121971226603
-0.02584855120473862
0.024694336425442047
-0.15964131675133048
0.16322304340315125
-0.013996482057986722
-0.18776922216862613
0.05778048792814328
-0.03228674374862054
0.06402496621947315
0.03615269789727671
0.024353515534001585
0.04579456263160847
0.1335018973771641
-0.08631636076266844
-0.01562309819588399
-0.1276461233348137
0.13237853408664502
-0.06525155548387766
-0.10980291702602922
-0.1569933698215283
-0.1278444754143299
-0.12285188243388831
0.07484247662187289
-0.030005544330419978
0.04615563313680844
-0.01836047731112286
0.070141443155254
0.057734299645158076
0.1587791609993399
-0.07990802655746994
-0.05702789075926291
-0.07607456650775873
-0.011456173488697843
0.024824440744898455
-0.07259010654286036
-0.09796330098763502
-0.07373769818572944
-0.05938124146001527
0.11099802281789048
-0.038314694439308426
-0.16301801140298716
0.07500879128525746
-0.0008579525763915037
-0.04978672819229437
-0.07651320174650074
-0.05672635729157555
-0.11345267943908738
-0.19290071635347683
-0.06603146431663454
0.1421825524210187
-0.15847843549613394
-0.043331874978533906
-0.12373939548832377
-0.08898598681300698
0.022284358082526805
-0.1041721941310469
-0.12907066113692234
0.18035300817024047
-0.11232444817885491
-0.13038597627708756
0.1231806430377081
0.04139005730029866
0.07442297208067696
-0.16109453002869994
0.05988000847387614
0.06931364124146511
-0.03660855695862629
0.1001830503186992
-0.05405343847479632
-0.0511070524826129
0.14894897545869357
-0.18776016963239225
-0.09334600972253437
0.06587279834040678
-0.02311338335753345
-0.05282556296499847
0.05159187286019352
-0.06694692514961474
0.1058931007786319
-0.16389379661532305
-0.06993070031349156
-0.10875379665946197
-0.08693451850593616
0.25307945065052073
