-0.06199538635679402
-0.08187873350608774
-0.04704891161956974
0.08518838871136704
0.071382793387116
0.048562644708662825
-0.13847571393946825
0.061742846350412744
-0.004057113556141931
-0.13378137578650734
0.032481512313620196
-0.05648354814166395
0.16391117052418996
-0.08075122500256271
-0.028965125611811825
-0.15540190727294753
-0.03648960946707497
-0.024929650228659093
-0.006246607308739901
0.15482805186333462
-0.08809491989025393
0.13228319624625956
-0.05070378899646878
0.08795334577268951
-0.03826885597482276
0.04783176901716399
-0.02367313009835052
0.13776583798873596
0.17654208471046753
-0.05668620857561219
-0.0610828363713715
0.013489286032647556
0.07534488825341844
-0.03025383926642595
0.005708259966526871
-0.10207314494025047
-0.13285500967452488
-0.08190190470757132
0.06784817530499683
-0.169544075302148
-0.10946411590476308
0.0012134542866930383
-0.002010122465997329
-0.026625424670837297
-0.051217252228565206
0.15241551463647846
0.07757322230901115
0.04920980276241555
0.15784964257217388
0.05958130142826801
0.06906579194308829
-0.017037731279450692
0.08548864609408278
-0.05529815728944961
-0.10689128209199762
-0.035737038046263034
-0.05748011736665677
-0.11178081283748562
0.15529132759512926
-0.044960238161687836
-0.06398572682866961
-0.17536913055790143
-0.06327394480592145
0.11788415263994255
0.14250787017229907
0.07845404745992204
-0.09599206423514099
0.13450878162114782
-0.02484699153729749
-0.030386921809355358
0.026994266528385793
-0.09733574640461891
-0.0044530477462242065
0.1764070799807329
-0.1219168529355358
0.06318236674247735
0.019966540728585443
-0.11121969852222997
-0.03725646195585415
0.06518096658130886
-0.06186767739512999
0.024282809582759877
-0.04705986718157718
0.0718282285096856
0.1311364701539355
-0.04120001132847658
0.017872164350659126
0.05795467629533109
0.06781214796489317
-0.011575829500171605
-0.153847200550503
-0.03575881568527263
0.08868964469024505
0.10467490935285025
0.04402877033593692
9.302164676699797e-05
-0.01028977702636822
0.02947841225366949
0.1331743179980355
0.028000675501114482
0.01668005911145657
-0.08786844060106529
0.01888718072393397
0.05185287967540641
-0.1558320434693891
0.06520143872550252
0.009471576486045614
0.02218121591689603
-0.01629967445218141
-0.03402319607601136
0.03653786958197676
-0.16292947548696116
0.1734848023482236
-0.01522555065448999
-0.18827619140279042
0.061335967119906486
-0.041417986172013525
0.09677277643972236
0.04800955006390975
0.028680215187144916
0.04539145937531744
0.14371793318717357
-0.0914487531881577
0.004763220963406884
-0.12373475666001835
0.11390557766565133
-0.06635372768637259
-0.10980291702602922
-0.11672050069165832
-0.1278444754143299
-0.12195620205782168
0.07134930482164761
-0.04731866257408344
0.11115528644584208
-0.013382958794443218
0.06127674244911649
0.061512054714820595
0.17015535005406848
-0.08065878610318249
-0.05083518968185693
-0.07582490268192606
-0.005743207162758922
0.03499151781931913
-0.02370330448845074
-0.10546461413006249
-0.04694659994283512
-0.06557756391066788
0.12103306953672896
-0.0400996117857463
-0.16301801140298716
0.06839598832836385
-0.04621042872366913
-0.06199238558294214
-0.07495375218818204
-0.050000420808129074
-0.10408289646044394
-0.18558885282826484
-0.07289641772620076
0.1463733433648911
-0.12621014748869241
-0.04132283126504703
-0.11783230439537908
-0.07622368681639706
0.029384638473743334
-0.13936065093456632
-0.11859695720334104
0.19072665460206747
-0.08540212134867349
-0.12978362103624982
0.13214821256845843
0.05908265331380793
0.1069739377035587
-0.12206113808406267
0.06000528172987191
0.0887104516137586
-0.03438093917563112
0.10025095032503153
-0.05311585252037333
-0.03816516574237496
0.15939656689199963
-0.16816471579139836
-0.09698095966613514
0.07099913412240336
-0.047545146504665195
-0.03577304054940969
0.05644993116379539
-0.06667132981288311
0.11802451347139824
-0.14124696734044315
-0.05046835139565408
-0.09899593228804111
-0.06098320150841056
0.26133273641778615
