-0.04595937769287753
-0.06561547562064851
-0.03383579294249068
0.10034519127287297
0.06948602164988568
0.03136291912203345
-0.1471519558403605
0.06272603025157926
-0.06327486942940003
-0.13521247829382968
0.04380417648926403
-0.029206373649737084
0.16538261207828256
-0.0758870414329994
-0.10036293676427054
-0.15815176817097254
-0.0290555117036718
-0.037541974264274615
0.01456713109035516
0.1618879808304448
-0.07846369898365627
0.1264586037888986
-0.11658076485744033
0.06964706484155589
0.006134375336644505
0.02315112273995086
-0.028409493865080716
0.14058155542552017
0.17252793126367982
-0.03854511822826278
-0.06851244142671802
0.03486995389039362
0.0661437771362201
-0.0031370603222929576
0.020433826313731293
-0.10961454564219372
-0.17391371532168678
-0.07112074500378596
0.08313265205371126
-0.15997761065856703
-0.13644815742085672
-0.029990975715251694
-0.01482828814051997
-0.07293797604239498
0.0028867261296425697
0.1575706286464942
0.07859407823453107
0.052938248154404
0.16336391353367644
0.05417176532668069
0.07761094212442984
-0.02636796369326743
0.10383046455023859
-0.04976135446432332
-0.03202094175468431
-0.05297390334098452
-0.04660392011388498
-0.0994029909423549
0.16184015828686243
-0.06462615448106429
-0.028559748054945776
-0.15665109904084495
-0.07213628668989304
0.12003295058783708
0.16133756411120048
0.09757004597860816
-0.09448811238623576
0.1325312485620482
-0.022754484597871855
-0.06546994148252096
0.03357863642570534
-0.07750841273658893
-0.010737994841803454
0.16800154329277342
-0.1372317816232433
0.04456600708165029
-0.006436296744447426
-0.14892419549355382
-0.05377179306809638
0.07582863629363264
-0.06540772094471105
0.0244112275725967
-0.1096724693705008
0.08866656498143095
0.12781829577005158
-0.04032940233212724
0.028134786162246603
0.13970820698597464
0.09208159822529115
-0.00639691790813116
-0.1354661422189738
-0.03481988281004663
0.10181691315143651
0.10696597968842574
0.04072938459644297
0.00025409028542622
0.040713369155907904
0.03691376498374109
0.13093974645668327
0.015668162343182367
0.012334597330627644
-0.08537802182770549
0.024037876345561107
0.03409398246069864
-0.15633690268864428
0.06245801310173123
0.0038520504685922346
0.02086959359512019
-0.013181839443167226
-0.032438612003494224
0.024493679829332596
-0.16419365790263218
0.17306407933662116
-0.004699182396689836
-0.1352859455231748
0.05864915586911026
-0.02940063932666802
0.08244401070564238
0.05960904083705412
0.03501047663440668
0.04586847103613008
0.1471368769565827
-0.09692843537554756
-0.014380843410515232
-0.12946770020600817
0.11970401967185493
-0.07696922517435244
-0.10980291702602922
-0.15801363419324813
-0.1278444754143299
-0.12151420817839423
0.06118248308705373
-0.04169732386375457
0.08694617756618955
-0.011819308497792275
0.06461353175053888
0.06271717875916134
0.1649961392001968
-0.08276212301838332
-0.04973416946773395
-0.06675457293218344
-0.0010355738004925025
0.024146230116583945
-0.038109276528257054
-0.10447415085127992
-0.08892928106016977
-0.06201639410109782
0.11547376732173525
-0.03545193122416712
-0.16301801140298716
0.06309885631084632
-0.0017918353126308419
-0.06495275376761371
-0.07271548653033956
-0.044497093751766
-0.11460270023907368
-0.17855248546664484
-0.06603146431663454
0.15205051083852
-0.11704520529239672
-0.04189441004274447
-0.11452928843550673
-0.07854895992534193
0.026925095497745147
-0.13981406189110465
-0.12471801799960897
0.18490600136001706
-0.08486693223775556
-0.13095537136565916
0.13185920333271273
0.054521266309944146
0.11420052339006419
-0.14853580885677953
0.026364897066466473
0.08638733170862509
-0.023613843766055014
0.07982939459194252
-0.0514250233097412
-0.04803226915963669
0.16149126124852003
-0.15233961010616914
-0.10383421236408488
0.07985452962764422
-0.04818812348113546
-0.01162543972931945
0.040812706574556844
-0.06084096372911234
0.09775224085948186
-0.17713196883625995
-0.062421857538971864
-0.10553272773804034
-0.04314501241734558
0.2613792107878674
