-0.06150932761518406
-0.07860141313356285
-0.08968903477143635
0.11069384619555496
0.07653854829301979
0.043195918282674155
-0.11389844697159852
0.05697768289034687
-0.0025573527099018926
-0.12840632643022343
0.044392499616197595
-0.0375510432408405
0.15998007550905358
-0.07887811776626462
-0.0649219782805049
-0.1395368875211049
-0.059119268109727466
0.002760223862870058
0.010520074574372443
0.15144913220935982
-0.06445755889146176
0.1343198779985988
-0.0656922305460015
0.1073217224454443
-0.025652714350935125
0.034941235786038395
-0.020643543806607545
0.13918779979159693
0.18286198426175365
-0.045175991999320174
-0.07500467659409199
0.02394836280100632
0.0694480731417328
-0.03153442251562606
0.024760334120132288
-0.12156776570263715
-0.12558932865982675
-0.035958809138858724
0.08100694583743268
-0.11202523138188804
-0.12464835891812524
0.00554260803292361
-0.006159078778072756
-0.034697999291854076
0.02294197448343635
0.14858418974138618
0.07385251926229086
0.0461746670635824
0.15650711010890944
0.06320807802649771
0.07804042468047089
0.0042181223777661555
0.07686303145323557
-0.051393660079959685
-0.05994193880108666
-0.08226483638787666
-0.05773291100296827
-0.08661211197655652
0.15803791930735206
-0.0637285232872261
-0.0702951472685163
-0.16319169698894687
-0.07035821638181304
0.09884513634343255
0.1492432281596293
0.08914739055222455
-0.07886291745304755
0.1298631187442789
-0.0202846981202234
-0.0449784749878402
0.031665502786826734
-0.0911506187538919
0.007579448634078396
0.16761917103629073
-0.10936431873527293
0.04486844154715661
-0.008452590012102868
-0.12402026769167483
-0.06165103028171465
0.05888633611528107
-0.06642032489086054
0.015943327580490132
-0.07124161842661358
0.12966376471561808
0.12308136243614001
-0.04459593183207546
0.003997555813797093
0.09421275208405626
0.08687497110639257
-0.02234191788078842
-0.17337559695917695
-0.03407176148371601
0.09320708456352078
0.0910131172031609
0.028587082007505274
0.0032655627123997204
0.042152695511165
0.03125846020593235
0.12622715217467081
0.021135560730531657
0.008694871300361132
-0.08829867805238822
0.007623680554183995
0.06082954975453268
-0.12822059097068875
0.048412024386282074
0.002949670764112638
0.0182769345802557
-0.028858703226774293
-0.030290924297770354
0.01786894466428914
-0.16086092614637654
0.1581453507452192
-0.0028295578364282265
-0.12478339657223064
0.051848185062961426
-0.03205899860358815
0.08034788707743792
0.05849292919076862
0.019313451694251037
0.022873637909264236
0.12865079982094524
-0.09939459481361383
0.007882286876533449
-0.14116469671728255
0.11701782199304689
-0.0656697393193377
-0.10980291702602922
-0.16165553028667146
-0.1278444754143299
-0.12210201466982384
0.0737153363583135
-0.03347121135749936
0.05336086240116724
-0.036926397333969865
0.07960883829593705
0.05975842457760998
0.15112463051973085
-0.07944507204841866
-0.06448005954804387
-0.07748471323267941
5.6740334715985616e-05
0.023879868993619276
-0.04142892479452593
-0.09518556395759427
-0.050681799596900556
-0.07449258550669136
0.08945691648034929
-0.04696960591688351
-0.16301801140298716
0.05276890048947093
-0.046266821648391694
-0.06399738874091081
-0.07359081505065425
-0.073221625560813
-0.08746030662338665
-0.17704038119014995
-0.06603146431663454
0.14235369063891692
-0.16181122103333168
-0.036462286386643394
-0.11085225783079848
-0.07917537399813297
0.01836816036059225
-0.1367435073684296
-0.16142187256643173
0.1797725455025683
-0.08512086718574988
-0.13212033934319814
0.1182211335226899
0.0490137054804472
0.07207250379329008
-0.15241219022734595
0.06394662645935731
0.07289473846169893
-0.03880437908662697
0.09389113214645305
-0.04760477478603721
-0.05491216840861767
0.14530420337078423
-0.1624641998051748
-0.09522932668571635
0.07352929275563039
-0.04186755057963142
-0.02996077175222633
0.055172536195628064
-0.0732898684597903
0.10261190482728451
-0.17510586778945836
-0.05800492869968686
-0.13075272062787768
-0.08302535801782011
0.2476180195053384
