-0.029420938319222455
-0.09198465200037459
-0.08407460855483673
0.0909914723757629
0.07959139059619726
0.05611157044818207
-0.15112803089264168
0.07727339112369402
-0.016471225572171105
-0.1157043059443143
0.04787960370575975
-0.027415385942012684
0.14899134080612952
-0.08081182753526428
-0.01072032094690568
-0.14010638840145603
-0.042390499145758126
-0.0044939344889422155
0.017531334210911076
0.14794449519665176
-0.11483328414150258
0.1226696766384182
-0.05754399341470485
0.05916635338750548
0.00338568970363831
0.07383960241421081
-0.04031665360993068
0.14237350482589173
0.18837537670248633
-0.06710916790187266
-0.06781231094056833
0.017041697088515207
0.06954478792784924
-0.013580121831188244
0.0688592211039509
-0.25787463727079185
-0.11955383945701481
-0.06989026176658733
0.07438971241467805
-0.17355745828118507
-0.15472454399536092
0.015197573815806647
-0.007963168745362832
-0.08777617799273976
0.053381037069628844
0.1529948478680647
0.08690982439382491
0.03706798399935808
0.1698698362843367
0.05801306926594941
0.07398195592915857
-0.00023261800297794534
0.008779238559429242
-0.04030341114335156
-0.05489190510837888
-0.04902873072798282
-0.05339547810853537
-0.07988263843923023
0.1596872011360078
-0.05295747733709826
-0.07085955977862875
-0.1570006473105967
-0.07364441157108578
0.10439376001268923
0.15760571657186984
0.08735907679511269
-0.08913606017116454
0.1309866019375987
0.009318096787836147
-0.027281557769500028
0.02528385055725826
-0.07581757062440808
-0.0112438816170277
0.15245098246800445
-0.13505334132488947
0.05134631957563387
-0.010171556253742626
-0.0036231821680013632
-0.016913775981344952
0.05712464610324165
-0.058556476362895224
0.017864205716456204
-0.05069675656844198
0.11100259457412082
0.12885875111327255
-0.03723213975836382
-0.008457541508157524
0.11902664246926631
0.07062833151285863
-0.01069174596548229
-0.14788319931886976
-0.03389098457407787
0.09955811691065135
0.10147183188803181
0.020685622532291437
-0.012180863430405364
-0.021198090222776206
0.024246739454881292
0.12384942826482077
0.02173832520448842
0.006977731937523724
-0.043667248620155696
0.018379783563691136
0.024025869982955694
-0.16099172195361458
0.05050242286055736
0.013486474573052586
0.08243199032119448
-0.020387635073666678
-0.025395309939663543
0.022267959348692447
-0.16226885982187478
0.1643106821924918
0.007193727252445529
-0.18655632902342764
0.05889298815735525
-0.058083690912259595
0.0638358063261832
0.042855064254913804
0.025020510579240065
0.05293123316469502
0.1318347907008356
-0.0907406441956267
0.018672467764186747
-0.12843544466348403
0.11816140375812521
-0.09286265779150316
-0.10980291702602922
-0.1566162768954788
-0.1278444754143299
-0.12266558646818188
0.0795572444502156
-0.032092110873357435
0.02293802090428681
-0.016042827596268554
0.07250175563568091
0.06068053295426535
0.15525081622854092
-0.08194512395777331
-0.0471752979670711
-0.08542734597670064
-0.0012503869061972536
0.00822456723408099
-0.08073074806830534
-0.051117102158467764
-0.04269110895097276
-0.06226722995816564
0.10593181688758174
-0.04770162067922957
-0.16301801140298716
0.06752525821128083
-0.06316828223406327
-0.06954409305395251
-0.07577525196139101
-0.04599629507547809
-0.11560377047461066
-0.13294086094884602
-0.07665437204146312
0.14344913033903925
-0.11990004592896909
-0.03585872761019884
-0.14257729824700974
-0.08061297825511149
0.020901167913668625
-0.13942696313404931
-0.13142497331173303
0.17811798653822924
-0.08189596145637426
-0.12722474889519733
0.12450189778372267
0.04747732284704194
0.08091138558887638
-0.1306148567984119
0.07016485176449808
0.07386804368491286
-0.028217820869833075
0.10236201677336706
-0.040490685992530695
-0.05508258738323933
0.15525338238852976
-0.17660638701836964
-0.09033005924349696
0.06770202589000307
-0.053261845102933976
-0.05471946067640436
0.048169061329509065
-0.06150754270891764
0.11474039269056104
-0.15164464661852303
-0.09705377438973165
-0.1214502884195714
-0.10716131109543671
0.2547205685792199
