-0.061326795496501045
-0.09862338998672211
-0.06788980132581854
0.071787046134549
0.07320641811595549
0.04053255742100672
-0.1477990619487447
0.05274277146337682
-0.028004639230271786
-0.12720684829875256
0.03895958214019749
-0.03259043002419555
0.1557297337421795
-0.06838007743082994
-0.07793194152111962
-0.1419894700449002
0.0017281111816678217
-0.003992367380850807
0.025183275991669335
0.1557931982196278
-0.06547804137238897
0.11994973431955366
-0.07142693157495911
0.05384491860237914
-0.02496159584586166
0.026456668312537436
-0.028145958260037282
0.13069931488195505
0.1688910213429773
-0.05042725842015126
-0.06872634607653012
0.016245352753210738
0.0752499269906012
-0.017098617337135764
0.02924368359101828
-0.12481575329257205
-0.15061471869046536
-0.035172146890391325
0.07086206785221116
-0.11936268023498704
-0.17492516698030297
0.010661015164923817
0.00048682485643124
-0.02759450848427859
0.04104971910395954
0.14160362129205992
0.08737576926041951
0.05355471604624415
0.1762341575975075
0.0652386902291101
0.045082413503024735
-0.02984727858786022
0.12176617616450351
-0.0568675105450678
-0.0914009748194641
-0.012122504060635095
-0.05888588675757542
-0.09166148798162659
0.15581992278502238
-0.059575429979690585
-0.05722093411229691
-0.16240543056836287
-0.0727860230482361
0.11653414351694066
0.1414225616154282
0.07773009391737387
-0.07704398345305861
0.13135816519590326
-0.0294573301674259
-0.09143148653133963
0.03181796107998107
-0.10777658818991058
-0.011750466477946303
0.16397532728226297
-0.12880464494601182
0.0481341089742431
0.04197009304376054
-0.15037710546704172
-0.0791557685854316
0.04845024700473404
-0.06942722140913549
0.02149750338669156
-0.06747064003299215
0.09669068633244006
0.13043683896222721
-0.07235321517826437
0.03689023724228607
0.10735555293374544
0.04511821162872169
0.0034732301858097806
-0.1386184745321239
-0.035709640709972026
0.09164755987544904
0.09549562914727072
0.04387227627301537
-2.1938849503409287e-05
-0.025206803830337146
0.06589555926549491
0.11978186430013343
0.011806405614791805
0.014237215654132386
-0.09307855123038732
0.01613025189247958
0.02825954455788341
-0.15403972176489797
0.05215063216382661
0.013183609077674676
0.01563123856762698
-0.02238307921270409
-0.030398154420698157
0.034567958747605015
-0.1643057198904177
0.16483520725754017
-0.0048710174895551985
-0.18321129799833333
0.05720375673887152
-0.040307312968271725
0.07396059191260199
0.07507451630357209
0.025024875311052696
0.04798763595107069
0.1349067663537817
-0.09758867712730447
-0.014358338440796458
-0.13592419487439805
0.114154994896878
-0.06543856406606394
-0.10980291702602922
-0.15799651311328322
-0.1278444754143299
-0.12240658787611461
0.0817431075460221
-0.031585876860384575
0.028978396917795538
-0.0410204146677543
0.07929147181432289
0.056126180187446424
0.1511084270883157
-0.08340376388059244
-0.05174912645961658
-0.04935701437472632
-0.011281109328806434
0.029012260120331333
-0.019716456450457408
-0.1023975813459277
-0.09124485042879138
-0.05930421103867248
0.11727683561635147
-0.04888209772362964
-0.16301801140298716
0.06524269112054784
-0.023190378885442973
-0.058519728151139976
-0.07259530075916297
-0.05331655434490654
-0.09925441160580757
-0.18009036560674735
-0.0706833636918045
0.14717105485747703
-0.15936684326488998
-0.04395903928798633
-0.095483866505733
-0.09172741331850919
0.02361438149395031
-0.13955976579003304
-0.12347331944036678
0.1775462617848815
-0.08490285586155544
-0.12634522916510804
0.12288561876398124
0.04986726143549473
0.05893957769544532
-0.12276909132127818
0.04749728723625595
0.07366471222297526
-0.04252972440391951
0.08531549712509824
-0.055410892669056154
-0.04155604995118084
0.1483681824602311
-0.15861411057989425
-0.09934239193222683
0.05944938740246952
-0.04433890408481076
-0.03418924202079005
0.052880273848916866
-0.04934259368694349
0.10020799505922598
-0.14589461712186003
-0.043365951705770595
-0.09552997544954663
-0.07599745864068001
0.2520747788555517
