-0.021545656093107657
-0.0827241750439306
-0.07673851443535282
0.07741387134178775
0.05295172792802729
0.053795031459467436
-0.1645782219747845
0.04426985416435186
-0.036475881637506015
-0.1280761523687158
0.049170887164236454
-0.04567297468084455
0.1615762270917621
-0.07973110509648487
-0.09099735828730023
-0.15301480774717355
-0.004266944282699868
-0.02860546229074785
0.02964289823919904
0.15256753068328513
-0.11594981211944302
0.13248438540157362
-0.08506614165731116
0.10029768129485638
-0.03352589782364673
0.026544276043806703
-0.025536824632695673
0.13606101428077122
0.17741614338169254
-0.06202055798042847
-0.07771316859554568
0.023636408932336594
0.049966667830838765
0.013666675254860431
0.08682769865103425
-0.12957523485547798
-0.13486036358970677
-0.07107831499940906
0.08200524122688027
-0.11625176784955259
-0.11729274143524898
0.009583310582293815
0.0010634287290674524
-0.04895207636346675
0.03430309286480956
0.14439693417781252
0.08121218732836802
0.039931851208648644
0.17401352201944723
0.05191526171414609
0.07359792738662177
0.009715319005251384
0.08417643022938989
-0.04580733738355177
-0.10260436105281848
-0.019836353078413457
-0.057921447722872804
-0.06896179722188585
0.16672783442129216
-0.06078844442007675
-0.05023931764103347
-0.1566527902303693
-0.08319814280181691
0.11305768594028137
0.1502426654806248
0.08874283874836644
-0.10579379889032887
0.14383445045107493
-0.027134589518431812
-0.0723740612951943
0.013891753279961705
-0.11268923730080455
-0.011727068115985416
0.1755965464509287
-0.10877533106895867
0.05402938626618155
0.022719979934557964
-0.08508135280585924
-0.0763903806852601
0.06127789885155967
-0.04853210090757927
0.0054084044213129805
-0.061580920374765015
0.020172573931035664
0.13730330647608943
-0.037022554466099145
-0.015212728022349778
0.1003809531826846
0.051568950656372764
-0.012751352160278487
-0.13250079681017604
-0.038573384932290185
0.09958888012589356
0.10080113442353057
0.035363203660869924
0.004514184784402839
0.03988737165405305
0.031119441810325423
0.12634144814271603
0.023107808807133423
0.013851289729444848
-0.05924159566936356
0.019071024801682098
0.04093129113491915
-0.15602510289695237
0.051271085283916995
0.005582400412512252
0.019438681316994562
-0.016474505930258638
-0.024936656778606132
0.03102093147839825
-0.16207860002918326
0.17290351043539304
0.0014204331247998428
-0.12857560492290276
0.06221838723937566
-0.037568028024731415
0.08560472217411415
0.04485145800337371
0.029925790369971894
0.03992391518317024
0.14151537511699047
-0.08896706004528301
-0.02493399561419148
-0.14059922921382306
0.1288053640413593
-0.06914129076892972
-0.10980291702602922
-0.1349584533764661
-0.1278444754143299
-0.12377008867633996
0.07048206233802347
-0.043096059622124525
0.03653423563073999
-0.05314966961726055
0.07262837018614351
0.06132224905508844
0.16688006598257143
-0.08178676924504512
-0.047299473459534
-0.08373906778321302
0.007831521460951889
0.017114530753742675
-0.041446976941064265
-0.10035610498430014
-0.061143246591198214
-0.06276383510015225
0.10602542015428972
-0.037934370406997785
-0.16301801140298716
0.06081147137959306
-0.06384852695350389
-0.06346738650353681
-0.07511245898747788
-0.04009826348629246
-0.086983265426558
-0.17296736048665934
-0.06603146431663454
0.14664579860711793
-0.12826799429990346
-0.04471199491042606
-0.11089416400195543
-0.09164743718092735
0.031538064299579546
-0.13954531513333182
-0.13783625386441364
0.18719154166463545
-0.08627843844773789
-0.1314670403831285
0.13309344447750607
0.057892685562703064
0.08350541769728206
-0.15302042513411948
0.06725761379341161
0.0840778093236822
-0.03337786550919589
0.07753783449455989
-0.060563110150033475
-0.0563231873688659
0.16374233882011316
-0.18370820964615572
-0.08407349892466116
0.0720212669891797
-0.022060385152944336
-0.045439403110167344
0.04767526681064204
-0.06278023737443693
0.10012172260204914
-0.12659871814199525
-0.06321124839574696
-0.09079032273463457
-0.07657928010455173
0.2628446271739657
