-0.0461154153855019
-0.09102036454715699
-0.12305253390113803
0.08199599745136316
0.08250289322595558
0.01569489663519631
-0.15061767674515844
0.06399258290126135
0.014267989811450327
-0.1363892356066845
0.036415883917162
-0.04062049036422879
0.16062139820771165
-0.07489604223446769
-0.11713613913094338
-0.15996317710221783
-0.03550319716593121
0.05592192709581815
0.02490978172155732
0.14594267259246563
-0.07359274493849488
0.1332948499749871
-0.05750055339982459
0.07789456232552165
-0.016962422019511363
0.051547554596899636
-0.03842810565907652
0.1438360785861989
0.1755857267844431
-0.043755908302073744
-0.07241447110386698
0.023627553759914877
0.06444017793245124
-0.021875766106906742
0.013874279138473649
-0.12393526291409258
-0.14729269732655326
-0.04405808488149619
0.07982582858393762
-0.12410164379875648
-0.14242432175588668
0.006811597731808323
-0.014376404820265523
-0.037408393224978964
0.04621605482353841
0.15862889983634038
0.08721432778162828
0.02438789630562717
0.17086318915410917
0.08768222869968818
0.06513545068274387
-0.01106630348105036
0.08030051573790162
-0.051174910852939674
-0.09968059602374373
-0.053084134705812094
-0.06350858747955318
-0.04425326198641347
0.1698866335498955
-0.06007283447188427
-0.06902724526064526
-0.16743841048937833
-0.02138716143899836
0.11669137408490728
0.15683667585117805
0.09551808676364827
-0.1007122551489832
0.14120832940756312
-0.007760154605649008
-0.04550619114227692
0.017062614591625863
-0.1282320148266733
-0.013469100180498723
0.1373672122302758
-0.14410599289066975
0.056680589569149405
0.042481828265137155
-0.14354989165190352
-0.09330458445211393
0.08230829941377356
-0.0661899239671489
0.03065493059191743
-0.06328889214302645
0.09190766029877012
0.1253131578312053
-0.05079249976264526
0.0019318031795787897
0.08964116736934198
0.009719601494493746
-0.0337699183359462
-0.1728647742892366
-0.04391056316324593
0.05456222864022355
0.1053240574645632
0.04710237870035551
0.023512724905165167
0.055215958856890214
0.04369441994807781
0.13410385110258388
0.03390267054616969
0.01550449196259574
-0.06658948969528014
0.02424649786210076
0.021440049918813223
-0.15395499114089695
0.061534863009375176
-0.0037973437229621015
0.060098180699460525
-0.015612602680675807
-0.019391867804438617
0.023398019054041246
-0.16335648429860367
0.16853344838415563
0.001769820755727478
-0.18361494149165583
0.06238304656807988
-0.038480392140340984
0.06796842134310181
0.05719418315075194
0.034221780930427555
0.044394726514715745
0.1412258769704911
-0.0838093984709687
-0.02539461749835719
-0.12929366707871803
0.1292130520292944
-0.06621710300481413
-0.10980291702602922
-0.12687669852931702
-0.1278444754143299
-0.12460811816535165
0.0658452693014885
-0.05500003225063884
0.026249839470546956
-0.012467343486497815
0.07598722463193701
0.06589023158330434
0.16426347449466464
-0.08267762824375503
-0.043555067540936625
-0.033946184965771925
0.006412657848780718
0.011257479544404586
-0.049881638916607
-0.13109177843954983
-0.08810691729493622
-0.05703838215433775
0.11661423748455359
-0.04043099952237785
-0.16301801140298716
0.05807097219618103
-0.0350056973472613
-0.09497285840037531
-0.07506903550008447
-0.05063539462290586
-0.13423750298279713
-0.19931901511495828
-0.06603146431663454
0.15202672104218826
-0.1522661900692077
-0.05092506444793588
-0.10747903199051921
-0.07315319382010141
0.026459451751207043
-0.13876055509413346
-0.1204631539484245
0.17834407824672266
-0.07090012550372636
-0.13128837732749604
0.1323830800110877
0.053726854288265895
0.09394565450381046
-0.1275747586782494
0.08756449086243767
0.08212137628827557
-0.03859253967413384
0.09744306858243805
-0.05581532873253388
-0.0520309821141899
0.1623254080676773
-0.1647322346519783
-0.10694440516430778
0.07633626895174424
-0.04003800654083204
-0.034311040436479645
0.044266593445578116
-0.06995211714866104
0.10140255696974798
-0.16904400237038095
-0.06092443487003728
-0.10927927231413022
-0.08312869511043658
0.2625215359781404
