-0.04193530789331832
-0.09645132212823457
-0.0965193717280209
0.08625642290187763
0.08544961347168593
0.05737816136050876
-0.14480091302993708
0.05695810524892291
-0.020473699811098214
-0.10019717255523569
0.04383154456766903
-0.03664779374173203
0.16951500826879526
-0.05968832477281809
-0.07887774895037812
-0.13318779034600658
-0.02395701764286412
-0.020812887956119627
0.03586753549555683
0.1631791751580969
-0.08520494297104295
0.1333758529600373
-0.08771416983428403
0.05986137207897351
-0.005574694980387066
0.03903760520670033
-0.049809570533991585
0.16023819550939197
0.165138755626382
-0.05775080612225873
-0.06980673522577342
0.02701546418259211
0.0651174712076608
0.013047930623725756
0.031944319667838936
-0.20232929552077072
-0.15234006828447003
0.01294448741860424
0.07717918593181566
-0.23201671428325962
-0.11251251356179229
0.011533511163533777
-0.018958513401139788
-0.05091739305491512
0.069499630559191
0.14836429437051316
0.08618796961187049
0.02561008358049778
0.1708457336667785
0.056707549500325825
0.0860689721734213
0.007886810185281947
0.11856658394950793
-0.06900580118649198
-0.08484006852625016
-0.016569377602784763
-0.05291230144434846
-0.09971261757057558
0.16604960740368602
-0.05025519244586042
-0.05438989620487123
-0.1425549164314321
-0.03486153312896486
0.12357041581546468
0.1504322000254094
0.09563124460844942
-0.07989352265503974
0.13885655086124027
-0.010037751164417174
-0.03794988736897383
0.02018740513977128
-0.0957646310912723
-0.016635437442515118
0.16888740234206365
-0.12376935232180908
0.05362438281904611
-0.026729976574332747
-0.1567195290037337
-0.06857727246666885
0.04665865621566325
-0.04460705213576794
0.020719422383870627
-0.08715047585210768
0.09422440110922144
0.12509353213504087
-0.04309140675628382
0.020619531940163076
0.07993604900546224
-0.030803118168816285
0.0011162161059280235
-0.12434728907702926
-0.03961224259924489
0.09217247618850458
0.09867811001581901
0.045602457438343305
-0.00413257744641557
0.017920513845392335
0.051256684702734374
0.13096972130516113
0.021898261832288532
0.016810984987180918
-0.09190758136450439
0.023603490247278393
0.03357822559960522
-0.15903613731063942
0.05562453682198365
0.005998495718548434
0.045530794926118896
-0.01742438827807397
-0.036494656101345876
0.026810719729821752
-0.16272718836317618
0.16888080684456835
-0.0066800599016392
-0.18715718499662917
0.0539594181781999
-0.04449095596228021
0.026446983952513648
0.028550598532143277
0.025336386449615552
0.03491541288626905
0.1374459664423936
-0.07725484508959521
-0.0398709597886455
-0.13649364094453767
0.12134932582390515
-0.07537232044374682
-0.10980291702602922
-0.155137998874656
-0.1278444754143299
-0.12186911108040362
0.06502248090112922
-0.0401762144959273
0.08537012887640351
-0.0286366035510416
0.06826507312649745
0.06644052360321523
0.15411505186333407
-0.08054215072126615
-0.05508452617957431
-0.022375624413685236
-0.000583916913951407
0.034559049107106526
-0.012290447357989344
-0.06569062703133913
-0.03734151627953781
-0.061661854378494196
0.10941682949845356
-0.03560569172257354
-0.16301801140298716
0.07886465120211582
-0.04510750484410848
-0.052345628826475754
-0.0725033994929774
-0.053752066020621575
-0.0976927885886943
-0.14268222569477088
-0.06603146431663454
0.14804303902763985
-0.17600296610140437
-0.050662553990532516
-0.11789068735365303
-0.08739945628701462
0.028401239032052796
-0.1401508088570172
-0.16366869553834193
0.18726281520437107
-0.07465323304025726
-0.12263821430646439
0.12702160572546228
0.0523312895420055
0.07746284879817651
-0.13173774952629072
0.07083706697412498
0.08627097368937822
-0.03379874302051274
0.10292144784746209
-0.052505471911362775
-0.055845237411460046
0.15751247108998423
-0.1735441166013581
-0.10001468707753433
0.07927815795748004
-0.047515449508878295
-0.007706937563270434
0.05921263090840348
-0.058222153010315185
0.10512359976262398
-0.12871370554678058
-0.03307683802804087
-0.12940749525291023
-0.07547802851694219
0.25653938412994975
