-0.05073943057395665
-0.10283489772696675
-0.08120616889721678
0.04870663979897942
0.07072660493486584
0.04987985847567314
-0.15896049564244918
0.06918667942114054
-0.03467421746302662
-0.11096377496025517
0.040061224847172346
-0.03676362715594439
0.15893894753046853
-0.08121950547798196
-0.07354627749652383
-0.13526598682700802
-0.03569660584712131
0.03712973883289936
0.023905238837650913
0.14819317802975848
-0.07872770297132992
0.13900327326700382
-0.05827655290821649
0.08683868230961925
-0.021217517623882104
0.012200637700258636
-0.011715293396573819
0.14169629719084206
0.19610945789654616
-0.06955826198399286
-0.06642731019498022
0.034892484074701635
0.07052755600980844
-0.034339518866925635
-0.03129126045100761
-0.1263065734076316
-0.1535807412219436
-0.06002930693405459
0.05978858612290947
-0.17555357613911066
-0.100031912409999
0.030487831660814122
-0.014974184643752369
-0.06299288887064465
-0.0008742372002246277
0.14660914304148914
0.07732622178824401
0.054757821292905455
0.17753770524994508
0.04334254922131927
0.04035253620976707
0.001346996436394622
0.06730573729089796
-0.04693134927019626
-0.09284016874605118
-0.10970098978586452
-0.040848856593054
-0.05680361881133803
0.16551811343044148
-0.052803102373752346
-0.07808016781717002
-0.2027334156079227
-0.09471120780532973
0.04966598981127281
0.1502018820729629
0.09478518539015299
-0.06662394615652885
0.1475610851496032
-0.007357747885254988
-0.0709240254023101
0.03574239040486529
-0.06863791810127629
-0.0031720100249280217
0.14149271673706046
-0.13641223442486353
0.03254522983026554
0.021569344066771756
-0.10272021653858414
-0.009454205649190665
0.06679656722985407
-0.06452659933189245
0.028524840428852314
-0.047302625852453414
0.08015286103569617
0.11945097576187037
-0.05702901119424125
-0.026509071925941777
0.12497921694976999
0.02270392064801431
-0.0018660001778528458
-0.1936213425293256
-0.0261912935365836
0.05294012514727375
0.10663170115866254
0.03899030955911211
-0.004682957225482682
0.025000446478441424
0.04525928956758026
0.12048383610417183
0.02267882975752912
0.007110225369537488
-0.08670728956126629
0.0183245226576428
0.03930395177732863
-0.15800027050641755
0.07143080037105318
0.006022862552101826
0.05427909481629213
-0.020673782429035257
-0.019860548569718615
0.028363729320438746
-0.16301290993968334
0.1687415598959206
0.0027635519852007837
-0.18835755243986374
0.060590892755940914
-0.03561001199651981
0.025932750368952227
0.04513265062679071
0.03085831854731712
0.03718840998752101
0.13832481118251833
-0.10752865331527404
-0.02581016010609838
-0.12208183399479156
0.12340643064048636
-0.054206414773998554
-0.10980291702602922
-0.15383649444904365
-0.1278444754143299
-0.12388683783574256
0.0781683309274382
-0.030568028106417754
0.08243310664910064
-0.018904306932678236
0.07456917130759652
0.06542097689098884
0.15611033941380795
-0.08137642553040018
-0.04845939015692956
-0.06623822077037962
0.017981986253837776
0.030122724243152876
-0.06810832588766264
-0.10008217428364909
-0.0879393535516768
-0.06389592299181782
0.10649534038163729
-0.04192912519265142
-0.16301801140298716
0.055957519772320614
-0.027687750957880498
-0.06228949219190386
-0.0745599354295418
-0.04272906518620202
-0.07835945688255593
-0.16121002358758302
-0.06603146431663454
0.15039457559342675
-0.13012652348299164
-0.0407589324543499
-0.09993839054251535
-0.10608618829599376
0.027475407717811824
-0.13759532193349167
-0.15142336333151568
0.18468334067446315
-0.09287355314483374
-0.12571577456405295
0.1284629952308102
0.04774732591424606
0.09799148196275455
-0.12757791642255475
0.0157117114349611
0.08025141161229785
-0.033138771861636586
0.07654317691439563
-0.03959010894745121
-0.0275728140164685
0.1564059494276611
-0.1508975812188864
-0.09231422980949662
0.07510423688832855
-0.04882043824438846
-0.03050114645436643
0.04889599394940026
-0.06115818647974148
0.08250713819165162
-0.1486835300860688
-0.09646134155166163
-0.13098039730325184
-0.09476647230808397
0.2584583988558879
