-0.04297429834245196
-0.10046569488236722
-0.029889616467532486
0.056042242858805345
0.08000575456955317
0.01933690332317658
-0.12418366909382848
0.03641826773505842
-0.001512079403189388
-0.12336807833653957
0.03473099415650058
-0.048750645592632376
0.16368502051312916
-0.08440067400265418
-0.07557303451975243
-0.1562160843128438
-0.07080181149367772
0.03170555783235369
0.033885703919444086
0.13446668285871266
-0.08051867433654006
0.1339855862194759
-0.07697694802009425
0.05945869693072121
-0.0056683426497680664
0.014628509456557547
-0.033620079441446016
0.14738862404061065
0.18184711620362087
-0.05472809072604801
-0.07743212545006393
-0.0322860727964205
0.0657130043335672
0.02821829131927435
0.10381065648536741
-0.10477747872206916
-0.14884210893084254
-0.0939425642553979
0.07792887362280897
-0.12416150838307027
-0.1264241574466294
0.010872439556193898
-0.023238865501569513
-0.030558152984426747
0.03912002189525467
0.14125917257666526
0.08234218174126098
0.06073855107969667
0.15883155612231226
0.04718553809189298
0.03774098660478829
0.03049449983953432
0.09093454220606863
-0.03660352910511229
-0.11492844988634317
-0.047917005175027026
-0.04308426009414238
-0.1027475926370951
0.1528060498752043
-0.04591627283729524
-0.021285021949473033
-0.1595842595710603
-0.09119693616710844
0.09620021121616905
0.14210391714738607
0.10619529916000449
-0.07430409630111891
0.14075055862050156
-0.05705607277205864
-0.11949718362219469
0.02303465626691001
-0.08738463363481465
0.016772784807930013
0.15510936989706803
-0.12881364774732576
0.04600074791808935
0.012764024267318874
-0.12757451685010784
-0.0695244799941053
0.06843890578966048
-0.07704439346226756
-0.02200814491879809
-0.0622460554704826
0.10671669087595924
0.1247826380999435
-0.04329444175984476
0.056623350959002484
0.11393124306390323
0.06612747579713153
-0.011532386627314414
-0.1518558531196407
-0.030083985430861073
0.10381480822627716
0.10406691933654681
0.02354315413835404
3.408892179472252e-05
-0.023201954741772973
0.0587515912087068
0.12938237155139906
0.0142685440492159
0.005441132430796603
-0.08632104464423232
0.020867161951629607
0.02191019517752188
-0.15621889840800526
0.047692735406841824
0.018950626249433014
0.031857523498526684
-0.022136018797018653
-0.03337651103074104
0.02034727146482547
-0.16252117743877093
0.15629724701250755
-0.002606531848322753
-0.1681798118676288
0.0572254834344009
-0.04306984462343769
0.1054824218922211
0.05552495577124008
0.02066437054284295
0.0416419882980493
0.12605649952734127
-0.08970032575177542
-0.02912288676296504
-0.13391345284773806
0.13377833891987717
-0.08963821413449827
-0.10980291702602922
-0.14819565136391646
-0.1278444754143299
-0.12226210469762643
0.06844935123236395
-0.04537496866883762
0.04703188483490879
-0.030914748458259943
0.06921725403907467
0.05479238907948194
0.15830014090087613
-0.08866479961509491
-0.04893119721393396
-0.0685273059672912
0.003957970629959129
0.032306012058036515
-0.07623708864563715
-0.13263384077169343
-0.10406950230377603
-0.06084532125685828
0.09629893583113533
-0.04468277496256613
-0.16301801140298716
0.04905930629638345
-0.058257934565842995
-0.0648020482462465
-0.07570974293251426
-0.05600521045930813
-0.11254664626380687
-0.18298446581163036
-0.07629607467722321
0.1392710318225093
-0.07205224315180464
-0.049518894387768984
-0.12885818968433543
-0.07334670447690769
0.02974290622372659
-0.13877371106724895
-0.15315694160042614
0.17516562265775287
-0.07758511144008685
-0.1275126671703069
0.11898010947378562
0.046134443801253616
0.06269280321435583
-0.13911226364249588
0.07695265881554787
0.07562791662736046
-0.03458199608052655
0.0870210487251545
-0.03430556432831654
-0.0648614611682231
0.15032518756121624
-0.17448693097359746
-0.07407056647668933
0.06287201966076315
-0.009792777055655809
-0.03238807179005583
0.05569459980641635
-0.09095303930352547
0.10983722995000646
-0.09242348256364183
-0.052562734589886514
-0.07832485295058494
-0.08534643189487201
0.2499901034507248
