-0.047939909236773444
-0.09888937388266245
-0.07745477791095169
0.09607304710570005
0.07465334738578312
0.03567279540070421
-0.15520485683554552
0.07129597074971931
0.0050423308040514845
-0.131909241995547
0.05391597195484787
-0.038511935708864416
0.1658815653890543
-0.07591955913068195
-0.06392368981744623
-0.13024921013453483
-0.07328375174920516
0.011082279954211738
0.007287359719049913
0.1337507344631013
-0.0803329237675835
0.13811584360310575
-0.02396683447422728
0.0789041433492079
-0.0337544739814549
0.03872633982597221
-0.03057631684530407
0.1427728540378555
0.17574260455249846
-0.057495782634683947
-0.07902245565305034
0.02455396333137668
0.07020512893626091
0.01085318206163335
0.07210560041982636
-0.17484890522168095
-0.13791554146378193
-0.04683900938878244
0.07772833708591947
-0.18169142761562607
-0.1293703532602244
0.015671374701412236
-0.021727357505207153
-0.06037990002563987
0.03132778908116717
0.1487886692100626
0.08846847399640607
0.06827780100140561
0.16272367994077425
0.05363646296224371
0.014506067147954058
-0.0055319257459166896
0.07651396249980529
-0.05898408582762336
-0.09094139562090436
-0.01903497860931754
-0.04341486122586095
-0.04293800297579719
0.16659226036899868
-0.05843151734507324
-0.05961787891201194
-0.12292563921254643
-0.0334320400819982
0.09854468681750254
0.15458965686237874
0.0972392121812124
-0.08666755077867327
0.13982360655681952
-0.020904787921124494
-0.08100325351469269
0.034146411858342406
-0.06877129310696008
-0.010433044786312096
0.16395972746398152
-0.14651358698379296
0.03716689313174312
0.013926577629185984
-0.1572504913175121
-0.04282221048484875
0.02296996735801426
-0.045329171673340114
0.019959275486550444
-0.053567510194183106
0.08193648357304509
0.12305675334704237
-0.05818370497624549
0.0025852952433534607
0.13502578337356366
-0.05012486231784671
-0.013111301968883535
-0.1355813399558476
-0.0432813686538173
0.10263948886738979
0.10099441363810205
0.04655754768981573
-0.007579924212316741
-0.027878777880681934
0.041096975526781584
0.12804547616957818
0.01850523249167227
0.013458912906183708
-0.07438930670591586
0.019763125481867254
0.03344366785423454
-0.16114006533989408
0.051542852384391664
0.018888989869201595
0.046137209749797584
-0.0259615899048021
-0.031043747364834638
0.03141199342755329
-0.16546733274169353
0.16006038373974893
-0.0032138525556621995
-0.18068623120675828
0.0700001694515462
-0.032422131591824464
0.07738021074786845
0.03309645662423447
0.021655994678745787
0.0267107751062135
0.1337583151336296
-0.0984879675560072
-0.030877720637575438
-0.1172261102812472
0.1288056273343046
-0.08375201925760273
-0.10980291702602922
-0.16057266696421366
-0.1278444754143299
-0.12237042602087647
0.07164684178248368
-0.027811547256999587
0.04431474815659345
-0.025574557395335446
0.07009365721196864
0.059384461132837026
0.16671758073218088
-0.08021223984350438
-0.043525482582160095
-0.062320367833129095
0.0005949563193360797
0.006339205681574216
-0.053938856257535334
-0.11550568989666915
-0.06037195791845061
-0.07213029221063094
0.09428714491729731
-0.04496819390491589
-0.16301801140298716
0.06298871985748447
-0.03690657310077363
-0.0650348678051948
-0.07798501286290818
-0.03676170543207372
-0.10699142778531397
-0.12036518563766893
-0.06848322734756963
0.14504954462189376
-0.1563973929669703
-0.056009172899568534
-0.0936681562574868
-0.09595664995732985
0.022980934475647842
-0.12000131955300843
-0.12397854223961588
0.17548191465231053
-0.07922502247667523
-0.12547900488140992
0.1239352235196945
0.040761382501476214
0.07538931588351512
-0.1470030604919532
0.05163215060133452
0.07590001236357909
-0.011210859018357933
0.07937303019406507
-0.06511967243818849
-0.0710174509047096
0.15592471421363957
-0.17029182367249546
-0.09531383344736795
0.08023537235756864
-0.017084751674505103
-0.04661751977140844
0.04344603750460064
-0.046549665632162146
0.09843052481856229
-0.15956612010415117
-0.10130314174728142
-0.10334254835539486
-0.06324761125964823
0.25410006013915437
