-0.019983834595712128
-0.09262478748725447
-0.0323173838605983
0.09331203251945772
0.09446842705999536
0.04973810558450837
-0.12522403350800493
0.06740830698211711
-0.06379927195681155
-0.13249016255212892
0.05470419992501061
-0.051537743158870164
0.16041369644976622
-0.07493020596711802
-0.05588678274577886
-0.11961662457471735
-0.0678311118302407
-0.02717122591368395
0.05811247491674834
0.15413987641298005
-0.08637485977787872
0.1395946066098986
-0.04969760305790987
0.02812790493108885
-0.04658154544798537
0.05662973598698671
-0.028156409645442308
0.13708470461904335
0.18165064902179245
-0.05234654539511137
-0.07041163890564883
0.0034629243239220377
0.06515934247070122
0.006143233852237738
0.052730593659288595
-0.10267025485070733
-0.0973377167637326
-0.010036653659689415
0.08621907625890748
-0.12291470744838376
-0.16386858613723068
-0.031866461047556346
0.005930255973487555
-0.041222009401204095
0.027606131984813553
0.15353673004960156
0.06720072576205893
0.04167461214473391
0.1712008801124511
0.05385961100602688
0.05153667041411281
-0.004466067484824206
0.06834685077260973
-0.04714739646551069
-0.10182492329528876
0.0005409621606490681
-0.052524109865023504
-0.09979339421909397
0.16959599074145443
-0.06254094142841747
-0.06189432341010784
-0.15294225194136418
-0.07128767803912679
0.11926356507228786
0.15278925330517754
0.09653268742135307
-0.07397618889678018
0.13098658844058653
-0.01393880622896608
-0.056542575075406235
0.029340682102947723
-0.08797432311133557
-0.0025582855975589502
0.17735066374012667
-0.14157876362242744
0.04095019023704161
0.012460856390397344
-0.10949670432690062
-0.10960875420413752
0.06982043263233634
-0.0182271127434887
0.025941071945511273
-0.059223336631196
0.10314585335749045
0.1272754093752221
-0.03267973936950529
-0.010908285693424174
0.09607726082280103
0.0007231277115770198
0.013035929057543319
-0.12798038824592253
-0.036797663993129205
0.08416549881768083
0.09576883665197647
0.029890907688697205
-0.002549679753987166
0.04880002841080186
0.050362228715110174
0.12064850314149787
0.02126828572095968
0.015383440718586635
-0.0772852709178905
0.020594256019036507
0.02904510293871757
-0.15397589636899528
0.05937877257734086
0.008929392611355762
0.03892851653803307
-0.016660070123884485
-0.019620438659250256
0.023093083398394464
-0.16432110840376796
0.16437626279179005
-0.010033005876750406
-0.18705417866677954
0.060300960503649546
-0.03467863497766762
0.08503049533622424
0.03679436484871493
0.015478182650923078
0.053957979823568904
0.13336607990285868
-0.09158136274542249
-0.00698604914965351
-0.15213216537447566
0.13120596067125487
-0.08322727518779541
-0.10980291702602922
-0.1377300926976902
-0.1278444754143299
-0.12335715847694508
0.06466740710381608
-0.04350649379995356
0.032229481807171584
-0.008322526819642474
0.07526590795155882
0.06479254772523521
0.15923574151656525
-0.08161789401197699
-0.06079608814676557
-0.07892207850445418
-0.001752023487450304
0.010917174123829428
-0.007368604767793182
-0.11842889555074365
-0.07678991934015557
-0.07564633572741834
0.1091515921335303
-0.03714609755004459
-0.16301801140298716
0.06249589121032213
-0.0244233434139169
-0.057186128612064645
-0.07656225337937875
-0.050980162213796754
-0.08121318325385328
-0.17863329518369897
-0.06788891822143651
0.14849386564214878
-0.09466222698478573
-0.08062685860772976
-0.12245136295658077
-0.08844085898539031
0.023016770975571615
-0.12709286126438732
-0.12588787697242926
0.1837092870976303
-0.08249071698397777
-0.1241058038266863
0.12400692044845604
0.04268453894284966
0.0825203694043529
-0.1478967856356128
0.06485569447700812
0.07753874533491088
-0.03887946067564116
0.08335717541617275
-0.053592826574430416
-0.05321577749020408
0.15606124472379482
-0.2064438046836304
-0.09077887617351303
0.08643580505150943
-0.049152973267289436
-0.04121531888796781
0.05267668676527007
-0.08446006490935704
0.11345574907487645
-0.12710763207787396
-0.10236392928239468
-0.12996233289486397
-0.08463114610332395
0.25373891032705537
