-0.07300953199644523
-0.08999417701530889
-0.08789497596456886
0.08131227258723084
0.07492999402015736
0.05692950760887727
-0.16304344373868573
0.04393839643122777
0.007680895081212099
-0.13244125240190324
0.04156911456838373
-0.0421004402573878
0.16526479717091308
-0.08271016170232817
-0.07638483390196725
-0.16099627320061044
-0.021298213468678794
0.05517748723397353
0.011926423458558686
0.16201024000819458
-0.09050144397270393
0.1396072117837233
-0.062018447032457576
0.10878497727392127
-0.051164667551335044
0.030748120714377245
-0.025566257995155307
0.1656384381805129
0.1779413152045336
-0.06173313261488869
-0.07767359146313227
0.02242604170175394
0.07584103093529239
-0.04167753531414207
0.02032882940190856
-0.10770597418962789
-0.1701080441332223
-0.07985446067540176
0.09435198487921279
-0.13335336106055667
-0.1339358552127363
-0.020638335476162235
-0.007966235113235125
-0.021074576809255344
0.07712792105522391
0.14317249849301564
0.08159081763208088
0.07191678774122026
0.16314040203987146
0.060749015706870364
0.06455900905936807
0.025278814510589488
0.10768355218054802
-0.05705438105093203
-0.07669736070399316
-0.028770418549786896
-0.043894950822726035
-0.054533825337494436
0.16806938365814594
-0.05479820407430617
-0.08373362694319736
-0.1493918005408731
-0.06030835760347455
0.11110594263706593
0.15322241808116782
0.10302592915994746
-0.09021003786354811
0.13706637584379436
-0.04423394618557328
-0.09210350210807991
0.034508652965999094
-0.08458803778419667
0.0012001359621742784
0.16573873034092923
-0.11696922036782371
0.05436047339214249
0.04132133561606026
-0.13591398051222212
-0.047821410292891046
0.07442428037158132
-0.04117413821543272
0.005980384450449051
-0.029462439078358115
0.10744651371816147
0.1218204220715978
-0.05722308343476853
0.05827219399066965
0.12354032661641311
0.05247013855758445
-0.028067599467383936
-0.15965683124435576
-0.03418884042835944
0.0853244777793863
0.10027271643881287
0.045051216137474856
0.008036122402706607
-0.012080090893995149
-0.00022792762340234247
0.12008532880169012
0.029533979412131626
0.007954373264377151
-0.05577023207622605
0.017364381732792526
0.005885418162439857
-0.15414267912316912
0.04882542917393985
0.00952651146610716
0.045897178378589816
-0.019066652321129238
-0.03030575091617053
0.03303897768339754
-0.16405562725559938
0.16721765543683106
0.007404975805373206
-0.18422224042352403
0.059532595073038104
-0.034027831232536325
0.09064363683320419
0.02595398451141493
0.024296377140840663
0.03561409906158416
0.136828436563272
-0.09326075999708981
0.02170193837198464
-0.12726712268706136
0.11614393440756726
-0.08903401327807661
-0.10980291702602922
-0.15790304228700414
-0.1278444754143299
-0.12226607936099983
0.07047551580864778
-0.03952683423089449
0.0667596461723464
-0.04233353568861361
0.07320862753289135
0.07151451152888655
0.15744264363728197
-0.08002266015943038
-0.05487195989202648
-0.07159295257891474
0.00577797629513966
0.01917480965925287
-0.02662375347773722
-0.11933685551297583
-0.08461086571708097
-0.05127531250225128
0.10669707216584101
-0.011576918001322522
-0.16301801140298716
0.046382458693042604
-0.016624655499444186
-0.05032407454068292
-0.07271558782604574
-0.04341112401244329
-0.08934035795298112
-0.14952677562184652
-0.06603146431663454
0.15734075311275486
-0.0859254681116212
-0.04517300865026055
-0.10175163488270283
-0.08381441324973982
0.029097780019045318
-0.13986714030531908
-0.15216109185532575
0.18794430881147614
-0.08370953317859425
-0.1279428143431745
0.12633369341539785
0.06062847079926888
0.08717360243165784
-0.13026661755017574
0.06240638823320718
0.08486346107594853
-0.037690644651797764
0.08326280376533086
-0.06773033684270217
-0.07270798547157394
0.15373639817008017
-0.16086859120854563
-0.09104047474802515
0.07494428478790452
-0.03199605164444998
-0.03893477725139669
0.054790794597707214
-0.06146444351060601
0.09787339505291869
-0.18486955645704162
-0.055481050375382784
-0.09750049840406858
-0.08802740372260084
0.2563277015846524
