-0.0563149374253867
-0.09922549612625955
-0.07360081888046559
0.0556659492378228
0.07012449071581835
0.05527039731710353
-0.12312959853922864
0.05889243230505549
-0.015895364636357302
-0.13374761169141872
0.04908336744868911
-0.04795560568105826
0.14598990787612107
-0.0797645057912418
-0.15450600367158662
-0.12745172432925822
0.013360319193888897
0.020838874186721524
0.005051561207077853
0.15890315148624712
-0.14077858932792825
0.14097668467818097
-0.08499167510389137
0.07292809840706611
0.002692231953633213
0.03521936467177193
-0.008170964994952491
0.1402520472845231
0.18438758687494788
-0.028889136436408547
-0.08350408640819458
0.015521229832921847
0.07051048413286272
-0.027355782613507823
0.003646078817341511
-0.11995457443203156
-0.13028886954342878
-0.08963273878167007
0.08052270090722016
-0.12709176853270535
-0.09683323653193959
-0.002791970581184857
-0.0010505075802541104
-0.036259137329476894
-0.027116218570311976
0.14635096839301462
0.0831057438066099
0.06390821015914337
0.16857838712397738
0.07639352627805808
0.05281205843643288
-0.04715757837273764
0.0630398625075108
-0.045938185715843564
-0.09693784763128442
-0.022621701375853714
-0.04842766829422142
-0.08154915666930238
0.16036480628437041
-0.051645937582815896
-0.05302095817306031
-0.13552197825162188
-0.10401939724565924
0.09737790650581171
0.14918954601657852
0.08149772641372911
-0.08766897630124729
0.13167441702848356
-0.018303162494340153
-0.05193660889088235
0.04134011984412643
-0.10228393749345543
-0.01858953558580234
0.13798886391998924
-0.13072164377567017
0.06127393862786357
0.02308284883243905
-0.10298117259305536
-0.07907555749422489
0.045507266816032094
-0.06899944060531349
0.010210279528238837
-0.04903708860611199
0.07369174941878916
0.13037647140491512
-0.056902532005137715
0.015915533068824327
0.06100681755316946
0.038827517946811954
-0.009646244591613257
-0.17192775057098503
-0.04398476703852485
0.09263858570918325
0.10040261593503316
0.0401078993934922
-0.0041154977541095344
0.026837836983176596
0.04797940646332909
0.12478912549947702
0.021739053165369428
0.017497495506703743
-0.08185416834139825
0.013852903185874786
0.036017467563115274
-0.15672520780001892
0.07016415218378896
-0.0018835886132313588
0.05880404159212789
-0.015267261368098996
-0.030484408599191718
0.024717737140590945
-0.16159501591039133
0.1697850452571619
-0.0019000058429610267
-0.18354393341587324
0.06331883576780391
-0.03329076087639063
0.08530514631179785
0.06838988558408357
0.03471222890132481
0.017480154523709265
0.1389694339733244
-0.07923491546950849
0.014211144738135766
-0.1450506932776414
0.11677969136218773
-0.07499714153087793
-0.10980291702602922
-0.14854874822609615
-0.1278444754143299
-0.12394378079986627
0.07154296312010168
-0.03419911885571891
0.042907927864831066
-0.036368284648709184
0.07427234301908595
0.06674386823955461
0.1656746764631041
-0.08306087911233506
-0.05031795397283923
-0.07359766969048435
0.009430662847693009
0.03221940706507603
-0.017718978613161077
-0.13120194767292992
-0.10625448978923321
-0.06180582896616478
0.10772716480820545
-0.040521172224366984
-0.16301801140298716
0.04245648410890295
-0.045971459688367106
-0.07006868813435453
-0.07985945107339315
-0.04524720651041159
-0.10282244046043898
-0.1550229262445034
-0.06603146431663454
0.15119091298668838
-0.13238090328739466
-0.05180596518960599
-0.1193793909096196
-0.07326147200335283
0.01996418788451301
-0.1393514522308528
-0.12090023176422561
0.1827844706041538
-0.08601324148263582
-0.13289688911774206
0.12977154974082292
0.04395316402513285
0.07340539800034337
-0.16455592276051562
0.05813495118791946
0.08243171326667408
-0.03954610240081428
0.09214784612691265
-0.027030664110283445
-0.0635000310448686
0.15571036288867948
-0.17058062555449743
-0.10483488550751088
0.0688175029276346
-0.047372674699047886
-0.051845682354427367
0.05678582177022435
-0.0706047684944036
0.10183883794593494
-0.12951908880519553
-0.050271815207617226
-0.08690976447368487
-0.1092037216282046
0.2596067076411841
