-0.0860551684182072
-0.09018449978375066
-0.08204480550831239
0.11380372324820029
0.07152675694583303
0.04004634160531641
-0.15398329152442108
0.06305416217277976
-0.05312928485639366
-0.12331875138683338
0.0380712827071441
-0.04415626024917489
0.160177039565667
-0.07151570897139045
-0.07663036119298271
-0.13500803226022096
-0.061048122678282024
0.05735241211558803
0.026784516256124987
0.14569050381587556
-0.08658732503623306
0.1337054301094045
-0.06664195931880175
0.05082507107006494
0.02767901101122486
0.024616906891978364
-0.02492095120611105
0.1336875933502224
0.18120744350353626
-0.04903906906735608
-0.08567277524034822
0.012675344168971987
0.06538498030606713
-0.0031808950675849147
0.06978796623141811
-0.1251337546730719
-0.13106345806130953
-0.07065754218527329
0.08254177869728944
-0.1168071927049118
-0.1513171185387805
0.010745979150147376
-0.017001704163959505
-0.05256536960984034
-0.05350071532148043
0.14815986681749735
0.09491309159179595
0.020163033954351383
0.1764936640571349
0.05623847423888016
0.08247949328796025
0.003695184146577316
0.11735289052088112
-0.05046333462501896
-0.08979758679635795
-0.06139240836231224
-0.06735949381781123
-0.11359276439223975
0.16563954376225679
-0.04330527293806416
-0.020772237080002854
-0.1792289468801804
-0.020717853690966067
0.10817318432651772
0.14150433756475486
0.1019370456792131
-0.10088931680116937
0.14086398794683208
-0.013165900412830589
-0.07568351217989445
0.039560041135291046
-0.10127157629422705
-0.025296229235525415
0.15848468339004487
-0.13468005604714223
0.06238082222934042
0.009111946248277799
-0.10207414186151009
-0.03296527802574502
0.060670885883947645
-0.057915173492479974
0.018338012475647127
-0.054663413863847536
0.16041339306081948
0.12171964612623015
-0.07358506462763248
-0.008228386802422182
0.09779471514425671
0.05920342661870904
-0.012918742311139137
-0.1380832924199101
-0.035237263879475476
0.08973456897170107
0.09350125955560454
0.019159852427757803
0.00990839702725132
0.0648415299631207
0.03410573531462511
0.13155683761949286
0.024665974397189275
0.005180243476644745
-0.08113779334765082
0.012474295433023678
0.002103924197695585
-0.15603094594199401
0.058080484745305104
0.001963392747494961
0.07597050280567187
-0.024346939668057947
-0.016856656775659232
0.034637573527817586
-0.16242115159969572
0.16055187726801434
-0.002802043499240222
-0.1881388137887861
0.07058526118243687
-0.061835803891944534
0.06179664690137797
0.035513695621393886
0.019132596273842
0.024527616353875473
0.1321370941142064
-0.08782920146007653
-0.0067252770659678015
-0.13321347059120478
0.13184562463412033
-0.09230111159026314
-0.10980291702602922
-0.14623888970547239
-0.1278444754143299
-0.12209086493788877
0.06932828395883008
-0.042813767891036664
0.08345632575756548
-0.03201045668471801
0.07647043708853633
0.05505307254034567
0.15212247739895124
-0.07911399839494775
-0.054127646495438705
-0.05749318754711083
-0.0003115514064779603
0.029764712936337378
-0.05764999660354265
-0.12075806103568588
-0.0757473668457731
-0.06906065920208988
0.11177322872396583
-0.046844164546362664
-0.16301801140298716
0.05976521405258221
-0.022607552016016042
-0.0778170957706876
-0.07582980826417395
-0.06853112786902675
-0.11140415182957254
-0.16881385229614382
-0.07208019522647723
0.1442150266505262
-0.11918467053629046
-0.04485148793521535
-0.12405138072234072
-0.1050977023130364
0.03158796100361178
-0.14076715762690215
-0.14491171730456492
0.1761066776194144
-0.08059051091558989
-0.13165094697411017
0.12193155680688633
0.046608319621958605
0.06507095367520165
-0.1282670620862367
0.04341941971787099
0.08022770793999232
-0.040238647002176435
0.09527869957292627
-0.049314833480268466
-0.05781676442068852
0.1524737455908638
-0.17076248895503543
-0.08392469826918268
0.07450092482412586
-0.03811390385264118
-0.03502970400391037
0.038976413380173575
-0.07033740596333839
0.09836079271511666
-0.12459747322735858
-0.052627192310900434
-0.12807442619156595
-0.08339069957511153
0.2516921062524967
