-0.03236288306729295
-0.07823791492849753
-0.07611143078149667
0.021563296825990157
0.06759166277577144
0.04391805987798527
-0.17482320123404504
0.06960991405720841
-0.031280201224206904
-0.13626261968887612
0.04935029587649614
-0.03780469422414469
0.1567789156125516
-0.07833899665853299
-0.1077042471137565
-0.13112453846268307
0.00962970154765535
-0.06185199761669912
0.02440612541459591
0.1618487316359117
-0.09521432786137846
0.14080916288459294
-0.08701717822910789
0.0800538187331803
-0.02151223560337019
0.032626520893782304
-0.04173045175665784
0.1455291880629298
0.14558620933593747
-0.0410029613805703
-0.07454109020835646
0.02825662533029789
0.08487030651821556
0.0037080407971947825
0.09478105207982097
-0.14211278990829793
-0.14277770927669453
-0.1640102067885116
0.06774303918963402
-0.1399426058365436
-0.116363391207236
0.0022649933049543945
-0.017673109854688666
-0.046424393686693516
0.03169895825873748
0.1492371023542027
0.08971263016035645
0.06809253760362381
0.17189870066446147
0.07002306137575694
0.05157926380644939
-0.00913171308185389
0.08707746000059752
-0.04743462499214455
-0.10096483105561692
-0.03353915942789825
-0.07112404423740268
-0.06019064292844855
0.16406681362354078
-0.071371631881365
-0.055442485097236434
-0.15717203730492993
-0.05995792105518456
0.10631751997137458
0.15002492477254015
0.09002931407776736
-0.086623438064768
0.14409489310618911
-0.014183560691461362
-0.07054492829355076
0.020825530033639798
-0.0948686719228042
0.0014375292941966231
0.04047938149975842
-0.12680715634568143
0.031194805377307094
0.012577278790504545
-0.14087230548569152
-0.09292981002969398
0.07029697997480357
-0.0491616150412859
-0.00760074496928351
-0.02135927542710173
0.06096527481963974
0.12158798648102809
-0.042334977388603784
0.034262841027945815
0.13724923801072791
0.020610897576089648
-0.006658454652001719
-0.1667258635399348
-0.04471606815509055
0.08668365409598432
0.10877205114780764
0.031374539678519234
0.01309525246777482
0.042263004835686444
0.043429872993230235
0.1300841965146955
0.015276800898347622
0.02796722338702449
-0.08805169561160353
0.01691391652253981
-0.0003661141840135517
-0.15361055180000005
0.051392500565251686
-0.0002695832739090234
0.03995718060356895
-0.00984587068921675
-0.01955584972151292
-0.028436119325532735
-0.16395399138043434
0.17722269160536552
0.004348481132283954
-0.18359297259203916
0.06289611710293598
-0.03649721207058764
0.06339997572446658
0.06661599301112657
0.025377459437960253
0.04544286446106804
0.14662751433438384
-0.09281706727315414
-0.019308584388240884
-0.14240007707749772
0.12375287371179544
-0.062057405900930854
-0.10980291702602922
-0.16919861593885635
-0.1278444754143299
-0.12386875762017871
0.06323939405248241
-0.048607327386727545
0.08445435514677693
-0.00401681906878087
0.053348938787769584
0.06582146164746994
0.16737498865621198
-0.08671879391430326
-0.04960356545635231
-0.06727998179645435
-0.0016879600078039787
0.039090348942114946
-0.0034476250106766676
-0.10284772538504192
-0.09372769279845318
-0.07151658221093986
0.0973428825048382
-0.04468190260082761
-0.16301801140298716
0.05007468623443224
-0.03467877496002817
-0.05595919846792977
-0.07685916194582804
-0.044743604288798526
-0.05806531611375688
-0.176982275879945
-0.06603146431663454
0.15767980233695844
-0.20732017584493564
-0.04010970819400007
-0.10478521647422855
-0.07955014399482749
0.03537656704026163
-0.11787229676665939
-0.1236542481747028
0.19006167924937445
-0.06976205119597659
-0.13034156444714687
0.13612885572212396
0.042483784948413435
0.10495116703093813
-0.16416084678368545
0.04630236822599766
0.07959218287233776
-0.025395674827813915
0.08695362863734837
-0.05455457692280432
-0.047117617648559304
0.16560445652072858
-0.1580172617702362
-0.09358507181902717
0.0768042411075026
-0.013785886715758087
-0.055974699340501165
0.051413161466306374
-0.05880158098116398
0.10473510879290418
-0.1565638022316578
-0.0507075334202511
-0.12710022014716446
-0.08529684574015192
0.26606175561128226
