-0.013771564456898722
-0.08889232039311733
-0.009189521412692114
0.09395631250434847
0.07908555721762081
0.038195664312789465
-0.17501708590187093
0.0550095351833074
-0.06156771407522511
-0.13172669037529602
0.051495831913361274
-0.03798323050017201
0.15896130065803515
-0.05946146350379717
-0.09151745231232228
-0.14687075253511442
-0.009042464568104445
-0.019157532778620274
0.024271549451781338
0.17075092759841845
-0.09108211821546605
0.13578545903237146
-0.06412304878248985
0.06721394983607906
-0.04613262583774797
0.03837093226347942
-0.02354433660026286
0.15095461944181693
0.17987344614655892
-0.044406477872731984
-0.0911152204948154
0.022714394409870404
0.06793870005581862
0.022871639214488468
0.05774839709912838
-0.12100411481657262
-0.11431343791200693
-0.05989581957647019
0.09426432919155663
-0.13997833840162485
-0.11609387358920192
0.026119727279187432
-0.024478031065723407
-0.03939694224146708
0.04174328001123991
0.1560873906040027
0.08840815152956386
0.0577224546643992
0.18120691465300143
0.05685749079592452
0.0734578311440355
0.0006175357797851011
0.12971817210987593
-0.0613588714283335
-0.07679721102991034
0.007242116412575732
-0.06552950024779276
-0.06459194953267351
0.17130153717999488
-0.06487948919352557
-0.08674068612776223
-0.18071318384816157
-0.06253663749679976
0.10032126871890223
0.1417197279345635
0.09524615457946281
-0.09482562924826647
0.1341654443856639
-0.01561190168524101
-0.07750901717515188
0.03083078234129618
-0.08378216687966401
-0.007832254570994486
0.14141390560082012
-0.11399771000151124
0.05020110834030239
0.00794902824734027
-0.17619674491664447
-0.09490366292810185
0.06853545271869788
-0.06590458252704132
0.029879881723865163
-0.04075830079370015
0.11766918025142377
0.12723363144241912
-0.09057193513859033
0.05626574453330666
0.11538614306807679
0.06925498125814816
3.116643281145346e-05
-0.1632036337582322
-0.03003646879115706
0.10386164900999587
0.11116524865970122
0.04259218737645254
0.0006788632669516728
-0.0153025974235185
0.06479399660180768
0.12449364248473684
0.017685810870632684
0.013829046649079456
-0.07424010848262252
0.017498222150262224
0.021542720862117545
-0.15451526520069195
0.06870630659008621
-0.0002600458415970015
0.0013652493247953946
-0.021113771459837956
-0.036519879121068605
0.024976225346369653
-0.16305751539382154
0.16394845979047382
-0.004639063755110341
-0.18971075404243123
0.06208532791212634
-0.04280596404593076
0.07581652371511134
0.02555195039199022
0.030902220210718118
0.027756198195628717
0.1348387796606922
-0.08596687794186801
-0.036398109625855275
-0.1334532045200948
0.11804257017567903
-0.07690595157234016
-0.10980291702602922
-0.15901154680390764
-0.1278444754143299
-0.12064146894837033
0.07384554783827153
-0.03218240655271689
0.04168341132691676
-0.011757715365322684
0.07678328294498231
0.06791971370569645
0.1562077826428254
-0.08383399107903435
-0.050574378044857024
-0.04562351764164028
-0.008415137463068004
0.028465549803914164
-0.08725653404294222
-0.24212051353548356
-0.08858183079679456
-0.06738378515882278
0.11842546968000567
-0.03895420072472488
-0.16301801140298716
0.06480151687882892
-0.06258377929670268
-0.05802078629994871
-0.07567486969472843
-0.061623392781327904
-0.08609720999914049
-0.16415435314052682
-0.06925796638976511
0.14440816383924054
-0.1497827918069134
-0.05209585502380428
-0.1097942746881119
-0.06753856562203668
0.029131673589239068
-0.12736733061666844
-0.11867407012133213
0.18257198074381972
-0.08448958463791727
-0.12950374082083896
0.12447442983609779
0.05881518151944378
0.05039975902333523
-0.17591646834581004
0.07839526358096988
0.08055587313015683
-0.035007377226549445
0.08137429537666756
-0.0456008542825549
-0.04427349818802851
0.15435445233875958
-0.17183663180753142
-0.09224964518776006
0.07322124854950993
-0.056548462933391996
-0.03330851242272976
0.04336003324496891
-0.06234708949280015
0.10244138150056105
-0.1429628622926239
-0.04375642406048197
-0.13248036754672948
-0.08257807287439306
0.2549111320025955
