-0.2891270997105242
0.03191684878255892
0.11186830544242099
0.40000072466167386
0.1650868128945657
0.2271283945902774
0.38617515648456824
-0.030252495420098106
-0.2117895375980996
-0.2544127622241328
-0.19762929648160898
0.16771639841274166
-0.18703896457519298
-0.18166572175420154
0.34253275432544394
-0.44442937081938927
0.23243688001276522
0.335883851890613
-0.19781858623534274
-0.3668548186157622
-0.2372766558511115
-0.12774796816123385
0.37409719227335303
0.045326817303899175
-0.16572783583767337
-0.3523418757287887
-0.09559539634548563
0.13094045471360227
-0.10008007799590746
-0.010017261592337632
-0.3828040731648734
-0.1636458899855812
-0.4241789805725718
-0.23544721830127732
-0.06960806768898659
0.35205359750545384
-0.3493785428144052
0.15477262405063735
-0.054718344080638026
0.21842289923387845
-0.3318086398594537
-0.3727948951088305
-0.15097913001037294
0.30411081012064306
-0.173833864404468
0.6853297792210759
