0.14350872092505906
-0.09267949074785249
-0.025079411777258837
0.13039424230114016
0.017241574992174803
0.22881432163280516
0.1624033746509909
0.1649983926855729
0.10155230195663996
0.03181703671385907
0.04748024800670984
0.05551825383064111
0.17397384289385262
0.036012688705902754
0.14789297410746985
0.11504169963950497
0.001501767179222237
0.005689509729418866
0.1132927701592854
-0.06749080152680977
0.2204664493016762
-0.0030493198020868986
0.03227911688579449
-0.037375466032134694
0.04511981785719108
-0.09324599117004659
0.10949533098610521
0.09801146453124485
0.1470969568704892
0.13264927993784134
0.2825102187708276
0.40480675749180745
-0.2256855221977182
0.3889975294724471
-0.06384969254720213
-0.007907760562834284
0.13775979090122759
0.39281921226719785
0.3420595523194117
-0.33363621205759025
-0.17080924996423616
0.2624991462779274
-0.17157059304662325
-0.06991885744843042
-0.009206042481103096
0.219277608542347
-0.06445512595172803
0.1458250569926835
0.12013447684494027
0.2082612659310941
0.216867362403791
