CID,a
11,0.038247718175904284
34,0.03740117777064436
174,0.036693833606517796
176,0.027745503819374413
177,0.0361140386511032
178,0.03656315958422935
180,0.05373258981708478
196,0.08245246732439258
222,0.01378610935143074
240,0.10304782953289719
241,0.09573576576397431
242,0.09458242548029805
243,0.09458242548029805
261,0.07334335167504212
263,0.07894699463952434
281,0.010948210476079552
284,0.010144281165044133
297,0.028217066595458792
300,0.023248613008882993
311,0.05933452833779802
335,0.10790549427448931
342,0.10818956823598593
379,0.13926441888410065
398,0.059703824487743626
402,0.01927157754793038
453,0.08885833515614126
527,0.054689919067328376
674,0.05316160115447659
679,0.05912431360629054
700,0.04611656690936053
702,0.04088676527820784
712,0.019123859087952142
713,0.01905284059757799
753,0.05010780606838797
757,0.022718246922768814
768,0.021149306433423005
785,0.08074802355541288
867,0.027455748378647865
878,0.03803466270478182
887,0.02353836844960954
931,0.1444714945983336
971,0.009888898673658674
980,0.08445518875294372
985,0.2878549859241352
991,0.18092670607719427
995,0.20452188931910315
996,0.08965374224833178
999,0.11360685868172637
1017,0.09567895097167499
1031,0.06033162794265116
1032,0.046326781640868016
1049,0.07809761349464947
1057,0.07884472801338557
1068,0.057104547740049603
1110,0.045281389462560474
1115,0.1634391130074626
1133,0.04410248252234952
1140,0.11399319926936179
1146,0.07231386763857837
1480,0.11264668869186782
1486,0.11593058368676869
2345,0.1929572383465759
2347,0.30286829478923133
2682,0.2812190181835743
2879,0.10804753125523762
2969,0.17644401896477768
3026,0.2480249757826948
3283,0.08053212734467546
3485,0.07589035881382077
3776,0.0598827910834865
3893,0.21351567094008597
3931,0.295507938446854
4101,0.12636746103215432
4133,0.11019228966453706
4510,0.045576826382516956
4650,0.08098664568307005
4684,0.08212578226867147
5054,0.07989580167092304
5143,0.10644819485201167
5251,0.09117353794233866
5281,0.3251198081932612
5641,0.050141894943767557
5780,0.08885833515614126
5976,0.05912999508552047
5988,0.1634391130074626
6061,0.039960684163728874
6108,0.1131608625621767
6115,0.09929237176191194
6228,0.0574823661088401
6276,0.09724703923913632
6278,0.04459677121535363
6319,0.26823683814317895
6323,0.02526837887512393
6325,0.043000275551742656
6327,0.020566954812354946
6329,0.03375082736541286
6332,0.03939821771996557
6335,0.055454078023754266
6341,0.0515821499285554
6342,0.039097099320779156
6348,0.032157172441416845
6351,0.061948008783566884
6354,0.03929879183344176
6360,0.0838699963922607
6361,0.060226520576897404
6363,0.06906974299828704
6365,0.03411444203612853
6366,0.034043423545754375
6367,0.03413148647381833
6368,0.03762275546061173
6369,0.022569676240906084
6370,0.009479548095142051
6375,0.02305260197545033
6377,0.06128895719289475
6378,0.05278662352530105
6385,0.0880061132716514
6403,0.12107232238985743
6405,0.09678399868189683
6413,0.04878402140781374
6416,0.10187460407191616
6421,0.017067163606716645
6492,0.16702412640154993
6511,0.17050119169026848
6527,0.015774627081907043
6544,0.15053647367628636
6557,0.0877476059666895
6558,0.08851744640234532
6559,0.0756531570559711
6562,0.06822036185341215
6565,0.05437459697006713
6568,0.07871178139940516
6569,0.07234227503472804
6573,0.052672993940702406
6575,0.02739325210711861
6581,0.041784438996537145
6584,0.04815621795290622
6586,0.0224844540524571
6587,0.04160263166117931
6589,0.11307166333826676
6591,0.026620570931847817
6616,0.17783314063649613
6629,0.13693217166021346
6654,0.16908366262240038
6734,0.17958587697893025
6781,0.16326866863056466
6811,0.09549146215708722
6854,0.1794694066547166
6944,0.10498237321068914
6946,0.0939404183273157
6947,0.08471369605790564
7005,0.14373858377767235
7042,0.11691063885393202
7044,0.17846378483101863
7047,0.13668218657409645
7095,0.020646495521573997
7187,0.18742347757662184
7198,0.1427045545578247
7219,0.13919340039372652
7237,0.12607770559142778
7239,0.08033327557162784
7242,0.11736061200894266
7245,0.08216839336289597
7247,0.15048249962360202
7282,0.12112345570292682
7285,0.047045488763454456
7288,0.09098036764852097
7294,0.06270932700037782
7296,0.11478292488232236
7302,0.5751815942798867
7303,0.033591745946974755
7343,0.09823845736475949
7344,0.09351743219864725
7357,0.1323642623593479
7360,0.011516358399072783
7361,0.07529380349467787
7362,0.0695015354197619
7367,0.10756460552069337
7393,0.17104661369634197
7407,0.14107766298033356
7410,0.12077972620951591
7412,0.09602552120470087
7416,0.08771919857053984
7422,0.004320764954363518
7463,0.169532499481565
7498,0.10493976211646465
7500,0.12761170498350952
7501,0.12778016084267702
7503,0.10824638302828525
7515,0.11866905667559605
7519,0.11038034662704782
7564,0.1815942798867113
7583,0.1773076038077274
7641,0.3808579601785121
7705,0.16973419199422762
7720,0.15318972447666476
7751,0.061396905298263464
7768,0.1054567767263885
7809,0.12595271304836927
7810,0.10955312325116968
7812,0.09350862590584084
7819,0.11723732390965312
7834,0.07542731825658128
7835,0.0526900383783922
7839,0.05660173682820059
7843,0.07784478766891749
7844,0.08015430897588496
7847,0.04909366202584505
7848,0.08339275213694637
7852,0.07010377221813473
7854,0.05718749733680661
7855,0.052959908641813984
7858,0.055573389087582845
7863,0.04041236176250849
7865,0.030540791600501105
7867,0.06340814894565949
7868,0.1431647543754492
7870,0.10050820831711745
7892,0.09586075830703282
7895,0.09095764173160124
7900,0.06902429116444758
7903,0.06014982060729332
7904,0.05840276574408913
7912,0.13521068345354398
7914,0.11697597586507624
7915,0.06639660702060389
7918,0.050531076271017925
7922,0.04659949264390477
7923,0.042383835055295
7929,0.12595271304836927
7933,0.08131617147840613
7955,0.05878910633172453
7958,0.15362719837736954
7959,0.14014788890435514
7961,0.09122467125540806
7962,0.13260004374739007
7964,0.09097468616929104
7966,0.10864408657438052
7967,0.10294272216714345
7991,0.08352626689884979
8003,0.09586075830703282
8007,0.08865664264347867
8008,0.07588126844705287
8012,0.10180642632115698
8016,0.06596481459912903
8019,0.050411765207189346
8020,0.05803062885452857
8023,0.07112359773990756
8025,0.04921013235005866
8026,0.04129867252237793
8027,0.06659545879365153
8028,0.07464043338323566
8030,0.08265131909744021
8058,0.12117742975561117
8062,0.06783345311785377
8064,0.07634487715221536
8067,0.12044735967456488
8071,0.07451544084017715
8078,0.11425738805355362
8079,0.10948778624002545
8082,0.10100817848935148
8102,0.11648452791168709
8103,0.11609534658443674
8105,0.09242488374273126
8117,0.07034807582502181
8128,0.1270179904039816
8129,0.1346624207078555
8130,0.12923944878288512
8133,0.10374665147817887
8141,0.17690705952201716
8142,0.15384309458810697
8158,0.15790535223750857
8174,0.1907443021865173
8193,0.21136523105155658
8200,0.13809119342311965
8202,0.3402921984767954
8252,0.057664173444197935
8254,0.04424451950309783
8285,0.08142411958377484
8343,0.3934878885066516
8370,0.07029410177233746
8404,0.16325446493248982
8418,0.20599055170004063
8461,0.10426934756733264
8471,0.12621690183256115
8489,0.08302061524738581
8497,0.08963953855025694
8561,0.2840512355796956
8640,0.14746563415250796
8821,0.08085597166078161
8846,0.1187826862601947
8857,0.06649035142789776
8858,0.09491195127563412
8881,0.05273833095184662
8892,0.10212174841841823
8900,0.1397501853582599
8902,0.12823950843841703
8909,0.15495950525678864
8914,0.17174827638123863
8946,0.146369108661131
9033,0.04664778521735919
9275,0.3005814993991836
9321,0.020581158510429777
9731,0.09570735836782465
9864,0.02388777942225038
9868,0.014655375673610381
10005,0.042170779584172535
10038,0.03204070211720324
10040,0.029042017379644968
10041,0.09466764766874704
10800,0.09521591041443551
10899,0.06034583164072599
10900,0.03393831618000063
10928,0.03927322517690706
10961,0.03545527113439255
10977,0.09798847227864248
11005,0.25066402288499834
11006,0.2881390598856318
11185,0.0983378832512833
11487,0.18509975257157954
11583,0.1093252959340494
11641,0.03967376946261729
11772,0.0943182366961062
11813,0.10033492320060451
11883,0.1000252825825732
12067,0.10054797867172698
12075,0.10080364523707393
12161,0.13991778899554289
12228,0.03494677874331361
12278,0.1267481201405598
12418,0.026711474599526733
12582,0.13304888060655473
12971,0.06540802963459566
13190,0.19747685507398707
13381,0.17996369534772075
13387,0.08840665755736164
14260,0.23125324909593464
14817,0.32282733132398356
14846,0.06910099113405166
14896,0.16937057732351196
15122,0.14742302305828348
15158,0.05382747052022464
15413,0.09851400910741122
15600,0.19546532735262953
16606,0.18202891304780114
17095,0.2323895449419211
19499,0.05972655040466336
22311,0.17860582181176693
24142,0.05732612543001696
24750,0.17276242042378157
24870,0.0
24874,0.08837825016121198
31207,1.0
31236,0.11682541666548303
31260,0.09744305027256897
31261,0.07612898094147792
31264,0.0915144266961346
31268,0.08302629672661574
31272,0.10355632192397614
31275,0.07199854554131714
31276,0.1267481201405598
31285,0.161226176847404
31347,0.07864587624033793
31357,0.22951471645157534
31374,0.07521994426468875
31423,0.22571948832598057
40818,0.03479053806449047
61021,0.09864468312969965
62695,0.07995261646322237
82170,0.08885833515614126
89594,0.17255220569227403
104745,0.046326781640868016
125468,0.07842998002960051
200164,0.08245246732439258
220520,0.08468244792214101
237332,0.08198374528792317
440917,0.1775831555503791
440967,0.16937057732351196
440968,0.16908366262240038
442021,0.08468244792214101
444266,0.04140946136736161
444972,0.04115947628124459
447466,0.06733973257277265
518772,0.03640975964502118
637090,0.05972655040466336
638088,0.20737967337175908
642197,0.14742302305828348
643460,0.09117353794233866
643792,0.05972655040466336
1549236,0.09117353794233866
1549237,0.09117353794233866
2723790,0.045017200678368625
4643716,0.07310359325153898
5086465,0.04410248252234952
5257909,0.11216944443655351
5280450,0.295507938446854
5280590,0.3402921984767954
5282457,0.295507938446854
5282797,0.295507938446854
5287573,0.07995261646322237
5324279,0.04041236176250849
5324280,0.04041236176250849
5354264,0.13304888060655473
5364509,0.3402921984767954
5364673,1.0
5460332,0.295507938446854
5497163,1.0
6327386,0.0383045329682036
6328162,0.20776601395939448
6432115,0.14742302305828348
10290825,0.16937057732351196
10997035,0.13304888060655473
15302585,0.2996497368054747
15764013,0.6155115745935612
16213094,0.13973711795603103
16682930,0.14133815880302594
16682931,0.24416441064595582
16682950,0.01393382781140898
16682954,0.18505998221697
23266392,0.049306717496967516
45253964,1.0
46782954,0.1634391130074626
69897601,0.08468244792214101
71308275,0.08885833515614126
71586776,0.4875447771581809
91692850,0.1634391130074626
135406868,0.02945562906758404
135564772,0.10050820831711745
135565233,0.06902429116444758
