1, C4 0,, 0, 1, 10
2, O2 0,, 0, 0, 3
3, N3 0,, 0, 0, 3
4, N3 0,, -1, 0, 3
5, S2 0,, 0, 0, 3
6, C4 0 H1 1, 1, 0 0, 1, 10
7, O2 0 H1 1, 1, 0 0, 0, 3
8, N3 0 H1 1, 1, 0 0, 0, 3
9, S2 0 H1 1, 1, 0 0, 0, 3
10, P5 0 H1 1, 1, 0 0, 0, 3
11, C4 0 H1 1 H1 1, 1 1, 0 0 0, 1, 10
12, N3 0 H1 1 H1 1, 1 1, 0 0 0, 0, 3
13, S6 0 H1 1 H1 1, 1 1, 0 0 0, 0, 3
14, P5 0 H1 1 H1 1, 1 1, 0 0 0, 0, 3
15, C4 0 H1 1 C4 1 H1 2 H1 2 H1 2, 1 1 1 1 1, 0 0 0 0 0 0, 0, 3
16, C4 0 H1 1 H1 1 C4 1 H1 2 H1 2 H1 2, 1 1 1 1 1 1, 0 0 0 0 0 0 0, 0, 3
17, C4 0 C4 1 H1 2 H1 2, 2 1 1, 0 0 0 0, 0, 3
18, C4 0 O2 1, 2, 0 0, 0, 3
19, S6 0 H1 1 H1 1 O2 1, 1 1 2, 0 0 0 0, 0, 3
20, C4 0 C4 1 H1 2 H1 2 H1 2 C4 1 H1 2 H1 2 H1 2, 1 1 1 1 1 1 1 1, 0 0 0 0 0 0 0 0 0, 0, 3
21, N3 0 C4 1 H1 2 H1 2 H1 2 C4 1 H1 2 H1 2 H1 2, 1 1 1 1 1 1 1 1, 0 0 0 0 0 0 0 0 0, 0, 3
22, C4 0 O2 1 C4 1 H1 2 H1 2 H1 2, 2 1 1 1 1, 0 0 0 0 0 0, 0, 3
23, P5 0 O2 1 C4 1 H1 2 H1 2 H1 2, 2 1 1 1 1, 0 0 0 0 0 0, 0, 3
24, C4 0 H1 1 H1 1 C4 1 H1 2 H1 2 C4 2 H1 3 H1 3 H1 3, 1 1 1 1 1 1 1 1 1, 0 0 0 0 0 0 0 0 0 0, 0, 3
25, C4 0 H1 1 H1 1 O2 1 C4 2 H1 3 H1 3 H1 3, 1 1 1 1 1 1 1, 0 0 0 0 0 0 0 0, 0, 3
26, C4 0 C4 1 H1 2 C4 2 H1 3 H1 3 H1 3 C4 2 H1 3 H1 3 H1 3, 1 1 1 1 1 1 1 1 1 1, 0 0 0 0 0 0 0 0 0 0 0, 0, 3 
27, C4 0 H1 1 C4 1 H1 2 C4 2 H1 3 H1 3 H1 3 C4 2 H1 3 H1 3 H1 3, 1 1 1 1 1 1 1 1 1 1 1, 0 0 0 0 0 0 0 0 0 0 0 0, 0, 3
28, C4 0 H1 1 H1 1 C4 1 H1 2 C4 2 H1 3 H1 3 H1 3 C4 2 H1 3 H1 3 H1 3, 1 1 1 1 1 1 1 1 1 1 1 1, 0 0 0 0 0 0 0 0 0 0 0 0 0, 0, 3
29, C4 0 C4 1 H1 2 H1 2 H1 2 C4 1 H1 2 C4 2 H1 3 H1 3 H1 3 C4 2 H1 3 H1 3 H1 3, 1 1 1 1 1 1 1 1 1 1 1 1 1 1, 0 0 0 0 0 0 0 0 0 0 0 0 0 0 0, 0, 3
30, C4 0 C4 1 Cl1 1 Cl1 1, 2 1 1, 0 0 0 0, 0, 3
