0.8957968794618167
1.182179186997554
0.9379838825631699
0.8743345748931862
0.22509225047442794
-0.14221657599340098
0.7672720541083433
0.8846018572813814
0.47349490743603967
0.816990442363349
1.0073847727781293
0.9388869164019812
0.9168881359977594
1.0290321011680692
0.8805338984536332
-0.10771045885538609
0.8474939781615402
0.9491470631514756
0.965025906022574
1.0605796953031397
-0.05903971021024515
0.8852382701461818
0.8276381942414727
0.23624648232595644
-0.061611235319646705
1.0831546218517254
0.776827317254459
0.8250571272400629
-0.13009207940235248
1.0420606913351145
0.793884129817384
1.0816973907949565
0.8784591087143282
-0.05493069284584446
1.1236407904574024
0.9849319225998243
-0.07986958974188155
0.8432080656567946
1.0322652479418792
-0.031578720065077684
-0.14172251432421418
0.9116755177454605
0.781914258270589
-0.3176134751746224
-0.3348180237279955
-0.29448579189055635
0.865716697168119
-0.151751240232001
-0.09502772143213192
-0.2182012328808089
0.03681945652344808
-0.2463080823515178
1.0711973094062148
0.04935360191215066
