128 13 1
1.7385664054801844 1.850255524623859 1.6557207444655049 -3.706853684365414 -3.708200170100862 -3.8166399005697107 -3.8462495842261855 -3.742233290859932 1.7300636617079839 -2.273946862050884 -3.4642033682931093 1.816341876652476 1.5969038540575453 
1.9565503850299464 1.5916660756311882 1.9620688107618083 -1.0485684585583588 -1.0377446826265384 -1.2676643581289608 -1.2128695460931778 -0.9853919481755593 1.9927169426954159 -0.9734470084257293 -0.9258871744468679 1.9238025020020377 1.9092541181087703 
2.7834993250423676 2.743150115667033 2.9220738220437257 0.20820088184264052 0.0336865657491493 0.07341023311014117 0.24380196917417638 0.18029512430734906 3.036064021374248 -0.009013195259544592 0.1498036686015077 3.0519649312948824 2.7006820063650676 
1.6757751375297105e-08 7.272160329265003e-07 1.616535864580689e-08 -9.504687222810163e-09 3.353371713550772e-08 -1.922364000372984e-07 -1.9788465649222322e-10 2.2990756058724835e-07 -7.39002389636472e-09 -8.267150104191794e-09 -1.269412672534358e-07 -6.494521485983276e-07 4.293521783678124e-09 
1.7237107190783998 1.7326136043907592 1.9303982240387665 -1.206145495638106 -1.0172161268245434 -1.2177054849656992 -1.0269453212459922 -1.0194268493156242 1.67805819874133 -1.4968224129474115 -0.9327222062156535 1.7740779827798343 1.6008202624023946 
0.1761088669154752 0.21265821034679297 0.25755883386718376 -0.5888957982041167 -0.8135762226635768 -0.704923946288984 -0.7623027930767899 -1.0399944076219114 0.2859850790110514 0.042317828031945275 -0.8785405939166377 0.3089356820306939 0.0511930677968676 
1.096305687185439 1.132163429723171 1.160393540827111 -0.28565422283306635 -0.1855829793691095 -0.3957343227943365 -0.4378482516319599 -0.0749430702429698 0.9701534541367944 3.165274072081511 -0.22496514970574039 1.0528985205671684 0.8498258660021056 
2.000267623856622 1.7794669184841665 1.9380256250254762 -1.0203164635109918 -0.996124361077434 -0.8467591438120289 -0.6998611938627368 -1.1001822534245123 1.8680391700019645 1.5069563651664435 -0.9196608173404027 1.937391931298247 1.7050525623003436 
1.989803283814993 1.8583332591575965 1.7123995735728217 -0.9204862093845008 -1.0621637197713223 -0.9001910113244453 -1.2803199340129454 -1.278848207487053 1.998285598265899 -1.2957382684641796 -1.2625548117239844 1.894366826399592 1.869840359817368 
1.1205939389868191 1.0173757486524622 0.8798874244384265 -1.1460389288871036 -1.2563244079626144 -1.272352037714537 -1.0095833292806884 -1.9007050345332535 0.9581410193433062 0.30218048577847806 -1.1005753939085086 0.7650896824526915 0.8137883712173722 
-2.544036241043526 -2.3676983226141437 -2.5708400210810463 -1.5407417747551805e-05 8.792417625617006e-08 -3.2110299754783603e-07 4.549805657742725e-08 -1.7221250954480436e-08 -2.4258335182818302 2.3380745649289914 2.2658197025067814e-10 -2.716084739995612 -2.741299019336068 
1.1691512894283573 1.1213063425534924 1.256671996544239 -1.0485796053917398 -0.9096839248873926 -0.9517512801121285 -1.1764819811460463 -1.1302470523758172 1.5178210525079299 -0.4092166389795434 -1.1800965506132144 1.1908099420447364 1.3738535314664173 
1.2319559841758387 1.3772760063590739 1.6484135378100735 -0.6598621895681139 -0.8874501323938467 -0.751284431206441 -0.6200818937258872 -0.7325588034145883 1.2158329304609052 -0.7840019347079209 -0.7732649130812037 1.320400828503319 1.3461953233703197 
1.8622288797332789 1.7439352243432005 2.12013591567106 -1.161230661012373 -1.1489166846922492 -1.2044963066808854 -0.9103847070238681 -0.8594811927001584 1.7369137743730674 -0.6703631633225859 -1.3722399769953 1.851127350580849 1.658973893325132 
0.6349970691011508 0.3520416883575336 0.503484130337213 0.42907638010017884 0.25030880265809846 0.4536085425011941 0.3749261831205274 0.5575760133000514 0.44168366594472 1.0512240321964843 0.6294588193583258 0.6196787388368413 0.6659702718905754 
-0.1215836937854073 -0.5154193042724798 -0.31267926638499666 0.024806463367330854 0.27301887132537356 0.21599655326645545 0.17242843664072421 -0.23837101444660497 -0.24355376983657936 -0.6180779611648832 0.1843353052272733 -0.28572886508607115 -0.3364661053832013 
2.986737424118125e-07 2.6751745746613747e-07 -8.593140022892341e-10 5.096500332953933e-07 -6.247770062806325e-08 -1.3452832518925338e-07 -1.1722066822457794e-07 1.1217046981198244e-11 -6.303572066404087e-07 4.100045291444017e-07 6.359498579020735e-08 -6.895432792207716e-07 -6.019928411774944e-08 
1.735853168586294 1.6394157377565632 2.0238933316161236 -1.3622019494032518 -1.1175899435493368 -1.3361031695625305 -1.1766629483125528 -1.2041405210062566 1.971558540669626 -0.9625534158250465 -1.214715454156837 1.8963659094082226 1.6616554559756156 
3.252382368648155 3.259735957803754 3.1664436985341182 0.2448230950108849 0.24049102437194278 0.17656507492994072 0.2730472298970999 0.317899787120096 3.2838382854514663 -0.4723901177491437 -0.16236474627450787 3.2683832752577526 3.0607320093930808 
-0.8242368147394602 -0.7193799512119617 -0.5548184447308179 0.26373652413486387 0.373655463656619 0.5220069162367085 0.5897120044392449 0.5439006361969353 -0.6564547923478776 1.7516099906651936 0.20364938525121373 -0.9010271634453251 -0.7906060776709293 
1.7527166247665074 1.7873469511618565 1.8410393167525543 0.4701884122874463 0.6341612415859369 0.4273921332141398 0.616889158891647 0.4698001939331432 1.6072131342106628 0.9294561862009887 0.5568140052790186 1.5418089481209558 1.6535588331501672 
3.47332679245001 3.656916429148984 3.6705855570978607 0.6870335276460325 0.7016896708084395 0.691675002886548 0.7796200352107874 0.4347458229899777 3.6660381625098655 1.1331090672948019 0.5770665503604059 3.3731265699981186 3.5879499132185804 
1.5287746260992865 1.625861401268713 1.644525346914598 -2.325515389977803 -2.3104053131469304 -2.2750840589126393 -2.354718428918488 -2.2841741679489362 1.4544032512123046 -2.115540403254544 -2.430290292827533 1.303762495622139 1.6597396158407622 
1.753277010466149 2.0006621895674157 2.1255544083472615 -0.035318245552216194 0.0182805874539158 -0.16767692709153456 -0.17773715664009385 -0.3434319607495104 1.771761804976417 -1.3638387495065696 -0.010211174673626198 2.0211648813507996 1.9939675725456176 
1.2534253284419896 1.182152658630077 1.323718051027556 0.04913612141975653 0.1922710944615481 -0.1326945609722622 -0.2662731762721172 0.03237524618824173 1.3181851287878126 -0.09171114076670818 0.288599573282365 1.160671070108096 1.305061757996459 
-0.720122386471947 -0.8587901245435775 -0.5825200422280467 -0.8299476206273673 -0.5799648962051204 -0.8118526329933466 -0.6560310476516887 -0.9595892510691377 -0.7026061266737066 0.1420909331918541 -0.6397947672993083 -0.8053216531620224 -0.5952175016110206 
0.7572958772804599 0.6122746921069627 0.8623548401107214 0.039237397155013766 -0.09901590776647325 0.17144899185592724 -0.03486935993040573 -0.5112205470644825 0.6953878512054432 -2.0362846616109245 0.008193254357760598 0.3936646374538205 0.6661555764187371 
-0.7868178439535977 -0.94881725879816 -0.972763432492469 -2.040036446995033 -2.090324029147937 -1.898070680367627 -1.9445781908345665 -1.98588909059519 -0.67449453972087 1.2378167364979737 -2.3087140477287784 -0.7061500466108325 -0.8476507558058812 
1.7500091302954983 1.5899932442162257 1.8121031305126654 0.3336887463522654 0.47180623180981707 0.3951044855259679 0.3350126699878918 0.5622122540050293 1.4259192528304978 0.5120547953052991 0.4953812107616978 1.4780172752319014 1.6799599431808008 
1.292760642328404 1.2612261022766167 1.1329599481259545 0.4552092148607605 0.35749168167951445 0.44149497164043167 0.6613111473763412 0.622954525415816 1.1142752631875676 0.664032195115587 0.4582810977082 1.012389493482327 1.175862195557023 
3.2203682044394184 3.4271555143673527 3.3749417951352805 -0.6490104098411438 -0.4736608336102717 -0.40122414301073533 -0.5414467266765387 -0.0642338758794506 3.3375636960184027 -1.3080476568363828 -0.12219718733893242 3.4364075657142883 3.159935444888864 
0.7356699819098512 0.6217074787711047 0.9071853653208432 -0.4115157608190617 -0.3977026792936995 -0.5572910025694302 -0.48434030761757113 -0.4410489874406319 0.7003685939491379 0.6285285561068413 -0.25706514359930066 0.730445847896893 0.5385257150853556 
2.0516615316526643 1.8542902545922446 2.1325353995023444 0.7440123217712346 0.6913005188835795 0.9100845909768609 1.132105149270667 0.6682134583422076 1.887778421450035 1.2126108111699239 0.7649836225213694 1.9837128026295996 1.815358962298826 
1.1993759855492414 1.0660339562080536 1.139878066063513 0.038831668812193604 0.1873226440229757 0.12709529606397466 0.02276896139476144 0.07568670817865646 0.9073382860078988 1.1145028482829724 -0.028256254049087853 1.1261894897844411 0.8583340827556539 
-0.08924536359529348 -0.2622466050789586 0.09030746984189457 0.41119769164883246 0.39173056594939026 0.5431333048666768 0.3141370073535284 0.2918639232838313 -0.2287260090824212 3.5512504616361635 0.3633090322729194 0.10452159897540128 -0.003066051776354376 
-0.8128459758494065 -0.7555408567388275 -0.8989042724680617 -0.12982319022296263 -0.09894015805470013 -0.056028412153069015 0.07095100678927437 -0.13737919247499422 -1.007292335989884 -0.13210776240191535 -0.0932603188198266 -0.7270412845450016 -1.0227114739063157 
0.7474310555652088 0.6345586751921561 0.9096009875358279 -0.33417504926545044 -0.3413821721902175 -0.29484631992589205 -0.2930726887520525 -0.3303119302607939 0.8089036845485058 -0.3217274144619656 -0.2742266445046608 0.7184359102241441 0.6333050681598775 
-0.3487778516854434 -0.48286698497524194 -0.3792516253281859 0.5490150753342229 0.47063178673904416 0.6137875540968705 0.6334323706732189 0.5186799944075948 -0.5755708003617936 1.7965648750553238 0.581013168400107 -0.5401054819287248 -0.6242373238504866 
-1.025449750893534 -0.7946966111145453 -0.7340012437662761 -0.7721699022956378 -0.8345321133097746 -0.8774509302520972 -0.9261005438443387 -0.3669879096168421 -1.0491687463358428 1.939013374233049 -0.85332466553125 -1.0246976509793815 -0.8722444761864155 
-0.5278016093892487 -0.28968342987848744 -0.5081554775284359 -0.6592492236721754 -0.660993918119008 -0.6405160366485239 -0.6616498307377371 -0.6509813697180238 -0.3940714664687968 1.5500188960381331 -0.6582402769482365 -0.35529823570519103 -0.1697793872591651 
-0.24249126005934618 -0.3034563279791452 -0.17991879954081436 0.8099546319550686 0.6735461579309998 0.785263997003654 0.7141500676651553 0.720299732840879 -0.38089383746195077 1.178537103139301 0.7664308213797114 -0.49721397455759864 -0.15620298654173775 
3.1914234438338807 3.181122755884278 3.172324288984741 -1.17964188044853 -1.2028359679905658 -1.140361518998233 -1.133812676206125 -1.1724386195124707 3.169101290977066 -1.17673524154019 -1.1016018487628856 2.9007341394074024 2.835861382951959 
-0.40749695968010263 -0.5740865360152182 -0.30255288215752785 1.2785794188784205 1.2262623670546662 1.3400364205792685 1.41527020462859 1.1662413598291632 -0.6716358588096005 1.2417353024258582 1.3411327403171511 -0.44043882092054004 -0.3987301153043902 
0.9106275103736414 0.856416401521893 1.1436834637073672 -0.18574083971067087 -0.5382930551517509 -0.30177027853952165 -0.1594444029130745 -0.3153036686499504 1.233646055187125 1.9497540686622992 -0.5397652044265222 1.0270532382854598 1.1688546552763075 
-0.05379272332817051 -0.10036064794127506 -0.09414443958942266 -0.6535492573226328 -0.7024438384265449 -0.6954656159010858 -0.3145967985656934 -0.568647808438969 -0.03364270299696962 -0.3770579045871639 -0.5068376607336706 -0.2683636675194346 -0.07013513815399085 
1.6718393030091272 1.8049890634748171 1.7251861289569779 -0.29573584340839165 -0.1753706798749818 -0.15216544277106941 -0.14174748071171828 -0.050274589963652076 1.58277667555429 0.001193311078512453 0.021130513402048853 1.5235985157265293 1.603717030462339 
1.6923451865470933 1.7032388834976495 2.0424442707876733 -2.427040959552168 -2.456970522248236 -2.6034708116538683 -2.4880269404173867 -1.1956104874944264 1.9703740560186382 -2.867016179801064 -2.3672517225494203 1.9875923011568504 1.8023358431121932 
3.7871272022531213 3.652786200456395 3.6945849579315366 -0.4468771456307882 -0.32870749315530207 -0.3461744419900399 -0.05812299663331263 -0.7812439952831882 3.56527250552823 -0.06853728410946804 -0.3819274402625234 3.459071426779097 3.6085773516060233 
2.201338430901587 1.9520997365046695 2.236194263545077 -1.3041386697235227 -1.2671771858249843 -1.2096257425060117 -1.73638328844461 -1.3551852988802144 2.276194001878266 -1.8083225720048615 -1.4360889774405081 1.8750565594247557 2.19068384688495 
1.9094646167708489 1.9710075668134013 2.019296448593469 1.1928706002311704 1.1126878073095539 1.0981474443189025 1.0606155885988884 1.234199682194756 1.884579378656343 -0.49176475846615325 1.0929384716537327 2.009029199716769 1.8894350354554184 
2.2187971413031846 2.135025356869876 2.426848070691505 0.7845880397401259 0.987737861464475 0.7541399908576103 0.993683261497012 0.7521577473671992 2.3992080375313836 -0.5616614709284051 1.0355987859075655 2.3704431403998085 2.125819469011902 
-0.16848901982766226 -0.2989781050288162 -0.05181017025805431 -0.20219230047488684 -0.3288026934801962 -0.36426255147667996 -0.44241714499714113 -0.15299146443826547 -0.16588056251198072 0.9608149241993145 -0.2570414379920725 -0.10704782649570672 0.002081477169860822 
3.66517245053105 3.5118653634555446 4.017511004249192 -2.826364125550592 -2.7646059991759935 -2.796269101538591 -2.8525960949921347 -2.750216354577153 3.701299325184792 -1.7548139068306694 -2.814505517205314 3.76243720603807 3.6611294210865473 
0.8729079208265551 0.597610804258834 0.9168566096156383 1.5433056194034753 1.295257657758647 1.3597295398119182 1.3986293594286214 1.4763152329451357 0.9526660717331915 0.7520168919599864 1.3622918996930748 0.644822337532192 0.7154330380636222 
0.7869983463136048 0.6657048914718323 0.776926240063853 0.8785943830149799 0.7818494097166014 0.9436811141978962 1.043564254184442 0.8437064344326406 0.6363583278158517 -0.978352054163436 0.7993171538580985 0.7684955839268072 0.857861266870054 
-1.5379251590325642 -1.39576618644896 -1.5110059658703396 -0.19674120407262843 -0.11487000623774327 -0.24815394894846135 -0.027106149528805974 -0.08921195298595222 -1.4014241425293579 2.583010898677748 0.02101105697189678 -1.3771544144330958 -1.694733498861976 
0.9678493932686612 1.1129355503918859 0.976046773055408 0.272052717013058 0.2755166930193173 0.2512733393578271 0.5409111530503541 0.2776668247235989 1.121687349290807 0.33573459744666906 0.39969962335036796 0.7347847691621328 1.1257351897357166 
1.3490328691539983 1.458617415343144 1.7326884377180514 -0.025469370580994043 0.15614992207859868 -0.037727192624304996 -0.12274142433699707 0.11213209993421931 1.6485878700091368 -0.7199555853187811 0.02947999343941153 1.695739604952544 1.6812656096380345 
0.4210789784936107 0.5391257854517361 0.45374200778350177 -0.9372459825877617 -0.9776961176311902 -0.8307091148649108 -0.9307432805371627 -0.8686559549722014 0.34914695171261756 -0.25988841348882796 -0.24442454782730177 0.2024452401334507 0.4706748164137996 
-1.3034824712931776 -1.2103532387352687 -1.298843260207438 0.027304153890618438 0.23473096869059154 -0.1435033583607654 -0.14402874007514863 0.23758180105027188 -1.4527006197920873 0.6523183843701974 0.29231741415863827 -1.3746569272448599 -1.434430665635338 
0.6833774372011486 0.8993531671134533 0.695833054311177 -0.10973628389340334 -0.09597946244118927 -0.14523001294717447 -0.06960171863299122 -0.09687508631079873 0.6304038975081218 -0.1079016903821848 -0.15178022770736674 0.6468444805890743 0.6437685118850321 
-0.009169745512168466 -0.17060584165979023 0.02206890377277526 0.13203274191498743 0.037937768113513105 -0.028339359207874337 0.1736740157820737 0.2986768079090832 -0.21740411325499512 0.06727187998215436 0.21885663371812952 -0.10892225734625044 0.09297324547317891 
-0.19825008366275418 -0.04343643657989279 -0.06560976032663014 0.015820580756102123 -0.2053439355725127 0.08602553563847848 0.31859216680951075 0.06628813154161776 0.009855699955649559 -0.1657795415041683 0.08141196246931819 -0.22704083212289358 0.007682434876798851 
0.7609598128290909 0.7497051390412058 0.6008356618540551 0.15009275769880023 0.09359671046032948 0.06906026441370221 0.01611774532302615 0.06713211628348306 0.5022525542099144 0.022232083315762815 0.06430480725803665 0.7196002660155324 0.728546462092734 
0.3916333563828854 0.3912418248724442 0.5398923694977069 -0.11806871427569819 -0.2732754499911094 -0.09032493680340989 -0.05269538588285119 -0.02322709405091087 0.3972942407433283 -0.20127263306252494 -0.0959593703289548 0.6717989904348273 0.6541716799550822 
0.3772733388181455 0.44156376434271444 0.2986543709191475 0.36607152831860346 0.3824113587678566 0.33337558680894896 0.4175906998926009 0.49764731543601587 0.25668927875445213 0.42893587560808843 0.40653596482864207 0.5814808061665144 0.4505541848891807 
0.18510180283488545 0.3907590438194214 0.37036069443489644 0.4479522820470281 0.4716325791439013 0.4240208582432004 0.6052483249409479 0.5190064068379538 0.36909225307142246 0.5910596118736595 0.4298445940918271 0.5341841757271009 0.16836497549921764 
-0.10507686569744429 -0.07111132397428971 -0.10155140728270465 0.4952007699278058 0.48691212002719403 0.5605437524647747 0.6333752614557114 0.5313052152957398 0.051782597232027085 0.517760852529722 0.4562893264409474 0.08321239013239513 -0.0857930575152968 
0.46494577291908556 0.3467399011236519 0.3522495346858134 -0.4889998499631892 -0.20877567964154145 -0.32961234269716744 -0.3454523365000017 -0.3413992184814549 0.3032579145528814 -0.24605749408450311 -0.12360529537738521 0.2889020697778086 0.4592275729108105 
0.0172010815667899 0.1429807262465329 -0.05661935292761754 0.2317626998603911 0.4103144587791756 0.27906291926437704 0.38494693881303327 0.3502526368905877 -0.05847505373320257 0.4532879432267974 0.32588337743019136 -0.005959844923235351 -0.2107873570033795 
0.6048762704623779 0.42607814228738655 0.6715204884792281 0.38362632523772655 0.4012832635084087 0.35162554262750256 0.4054458774578874 0.49462692466238856 0.5702317671047015 0.44544195642429046 0.4380149050163158 0.5050663244376923 0.4030953620260944 
3.1565982202886094 3.011864549454389 3.095826936486587 1.109739523852406 1.1086232980419635 1.1197337947823023 0.9968027737275852 1.0648597913493947 3.0180131898009335 0.9060903368374782 1.1192651102924256 3.0337440400756566 3.205639028811993 
1.4802082450098508 1.7092801264179078 1.6532832132166424 -0.8432226093531615 -1.0699465505250005 -1.0237350647256631 -0.943612585560443 -0.9142657855504197 1.5073248927329845 -0.9239993909141088 -1.0306283981321025 1.523751022501192 1.4411606846177027 
0.7859713376207683 0.7585793528591981 0.9388713030872655 -0.1813448170737072 -0.242263659399271 -0.18271371396025507 -0.1067170899903045 -0.1773104743007495 0.7841174708617306 -0.31804655495799067 -0.21874476805865042 1.008877788137245 0.9301601076254971 
1.3055966903436773 1.363651293342702 1.1109434466494206 -1.5395619190737124 -1.2920938115750407 -1.3474870307794344 -1.3295327007189408 -1.3896459537853358 1.2294381469604274 -1.1871198969322285 -1.4509067092743835 1.35285378109319 1.094574360018928 
0.7153379182020106 0.7097763052736098 0.8825546713355983 -0.2996243756748893 -0.4131254201407698 -0.3342119864664593 -0.36938137362451406 -0.3770198581349179 0.6935422043154365 -0.3670296380583542 -0.35667666930901565 0.7943916715984087 0.5935015904709229 
0.7492593070268692 0.7486592553365785 0.7760395571882766 -0.6279517974145226 -0.5620721397007757 -0.5610015425390038 -0.5056624320728259 -0.3949943166310729 0.4993230301306598 -0.4566428736280584 -0.6216607697856779 0.6822946182666538 0.46897551019459033 
0.9378248952001617 0.8686192713362317 0.9313226123777403 -0.4793434893595813 -0.6255194768239017 -0.32737250218241687 -0.07437276525955634 -0.5164924072353566 0.8520177042384193 -0.5054189407101982 -0.5206065202488066 0.8691452744068964 0.7629126177308959 
0.15895978122822688 0.2050603754630441 0.22976198224918906 0.2022518452933233 0.2092746465372733 0.11026455154913883 0.2727964960796428 0.38862832663704083 0.3238024134342613 0.28719058612834525 0.25984922795457466 0.15230618672740137 0.5058721876553237 
1.3134409433635257 1.343408876176971 1.5008893215178536 -1.3971949769647083 -1.2580281513150287 -1.352386589839956 -1.2517016184296126 -1.2733452108113124 1.076018832141648 -1.1669954081172866 -1.3915132177058434 1.3302321814209237 1.3391848828622597 
0.1238051721704923 0.286096308211281 0.24649380676358237 0.056234216050350595 0.1547655113833395 0.13403759618220532 0.12092987891135636 0.03985697381785007 0.47245742417333403 0.07479431224606813 0.1334967333819326 0.47672455410549774 0.35700822189016473 
-0.07686796023274894 0.2591362988593632 0.1786049353817865 0.11780213921312088 0.2450817850982383 0.12324364531990611 0.18039631118882324 0.26865045019496664 -0.050639624432582964 0.2006942683535586 0.25435192237167864 0.15189687533058754 0.12980807808498243 
0.40310136130362956 0.40962293119256954 0.6912136241732248 0.0039256823126212715 -0.048551343617800294 -0.041218118937480216 -0.15305542844913714 -0.07314736372992783 0.6689880819014263 -0.11351639201457439 0.03017073136947232 0.5073233597439607 0.5414758969355146 
1.129198163691274 0.8537568253770494 1.1956023797487474 -0.9052801629879383 -0.8748581147483995 -0.9223873382295016 -0.8399387577387872 -0.9270847193539571 0.8201982275176253 -0.8402869457878224 -0.8764704757020478 0.9994983466069727 1.1327250553660126 
0.5713980094468666 0.6470022787227583 0.727605313036798 -0.04609315714984402 -0.11422875031681096 0.008350174805286487 -0.18853645063063582 -0.07986141517474432 0.5028094741678286 -0.455573555708176 -0.10306082986727674 0.5391750739962959 0.7666381883262847 
-1.8838564857882165 -1.7561987080295507 -1.886077133881569 1.4406903141940692 1.3864562614861478 1.3476275155936825 1.249832599225642 1.4157603132074712 -1.942541983013575 1.413922215138374 1.47071234048967 -2.0973234323744823 -2.0235423992011743 
-0.42391313465034736 -0.6856991161216558 -0.606324920598664 0.2583683866311589 0.8035174769347089 0.6261084568123663 0.25433029854421246 0.7715290652514478 -0.5366696893488884 0.3434747510692358 0.654359989421858 -0.6232996198172703 -0.5867917698205571 
-1.4731134571432635e-09 -1.848124128748925e-08 5.122742274260166e-10 6.020534690207962e-09 -3.070102440769533e-07 5.687718110877189e-07 1.767092725277384e-08 4.477759660966058e-08 1.721898696963079e-08 -2.723485116084861e-07 -4.316899744392646e-11 -2.1296641771226802e-10 3.774032468386626e-09 
0.3143323989954525 0.4250482519077481 0.39420491398509566 -0.3028329255848403 -0.3306418797486277 -0.6639591728090382 -0.2714144271159894 -0.2684229927568943 0.5025773156753371 -0.6191783465280614 -0.6445701638154308 0.2961005913739913 0.2695748756393065 
-0.6521141891381822 -0.7133357495247477 -0.7132386107093083 0.8192140470940648 0.5052449280770753 0.5418040175592865 0.49555004176457274 0.5028885025202969 -0.6459937868473392 0.5748472749710516 0.9576117801096221 -0.7665635666697184 -0.8975312476976377 
0.6829208859262447 0.7429086129605728 0.690989026801292 -0.8498913282124692 -0.6934853321523304 -0.6780706319621468 -0.7110211964217745 -0.7022366377385347 0.7435759005311682 -0.6316746006524527 -0.7480702000450328 0.8060678223277093 0.6254047390254209 
0.6805935565789051 0.826287306732613 0.6096979833874124 -0.5963744051932753 -0.5788816402812239 -0.9582803778522608 -0.8871296957440191 -0.5861098845708662 0.5667402041492635 -0.587063965793287 -0.9871336020452908 0.810320444824625 0.7324673954097043 
0.3448269121107484 0.28048161940038063 0.4709565269927657 0.07819498911677716 0.27760707424359227 0.09019642097699158 0.131684540625862 0.305607490075109 0.285940501258088 0.33128532951169287 0.277224332542752 0.613983639676583 0.3632274193827783 
7.663392546513268e-07 4.46589010597104e-11 -6.423403905911104e-08 -2.953675849096207e-07 -1.51827306604769e-09 -1.4079101289045805e-07 1.6899656277267121e-09 -5.332926085795088e-10 7.479166581683242e-07 3.1570612550491103e-07 -9.352506337677885e-08 -8.591762831132643e-10 -1.2012696087970855e-10 
0.533544418342305 0.6287476802376865 0.49201433427258123 -0.3571277092376932 -0.23951453039868506 -0.28697104449515176 -0.0885515475205612 -0.32252127662348096 0.3762125044379916 -0.303858184035698 -0.30858173954488266 0.706403755170471 0.37344877163823886 
0.17326241445353813 0.43971037734601587 0.36219346196472274 0.7935452664809238 0.801783369466283 1.1825903244954306 0.8935205239236064 0.8521954685333704 0.46372987846193764 0.8014957982249552 0.5785755450691753 0.27977332883040507 0.42111705502386365 
0.8372431551439126 0.7641936871361136 0.802969889052207 -0.628290330590392 -0.6783545315887602 -0.6177635952697557 -0.6336451911099445 -0.6583099723584452 0.7883054341535394 -0.6584875845124865 -0.7019800141681951 0.6960698739347848 0.6489394936328504 
1.2497840617169345 1.17373592485422 1.2008962281860778 -1.1914500703903947 -1.1173896381324642 -1.0786550734525666 -1.0734534436449252 -1.2133423568849593 1.2566310487264178 -1.0542298247681454 -1.1522466765865556 0.9794543936151628 1.0998986070272654 
-3.556968922148088e-10 -1.1614553383240969e-09 -1.3372190887377862e-07 -1.8541792338065912e-08 -2.752694334179093e-07 -6.175241486344119e-09 1.4363718043376373e-08 1.086277819008608e-09 3.769300454760768e-09 -7.55104750035208e-07 4.254005180593216e-09 6.090800385121844e-12 -2.3545511239304897e-08 
-0.7164729834009504 -0.7057074033284101 -0.48495543440291666 0.8851977168789337 0.7643203021312168 0.9751981145777265 0.8900743077359289 0.7555044741919948 -0.48341356172471495 0.7882749358058255 0.828341286545226 -0.4869328414130111 -0.7296371803161689 
-0.4241167667999144 -0.4612156059969395 -0.4296110018431607 0.7155981680171085 0.4921444765206468 0.4836834707868447 0.6041459531944676 0.5918103851259335 -0.4256863639167219 0.5788789375116623 0.5253901845417193 -0.5527431673533568 -0.42175755586987074 
1.3908566485883327 1.3197731098070047 1.68847809759136 -1.447633068998762 -1.3549952712329458 -1.3414639248735474 -1.3894804288181553 -1.420062979603381 1.6288478906071466 -1.2526734167286768 -1.5087685009634209 1.3355951290006955 1.2690268291259246 
0.7745500472430932 0.5191502397553278 0.6763670024332512 -0.632346140565105 -0.5420110974461808 -0.5362136106530667 -0.5272615691960406 -0.5825723065226759 0.6186295095982925 -0.5374113436281328 -0.5575972128176947 0.6150471392483438 0.5579954019842668 
6.070762430259559e-09 4.263065524481463e-09 5.086381745986456e-09 2.6710141271915165e-10 -1.9869545994021207e-09 1.0389951444153938e-09 3.4353221777627626e-07 7.023953575519014e-10 6.401586716399289e-07 -2.472326500267346e-10 1.3821335366998989e-08 -5.034592979032595e-07 2.1786947196428166e-08 
4.310353684023649e-11 -7.872831621314085e-07 -1.0105165746416201e-08 1.0352983578642251e-10 2.3078554634154914e-08 -4.037928836374792e-07 1.7835431597161232e-10 4.1009806386511006e-08 2.342754761767431e-09 3.2267947285449464e-07 -2.9468315039543557e-07 -1.0180375738124354e-08 2.69527687471182e-07 
2.1895401252421255e-08 7.537418268358892e-10 7.003457543248512e-08 1.901068672697378e-07 5.819153366174848e-07 8.293076925297841e-07 -1.0902350301817593e-07 -3.134101906696031e-07 -3.0022538434201954e-07 -6.921552419587033e-07 5.746531063242831e-07 -2.1855312873226586e-07 8.082316251457146e-08 
0.9224210674992346 0.8607495616525145 0.8828633982147686 -0.9920544640680101 -0.9997486835383231 -0.8684382351986888 -0.910469402466516 -1.0538089597928924 0.8735888889002572 -0.9646180088358863 -1.0728050622006122 0.9559864456086772 0.915580765560232 
-0.12341963387872781 0.09566372631560048 -0.15641577541121246 0.04563348871005422 0.3108645069852572 0.32304906229447855 0.03271876915777791 0.3162835404889111 0.11119107781146215 0.0119712491233665 0.10770556284774549 0.0550865328053275 -0.04406051688905538 
0.7052520755134798 0.8428009721275672 0.8152405494454672 -0.2294063422804972 -0.2304153084583154 -0.2206841386373397 -0.18490354657587607 -0.2963247920024579 0.7821728790538133 -0.21751044051258053 -0.20256056794908425 0.7927534410960974 0.8224864665917757 
4.83061306036663e-07 -5.016241508066607e-07 -3.7848774112824207e-07 -7.821559751350314e-07 -5.087968345727299e-09 -3.889268729147273e-07 -7.35469734322146e-09 -2.0776498241088147e-09 4.448845714314887e-07 -5.8072508263535084e-11 -9.909240646318415e-09 5.740960643094856e-12 2.049769575244304e-09 
-3.536513181611515 -3.2519707040020527 -3.2480999338223446 3.2646694708688136e-07 5.17415084717423e-07 -1.0980276464741837e-08 -2.262517895224052e-10 -3.91833907255346e-06 -3.4855868398069307 2.5181408727304584 -8.779599244581014e-09 -3.1948891498001584 -3.2074932776532794 
0.7513269489856826 0.42092256789379884 0.7502412319202535 -0.49059297977517513 -0.44879798039685836 -0.45092841776010156 -0.44457651647520036 -0.4744541156601098 0.3952733666676741 -0.4678592664402158 -0.4979206680039411 0.6513735956209107 0.6003651548657372 
0.5233695714098793 0.24799449061653117 0.4529102932764707 0.6653962460153557 0.46763792309904106 0.7247661357536741 0.7601491493656558 0.603497565488933 0.2618363603856944 0.5388322724051731 0.48176189162175187 0.1560093004777261 0.3471454388076648 
-0.019932593059586782 0.08363660912300812 0.19523461266696493 -0.3932574823491647 -0.43180661179204416 -0.14817407529798443 -0.33550957123899877 -0.10422291060584589 0.16586663197800344 -0.14343538030338868 -0.3870607417942343 0.08440147696453207 0.03561965904533221 
9.509427769013015e-05 2.4781182097029088e-05 0.0001347702127838972 -1.152839802381034e-06 1.7661536894626546e-07 7.373717474242219e-07 -8.96177874945851e-09 -1.0604811935079806e-08 8.417673147716703e-07 -5.172200270561061e-08 -2.3887011272984594e-10 -3.3894632913481426e-10 9.42442012402169e-05 
0.3688158138462421 0.5382805169082285 0.4173435968637406 -0.2705572869532267 -0.1941517713042398 -0.2579936856700847 -0.22542813867019504 -0.23211993996188227 0.3508095292680423 -0.2808017195100501 -0.27201745489115614 0.36174905529007834 0.4831014028739063 
-1.480090852531852e-08 -9.332450536651208e-10 -1.995907169801889e-08 5.000159219898674e-09 7.374505839140275e-07 -5.897835547954432e-08 5.788595490470464e-08 -2.3512080994523017e-08 -3.763478694848177e-07 -1.1047651281815106e-07 3.406261788897944e-07 1.6946482376097144e-07 -8.03536109653976e-09 
4.087928857176654e-07 9.227910355345786e-08 -3.0000356769126925e-10 -9.118878349210143e-11 1.5236661795983289e-09 -8.112762875277648e-08 -6.917912165202904e-07 -1.2572592798539391e-08 -6.85530373090815e-07 3.9328631144165146e-09 1.936925856922677e-10 -4.251850282988437e-09 2.863526010356329e-08 
-0.10195271770767071 -0.06352091966021967 -0.08134006292382973 -0.2702862114175508 -0.2372822952176098 0.06387652009737313 -0.23352557826733517 0.008492075650901881 -0.12916943639120418 -0.26452984134707247 -0.042006990953662574 0.213951938272116 0.1972298175171765 
0.024782012897568012 -0.07790202194979243 0.1513595783053605 0.6011774753643888 0.43115856679060355 0.6471345063516661 0.8902548986825821 0.41463161517409397 0.05007557456998401 0.6343969198313287 0.9808270308883945 0.09900877265504505 0.09185885960613649 
0.4126971743109379 0.5430574956572358 0.3954815949586825 -0.09682055584211524 -0.07850014668887727 -0.09261039662394199 0.011904918817950177 -0.025149081286940978 0.3029622075327641 -0.05636340056374917 -0.07845886277123958 0.2316408572816243 0.23781846914195415 
0.16467856692236285 0.042392795059271376 0.18626214693262624 -0.037443895402680186 0.011490868543750298 -0.3669814861075645 -0.3658085178541997 -0.00991517579605938 0.13520504525223856 -0.3887040197222706 -0.08790626633044805 0.2047076176426899 0.04716759452428928 
0.4838743087288592 0.49292205745018636 0.5432076958857146 0.05056082021943047 0.07973232673879944 0.05016796954928372 0.06741167954060467 0.05374107731706331 0.36633940526783815 0.12515698803323547 0.2246359974846715 0.21154475292410316 0.4124239473395935 
-0.05829667320316534 -0.4355563103169319 -0.2614546431668518 0.4028269226316516 0.47653123219362714 0.38798071303015885 0.5013509673397745 0.3955480750520221 -0.07626229943591287 0.29572669274416347 0.3916907384634705 -0.0378104451530241 -0.1882911646288255 
0.10848731575989932 0.05061442637011037 0.1474370690276726 -0.29965666342723435 -0.20122012451128282 -0.20806262666429803 -0.16862648212032239 -0.09168470609709908 0.21761329729496304 -0.028749619531470736 -0.07513837467244691 0.14995925947920025 0.11570141900728942 
5.342484424010635e-07 -8.649698124427282e-08 1.8735092100896283e-07 -5.25921448579197e-09 1.748910174651581e-10 4.581592784756247e-09 -2.1326755972310762e-08 -6.922820481238316e-08 1.7466229683202828e-11 3.5064776531044684e-08 5.627819408939321e-09 -1.5087850931592993e-07 2.0419426768440895e-07 
-4.910753724960207e-11 4.024558607855912e-07 2.0680759651851449e-10 -2.5380233734333995e-07 -3.865620026527206e-08 9.888850835000249e-08 7.324925146300755e-09 1.869299150020697e-07 -3.651377239458861e-09 7.560820958275664e-11 2.383776638852184e-09 6.581975118302099e-10 -2.331502150380977e-08 
0.8237264010833107 0.7293115156224396 1.0342510954953583 0.027370294827756596 0.23462973523891106 -0.1437723680884912 -0.14425434061892364 0.2376560262090192 0.7509590748817092 -0.0014020987999719746 0.29245209432663544 0.7527486717941042 0.9971686716319548 
2.459564003973473 
2.691900980688268 
2.26617059058335 
-4.89494583312793 
-4.880476829417002 
-4.930614609670638 
-4.790861990914742 
-4.81373780838401 
2.514645957778817 
-5.289787982299204 
-4.688997168035497 
2.6276106351468775 
2.7555463636269133 
