98 24 18 13 1
-0.0011434832092926711 0.09069101408244307 -0.17179145723481282 -0.1131880099396392 -0.18386767665264311 -0.1839686018442374 -0.10412777703339988 -0.02471690140185168 -0.07384082635543256 0.03637352186798917 -0.030035749718908558 0.1018259749558319 -0.17738814132683803 0.17484311819923426 -0.22168196790237368 0.0917464634317738 -0.06536820461513114 0.04066986643079301 -0.14370141984676182 -0.17737133894068527 0.1657343813046232 0.2389338510962311 -0.05989586855063568 0.2008903351791075 
0.22637136446971262 0.1380480532475131 -0.15422451332952317 -0.2339824477911247 -0.19804020278914355 0.19912456937161863 -0.2585984549645619 -0.1085723289056477 0.14124861484886342 0.035492583670292836 0.08899968658757088 -0.02555611429165385 0.06305715346521892 0.20332013768612375 -0.23909073195736763 0.14303663589551074 0.25438708965404905 0.15255186558460843 -0.09818466364623178 0.11936413269088007 -0.1163462169525196 -0.007418101980817503 0.15814482480218864 -0.00972171720117911 
-0.12393095247914554 -0.2104946429455982 -0.2422749408962654 0.05686656112231564 -0.16930358832819414 -0.1116032137668283 -0.0916281665400097 -0.24565278167295596 0.04776274867561766 -0.157240947494682 0.06983953180336236 0.08793538949401929 -0.2139292889769186 -0.05164618584975637 0.05322193363149783 -0.027613797676989495 -0.22701101039208593 0.04221195264196731 0.056106723276496274 0.023787685641514608 0.19793554910373595 -0.0021084136725804405 0.20064206967619863 -0.12620375240255605 
-0.10681412394007372 0.028577982565128963 -0.018794508124406473 -0.24314484921044094 0.13410438566480462 0.04544035554262711 0.05925006131652505 0.054509739789616485 0.06537847775692128 0.0801765214916604 0.08486658931626402 0.03845513458508299 -0.21096302252247132 0.2552712280041228 -0.06325081611171678 0.31482401176734554 0.12621588732962843 0.1346836843888847 -0.16572245168633531 0.16766949312268473 0.09939675243824192 0.09082181809756028 -0.08984340213605917 -0.022574562763338416 
0.17704871648865478 0.01381735140287934 -0.26287427382553014 0.07084987141534016 -0.1278467003581501 0.034885863902885034 0.17221187544416983 -0.035630411396115384 0.1968617243037258 0.05529856687791064 -0.2322539997799259 0.17942883015411276 0.11520140007658325 0.18954297671958667 -0.15261931561348482 -0.1580125814413711 0.1968832329915013 0.09826185396627747 -0.18612022465357472 0.13219337388243113 0.1231770430540997 0.25046986577817215 0.08336685024055955 -0.10687272935219834 
-0.20648814673755403 -0.32983614367588 -0.18736796521242569 -0.21295143052662532 0.11031951684743461 0.1446698612082799 -0.05318987013927529 0.08007124523786706 -0.29641260513545153 -0.06896098439257754 -0.03687121917328914 0.3362010623081767 -0.10014939760959819 -0.11075285173360326 0.10076450111022031 0.01086143407571612 0.19700641588189674 0.0688157173589618 0.13772449101325074 0.12247709503421282 0.1570123382646002 -0.06493655901615017 -0.2735802103313804 -0.09340355024696442 
-0.11819241019919491 -0.25773692164040996 -0.07403553541523729 0.03299348747474708 -0.007480270444226018 -0.11197198644499763 -0.21549523602978932 0.25050674760637615 -0.019054935663961818 -0.16953033103044973 -0.17420510755353522 0.1652452909505531 -0.1295570875495217 0.08099202945874674 0.1737432465855024 0.21254746242930816 -0.10275264090255425 0.02859188405963091 0.04739553174659776 0.14616484171435398 -0.08609548228486423 -0.13540649107341451 -0.27129483616910577 0.051253306392552385 
0.09914999257609317 -0.04440296047900191 -0.07239359279065476 0.2170072762053304 0.010595812970217128 -0.004596908300349733 -0.08370327566778216 0.06125391530888996 -0.020084564496746043 -0.0701838014771348 -0.17381732667479505 0.002361226007504933 -0.031372275493728966 -0.12835968144318294 0.10052471184582056 -0.14139821858598225 -0.05486222416911164 0.15497269899775554 -0.12222347893047353 0.034546934577841436 0.09771673817578726 0.3133657989247773 -0.14479087630613166 -0.1272255703782943 
0.08747423274442666 0.0372670423836351 0.2426358376387084 0.16437538272627972 -0.19520810164354938 -0.09273414548058236 -0.0025670342213824394 0.1591846352005524 0.1866783185965001 0.02230704668715616 0.11828631086864502 0.11139047158057291 -0.06818975157252313 0.03076033634512394 0.04117967199644439 0.07152784299714131 0.1866351367407598 0.20313918415712004 -0.04150279556228292 0.17176617368972663 -0.14644689402518993 -0.14940673679121022 -0.15759962313157766 0.023649378491806435 
-0.1921113010799604 0.21349148413809108 0.13053381402904352 -0.19477153825471458 -0.12919369015859125 -0.06651746199006117 -0.1475118445578617 0.11727473166992318 -0.047849820815592886 0.18953284346447533 0.02231361991778036 0.14769180999884973 0.17303983370754125 0.15981681825880906 -0.015782218246883972 -0.0002896747417560781 0.11231559061205396 -0.08506792581026212 -0.003827278140339799 0.06877171998056994 -0.19456120473930055 0.023529394448748554 -0.008852043480895798 0.11517728866598954 
-0.13424326471039413 0.16331814952637802 0.030692297491200393 -0.11090805163012815 0.07940079075489133 -0.010255183446077424 -0.2523305905774916 -0.011325405188836573 0.11660180597640922 0.22018050028850664 -0.16060569047051432 0.16686347526988332 -0.0901521613964866 0.16579304231264663 0.020676369376540875 0.09388210489841702 0.002710828182475195 0.13368270619063133 -0.0851251094080151 0.06767580382588512 0.09362574660230431 0.16075092288584167 0.17112332588670548 0.1816916336035766 
0.16274378696546743 -0.061948941173333015 0.09698164427186776 -0.01446150777279926 -0.08380169999429192 -0.09654842133619071 0.016858573345351572 -0.02456193403527731 0.09296211094156448 -0.0663095697979372 0.2511597480122293 0.0450242775903503 -0.15566976898050808 -0.07381067022795708 -0.08750717815752697 0.10313212904829407 0.07279396172993648 0.1495286672067609 0.06443425840323265 -0.08984578251815047 -0.1447207523477399 0.13308556859613202 0.07772673246731764 0.17676644025865118 
0.09874867388925887 0.10823739165344383 0.03783728961324654 0.08415434636092704 0.0011487413935694633 -0.11217462281111845 -0.08857916638757113 -0.26015050845449084 -0.12256672105810001 -0.14149058655246943 0.24086578785328147 -0.12111925841030413 0.13973708439572952 0.21828342538095774 0.06497854681916668 0.048817410576107834 -0.13531292081315124 0.033664268640148286 -0.061284639223878744 -0.15562517619887242 0.1487445358753902 -0.014941246210500452 0.1799727299480436 0.28608724393358376 
-0.07401187300599169 -0.22407464303089245 -0.12367025586124951 0.00019585107881110557 0.061554865993788635 -0.17310393859116915 -0.16701123441425253 0.20088119771921242 -0.10702533384927036 0.050956910476134244 -0.10599141482730297 -0.18187639628723662 0.05277604450475462 -0.014454145181573286 -0.15072257315836451 0.0659935715582217 -0.016230891443555637 0.07958220179729662 -0.14201469662483565 0.044450804812741156 -0.023660725585010187 0.10321493454928772 0.057715189979708655 -0.12488000866532335 
-0.07153906496932468 0.1287993540146605 0.19005215683297397 -0.019158869573755784 0.13538688426292442 0.16373229084820426 0.08653458181945763 0.12859430413944312 -0.1803810107786991 0.17251544030088115 0.008325824359890764 0.0644365321178629 0.135209962041853 -0.20085450101392816 0.09818632705753412 0.13288509707747526 -0.06283968462930256 -0.08573769460263829 0.052308050358147624 -0.13932155658667267 0.12911248422440083 -0.05358367183282112 0.10833428583242541 0.21795865253162486 
-0.13795375340398802 -0.10746894111008994 0.15875264475166828 -0.03273017381016115 0.1710001686470779 -0.02615225429471406 0.30729686883441953 -0.048515880035855455 0.019542984321388412 -0.08423029081352687 0.005188811611681575 -0.27616756457119407 -0.25485794024305336 0.0769427352452325 -0.18848404342167271 -0.09295169351429673 0.07170573095872909 0.05195996400686793 0.07571641933306926 -0.2022653133014695 -0.020394305554427065 0.09379655631869425 0.28186049078116615 -0.049869423488096594 
-0.11914671091862339 -0.08433220771863884 0.09948540659484283 -0.016927768750335217 -0.17765288515373306 -0.053725490635517195 -0.12460400921159054 0.17105244674678738 -0.09263527780571089 -0.18962563725316214 0.03686361535990924 0.11368392990447214 -0.009544235882804581 0.07445948118770819 0.004375432247863505 -0.023799020859142834 0.19825871748831184 0.07822424165677677 -0.18769819829919093 0.07258251878005004 0.00030621865434689066 0.23199603001414792 -0.11092174478570824 -0.09255291696308497 
-0.1609374828678097 -0.06322447021400715 -0.11817135618509196 0.0012658921322634287 0.08068291169107178 0.11261268830022646 0.14666364204926585 -0.07906507797924497 0.11370570206663241 -0.03831266682925325 0.145035160561226 0.09740569079367724 -0.15012167668669157 -0.14319865929710598 -0.2254398321253807 -0.13097996241417997 -0.010013269853604964 -0.18088847610418607 -0.18955316545210388 0.07737980552060161 0.004296697494932613 0.12284777233528023 -0.03261850450433264 0.057872063315676445 
0.058077353601881335 -0.10018808024538972 0.09315501796055961 -0.07079866840671215 0.13677135429233014 -0.14284900236395504 0.1071942365569403 -0.15826203837440034 -0.013661567433401548 -0.1551371989756464 -0.05110767848163398 -0.14548094946067835 0.1690743266908006 0.2219587571462559 0.10052442408487595 0.25749739695526674 -0.11855123482269375 -0.09864865577506489 -0.12456876422600405 -0.009239064696172668 0.2521032185195287 0.29542692327155584 0.017495880095701404 0.13999795083463296 
0.10717405859316236 -0.027852462882477374 -0.0994761160960847 -0.12756428286863639 -0.20556565520545028 0.14154356368711252 -0.17373531745433285 -0.18621627285041092 0.08906170217955964 -0.08375628004036792 0.2120444099309191 -0.06441586958124218 0.0908006159192359 -0.04118497135668683 0.15072848467047129 0.02035109648607489 -0.035389634366912996 0.016969078875814073 0.16882344170479643 -0.21296723740235238 0.14814974712259135 0.21346618731998832 -0.14017385400017005 0.06037587535330392 
-0.11162050903895283 0.10812418145976214 0.02304315578633682 0.07129497060256403 -0.07341483583599356 0.07542979760998336 -0.08721121288231684 -0.3222124767593854 -0.016106605665941475 -0.024764037139048792 0.00046280593114693885 0.23797402493524358 -0.09970381671690688 -0.1261361049582395 -0.07672053344154955 0.247814405354183 0.2347297627326587 0.17453689241957313 0.16833285754686508 -0.15470705906389998 -0.1353020235132115 -0.06176845565121985 -0.06617150725676947 -0.13832333961417717 
0.16261680395868866 -0.08905379248809323 0.10777439019272476 -0.1507275725039646 0.07803136230334137 -0.13524474358429617 -0.0009521746364681313 0.021980143233004925 -0.1201063054472836 -0.18010505076762295 0.006491225682885335 -0.07537308202773008 0.0006615165467430476 -0.21837108045640266 0.007616504336304764 0.1455662461550117 0.08543388994011233 0.0053077204105869795 0.19109499799525392 0.23624970380952331 0.018772307190170822 -0.17647603017718755 -0.2880207736997737 -0.14514362432210345 
-0.00881143247939639 -0.1009488124133431 0.23696772450580966 -0.14965050794638565 0.16554242529240043 0.05011236766444173 0.10017601447996868 0.06831834389106548 0.0747443608286192 0.011014771721433296 -0.21359664015337793 -0.06001784571450996 -0.09723848465699386 0.09531651654993566 -0.012334707883684334 -0.010966308938609889 -0.10933661213271914 -0.2371717368273744 0.1027474608898754 -0.1155239713234457 0.24126766451978024 -0.11251965859541761 -0.07820532860318088 0.03167028360004909 
0.1640721622151453 0.05962287324532774 -0.1500186865640513 -0.04559322145489044 -0.0024822918661767204 0.08537763830846685 0.04343392257737044 -0.20292602151081424 -0.22698410539367408 -0.025937283158004015 0.056644429318334494 -0.22063263445911876 0.12478950058784893 0.11256504689339339 -0.019977302927785396 0.1714176221127391 -0.008051309930660236 -0.19877219061782683 -0.006116788300376264 0.09499376362477609 0.14456846222069517 0.06451810637072564 0.09009200352914482 0.01912857509543753 
-0.11386200432223315 0.04530270174706408 0.12303172618248494 -0.0618425593988763 0.14130568095650994 -0.12670368340557897 0.04610209883742856 -0.16299025206137674 0.02909513755628961 -0.028478054797653356 0.12855301099307823 -0.00280806797204149 -0.09343590200876167 0.18587764400962065 -0.07588289872572507 0.16120437579310637 0.17314027668168258 -0.1109362740902577 -0.11387438109525348 -0.11218777258260039 -0.14159745229655174 0.03434798896775361 -0.13710091637633698 -0.15977800021962274 
0.07531426187985298 0.11392660739601577 -0.16803305481025463 -0.10678255777889908 -0.14234403638530221 0.19329714059188352 0.1241680281294819 0.06318034087101963 -0.03111763935960395 0.10333391354993965 -0.025484598286422445 0.15289643720147963 0.13650112825913552 -0.07919728639514245 -0.14945522653668353 0.17548778016058722 -0.18791269309630007 -0.14752467809415895 -0.027115454367008577 -0.10393946695725824 -0.08362428652173387 0.11893433018867172 -0.1306771722984384 0.14949365642602758 
0.08486495110737165 -0.22774578648336694 0.03984751377105337 0.17477633222513825 0.046190733737064504 0.14177351695904683 -0.12066538848704747 0.11045638421656682 0.194968297865397 -0.11507101979255245 0.0834237988295461 -0.15264520054214778 0.12320318231156735 -0.20461934169524978 -0.04141495332451881 0.02535498948677181 -0.17642136146534537 0.2291071101762257 -0.05132985751965927 0.0005793752278831486 0.025074747667435598 -0.16422428671097547 -0.2531732584164658 -0.16980131366966164 
0.09263070975793809 -0.11905365231813868 -0.05654396696528382 -0.18664252366812403 0.08694408872859093 -0.15776365854430657 0.17681660938956748 -0.16713284191647473 0.006110167310434133 -0.18258417920279169 0.13395592617212806 -0.08980209716194268 -0.06364692690545065 0.09736594822872185 -0.13983090390825825 0.057008133448819116 -0.07175873146315859 0.08957743396767688 0.08853222730366651 -0.15277470695025042 0.22546524984953048 -0.22725120305374344 0.16607403009955676 -0.02700977149765919 
0.0003514304981090642 0.058607397224288836 0.0961628927507657 0.16091210292916933 -0.09763608281705172 -0.1528989863421478 0.13992249147338567 0.2126665797826052 0.07819711891910565 0.029904278310580613 0.0967809775008533 0.12594948945778883 -0.12379429872607747 0.06263609234971562 0.08337038790525576 0.04765402265768674 0.06041983344438138 0.0869016083769145 -0.19964264736984777 0.06671891077722451 0.1540697732730735 -0.113198727471057 -0.2553207660384367 -0.1702419287972453 
-0.09290558179125194 0.11593438891166853 0.01698367981599795 -0.1410053309292787 -0.14452587730649152 -0.12648650542104894 -0.03380523120926934 -0.06968416494873178 -0.0753630597864706 0.016044145479305612 0.12781993288422325 0.01703924405760922 -0.08836224539372546 0.07328496245549258 -0.11090185759556473 0.03789687537289026 -0.013466953598279817 0.10957737737179121 0.1509052747711312 -0.02518015976811276 0.16237703501579312 0.04162066274194785 0.015884132648390396 -0.14716920090576718 
0.010695155180149133 0.1565988904554032 0.04164358720584766 0.08675991171125433 -0.026110919747637195 -0.06091248158824803 0.10357605640412916 -0.1732172067279721 0.0009360182690342888 0.2014159935840386 -0.006173401318452403 -0.11658505274297143 0.15721175269728593 -0.1013585319704746 0.07963431512816015 0.0554578655252202 0.152443804258289 0.12199891404302105 0.1349317178673912 -0.19767023448209314 0.232668213463263 -0.09277579201413713 -0.0218380234576436 0.19808885402858062 
-0.1972585451797251 0.10208017630256043 0.1339158715170429 -0.010334943208412746 -0.09710533557746812 0.17970640506000926 -0.02220017254470441 -0.10882165098535865 0.21881505732068707 0.18430002180358668 -0.0033198239860015226 0.13127527415585177 -0.06943662835227624 0.014588121147032944 -0.0643638293048623 -0.03485028089181838 -0.10716683142706092 0.19654452878775702 -0.08166119150576703 -0.18364445130483295 -0.1680390771428653 -0.1748716335291393 0.02551736219067616 0.052857225109789484 
0.1861091707390325 -0.05486784146021688 0.11626866122251053 0.10321946166495898 0.09543185476012515 -0.04639226604849599 0.008812205913577809 -0.08450671339251174 -0.050360090022762656 -0.174722129174888 -0.0360429798217197 -0.10797882298290991 -0.03500280567713287 0.1872549159187746 -0.07121106693500295 0.20219765453218505 0.03226600336723089 -0.08777103867280518 0.1378473237812094 0.16986265919851645 -0.06501467334081204 0.10752370384129316 -0.0005712487263646103 -0.1256463344389765 
-0.06723116894483026 0.12866732298277833 -0.09191899514102826 0.1734668553143166 -0.08123111754297907 0.015422707417640623 -0.017921801197306988 0.16485889321873498 0.16505553276866552 -0.1258816689468168 0.008666762438356975 0.1719901515928606 -0.015412598155646839 0.1761075729774828 -0.08776721522510883 0.0755204284253859 0.026943648311814554 -0.10819148647172 -0.19528338407807425 -0.03283823902709748 0.1813287820785776 -0.11072279843907949 0.12265582327155487 -0.12978443045622093 
-0.06256913788157688 -0.21852932589188123 0.09669251818007622 0.03538309084355702 0.07473793688791892 -0.01686910083003685 0.009727189446710742 -0.10855750226528789 -0.10382161216969321 -0.050626281639303994 -0.05724287468309467 -0.10980338263218832 -0.028327401653957522 0.15403620667699233 0.02416875691393503 0.15506266964548238 -0.06060369976213712 -0.140027391069925 0.005567756217221049 0.1120907151452069 -0.05850606202501571 -0.005441582827668779 -0.10847041914911498 -0.0010640467651906813 
-0.1351388008862868 -0.12234469910348178 -0.0946389713240105 0.16473023317651997 0.11195076444719199 -0.052748750575343 0.01920171924678652 -0.14164158447961678 -0.011819828082440876 -0.08056659532411653 0.14427391412939505 0.09232002646765894 0.043368739745741326 -0.15004761836641262 -0.01156294620491359 0.23146546172810745 0.135508179124984 0.06743464963671926 -0.13910394110912086 0.05502534276235048 0.044057479041566296 -0.012319938933269672 -0.0923102598920304 0.039179075776999917 
0.17237231002187758 0.10530090258500287 0.031287515980173014 0.2136045190218826 -0.17446755147441229 0.22094392855239514 -0.2340865122504318 -0.11977475157538943 -0.05141473279288867 -0.1570539239441384 0.006324553404624145 -0.1850523304608092 -0.08922542638860295 -0.21863830869423073 0.08075349145133912 0.0787329809411902 -0.03253180359646407 -0.12434133419196992 0.09821125516198594 -0.11743283024561467 0.14609420458303685 0.011519876628254676 -0.0028869062739105326 -0.18926404083309908 
0.03558295061276412 -0.045270734061389706 -0.10778878584432068 -0.026413120536301994 -0.04643216707711142 -0.03516990996117794 0.2538964853292759 -0.016682751453205642 0.1663583200512432 0.001995198472264588 0.2288481596028486 -0.10432361129662675 -0.06165509795111149 0.12920198906073363 -0.18311942673499162 0.136958548721235 -0.006104475396944172 -0.04885942832582332 0.19889174925689757 -0.18213095021039896 -0.02517835833470963 -0.18819909789011138 0.07237033294813841 -0.12746536437189193 
0.050478065650352615 0.1926964530771648 0.11205378224246286 -0.01895525105317412 0.07246110068997381 0.20779890997622502 -0.034176690260655326 -0.02496642117882993 -0.2206173905894209 -0.051630058615136844 -0.1429573632297431 0.13733134707199796 -0.03642270016118346 0.03139914956772896 0.1466402925584891 0.04728564770082423 -0.046936512376207086 -0.0918218324239129 -0.17150325727395185 -0.03227887856323178 -0.14068738817891607 -0.08199569178018339 -0.01708232500014154 0.2397642157456353 
-0.15629202681041685 0.04092430737886177 -2.6541460956157266e-05 0.11032943865259197 -0.14239532475949804 -0.14821889420021211 -0.04579761026342239 0.17787078569237363 -0.0984759384691538 0.11869895300752596 -0.08323164477760113 -0.1637576768367517 -0.1940776931795017 -0.09083045840496104 -0.04698314736064951 0.03327623965890407 -0.2202631168200248 -0.19162784914570172 -0.19413482475451443 -0.15449810759617946 0.043360406608314264 -0.03841470287666683 -0.11203769788893778 0.02280431329873195 
0.20135933024496028 0.05482116478442023 0.07919251525763447 0.15175990158848315 -0.1846733007570605 -0.22723264411972133 -0.02392770446664476 -0.00679587194447895 0.14259143671023783 0.041970953133258215 0.003841638075981667 0.23569551171510533 -0.08659791283486351 0.12455897235211899 -0.09797534209429716 -0.05768639747922217 0.006391496267314691 0.015643193870391037 -0.11144759096293426 0.11842701916805325 -0.0640991971727257 -0.16250804039330977 0.10681479915516523 -0.074279719756745 
-0.022710259037683523 0.09515092127642558 0.010141543389176331 -0.2078445779893095 0.1495916802900736 0.17451976682725817 0.20142073626726556 -0.046285572076048366 0.07572787483974502 -0.06358134417361518 0.015392303003693895 0.14929200606306858 -0.02592579109986746 0.027190400400715745 -0.06895325507466253 0.04780263380220104 -0.14488228557207342 0.14898728687815466 0.10010309851604757 0.04777841261700863 -0.08223284085226035 -0.13535807004411765 -0.14756336603536657 -0.07060752214474236 
-0.18574168798174012 0.13791769173080326 0.06748165138042375 -0.03439487505920149 0.106577607529615 -0.036646291313359364 -0.18461971530221 -0.1459710456165929 -0.08751483157601458 -0.040024175400105354 -0.1795363462203951 -0.001562717662348033 0.055745119422736855 -0.002743993559219245 -0.026651202993676466 0.10426376276962344 -0.01105988074984397 -0.19461427093661002 0.14916216087951928 0.035561440741355546 0.09404347632069039 0.17598958420032648 -0.21995585676324506 -0.10542518448338208 
-0.1750369788026655 -0.05768920626625144 0.13498833772908128 -0.16758729023756516 -0.010569096307760378 -0.18473474991739341 0.08708185591909796 0.11268338297304205 -0.22072937560631642 0.019124624231555174 -0.10367775227187549 0.23773258176332301 0.1625789184449315 0.07745168094400515 0.1780605834229024 -0.034557222633389215 0.1882161873222001 -0.009891674998715932 -0.10512601894451556 0.240098965865661 0.10757498150430533 -0.17439758576076012 0.13382233398727184 0.09702333915590922 
0.07704174028710599 0.05121853111148976 -0.09803273561793749 0.09516095299275593 0.1254787848490327 -0.17880161610571826 -0.14770919796040466 0.11481805901269665 0.04276435783301325 0.01230168139021582 -0.10010372219188822 -0.05644552424812283 0.13262183102013414 -0.06557812444567636 -0.17459383599959905 0.21388154648623187 -0.13473746681736967 0.16079483017883325 0.1526967729785599 0.04384209272168797 0.07555489895681 0.041235494338513666 0.03213485016841693 0.18642949714564733 
-0.08650380535328896 0.20924627612637728 0.02666936510141279 -0.15396708655027014 -0.1086769520280545 0.083689987127285 -0.1189510222860173 -0.14734183918031424 -0.10689835470563862 0.11387156534529365 0.06277830990206756 0.16684948564999988 -0.05567822204754854 0.0822604418738698 0.031777613664765614 0.04370486165440679 -0.19330967421119272 0.10000252240484103 0.17219042322268815 0.06481844494101217 -0.09671910526087166 0.07525071248283965 -0.19792142162142162 -0.06803857082284917 
0.24816161060879413 -0.024901266859444576 0.14190756397100038 0.041323213377708806 0.12869782507083083 0.21830558766425628 -0.09818504376968439 -0.1507772356870098 0.033600599258103714 -0.04215818139425868 -0.1492418030459963 0.10337919656838129 -0.18548928695789815 -0.09179398755093589 0.10954341286783784 -0.1493821926567972 -0.06568174596899061 -0.19217215191966086 0.19988733470150286 0.03234467039259031 -0.13538314193453937 0.22311169466294017 -0.06164306368907715 -0.017099042986496487 
0.07109557382685174 -0.15530143141549269 -0.07722551245167364 -0.05572858945483714 -0.10165008598908125 0.07443877851278918 0.13036325791649456 -0.17152967158431442 0.2522894375096124 0.08796067662820344 0.1776106724465007 0.06916268421451646 -0.12097654985621968 -0.062237201149827684 -0.021388328767866005 0.023193810537851776 -0.028423392039818807 0.025557037586707663 0.07199673713465184 0.12455731229025878 0.010167941572417937 -0.1479365307303688 0.15763588686114813 0.03747952821594795 
0.18903020447934427 -0.11348848228847425 -0.12899841335836265 -0.043002426649717845 -0.07111296984426332 0.15120573476848434 0.02507664565756355 0.10643136344122373 -0.042606589074439254 -0.16033522505141032 -0.1539947315259318 -0.04572285528767736 -0.12205639679406456 0.1533002792222745 0.03932440192585387 0.09493083974152312 -0.018255421248329736 -0.16492030827515694 -0.10542285939557137 0.006584639468890678 -0.12013990987815097 -0.19049606844622755 0.09056786643542679 0.07313549343534201 
-0.06718530241477412 0.126672212823817 -0.028199060973645416 0.1364784129652045 0.05638833119328771 0.026260900715348545 -0.11927718996281068 -0.0024866111097998408 0.1873253355998349 -0.07734336223909519 0.16566825333504084 0.17891587596189037 -0.06740390663792782 0.05094389139986661 0.15979075287095695 -0.20162139589144035 0.17587411829942995 -0.1232721605395434 0.13970945021785874 0.07902521538134155 -0.06930875718003236 -0.13924552565134293 0.0651325484072059 0.16258536297996212 
0.13914770969109547 0.07915542615178135 0.18265479532768322 0.03547225625122201 -0.12044638850973126 0.025824806303032983 -0.0739680147246746 0.21410410369439245 -0.05779075251038651 0.22253763482743752 0.007388050947668165 -0.14116949368245355 -0.17045922932668794 -0.051939307561738854 -0.15058874861921126 0.06299568773652071 -0.04805875157360933 0.20323268248859347 0.17230519406379616 -0.14011283600992772 -0.04336597812092413 -0.042186489154562426 0.02576258879959464 0.1249007730376028 
-0.04969972589403951 -0.0497878613989537 -0.09459102473679562 0.18211697415724049 -0.19180603909802318 0.15640219044294484 -0.1242305146877429 -0.006816686183616667 -0.07185343922224705 0.23596892562787794 -0.15085141649322517 -0.11484228594480751 0.15262032189802838 0.05041103695761986 -0.07564095842327079 -0.2006038761366593 -0.1324926763004411 -0.1416667166177679 -0.11818430870501627 0.1867017407835819 0.1844604377482305 0.09554808997150045 -0.027818572483508133 0.11645042521702959 
-0.0045164516709298805 -0.0377941579803954 -0.08912699887914066 0.21213228445226537 -0.04463509704042592 -0.027823931185289374 -0.11473163685608981 0.1958894142715244 -0.025958820858357025 -0.08031511234092426 0.07970642913370336 -0.16169239757116013 -0.15685046863015795 0.12082695707787586 0.0970575317887757 0.010886053099565264 -0.14217671512385507 0.011904754768159364 0.054718012237862074 -0.06831295224795089 -0.1733466719929957 0.14476735875785265 0.00560607470825682 0.08833815671288334 
-0.09785192746982636 0.05597624868881884 -0.02805952797508253 -0.04657798411876546 -0.14925086813451413 -0.10172306993944423 -0.16851693267329568 -0.08800708533778608 0.12753997826855185 0.04826269480873766 0.05868696766786556 -0.23692716734981845 0.09953257071993012 -0.017856391502096985 -0.10710240536699309 -0.16441647753699526 -0.1587853113691018 0.1374767184673856 0.19379364109204925 0.20778050694811748 -0.060408090000837966 0.10602860090662301 0.04097438343965372 0.1191903953146558 
-0.006392611403149825 -0.07461395733402996 0.11442938764800394 -0.16001220191077165 0.014555184083888756 -0.009392825534243504 0.02012099086861813 0.08943843021181205 -0.16195405191979903 -0.042258245964949814 0.04312822968251266 0.17761963669647227 -0.04189650315202779 0.19048967085997046 -0.037881266059652696 -0.14543537635514833 0.0736899836150038 -0.06557656450398797 -0.11231859939628679 0.2694472728853387 0.19828801463369003 0.03900097715899414 -0.0046228088960329995 0.016512238691516 
0.09418383065679119 0.18137373911206808 0.12991963119210007 -0.1327369555005601 -0.09413315950590977 -0.20260861040601244 0.2026859112005531 -0.10489666990056501 0.04931491755956105 -0.1643271790172673 -0.12836368278945048 0.011091062759960704 -0.18510168067112184 -0.006740459374545102 0.004533408880380127 -0.061802949389746065 0.026107764979645693 0.014461065765443103 -0.04319649941975573 0.06542962919476349 0.0885342791788899 0.07609494403306803 0.019506289800651756 -0.06535197062811623 
0.04467545451008523 0.18166913046920324 0.032193420641905106 0.22396216990644935 -0.023231547793649207 0.09523878954493804 -0.1855410637780806 0.11111824954321088 0.025962047007393987 -0.1987408054629422 -0.10188325698097703 0.022610987692270504 0.10664766781883221 -0.2106660727037032 0.019306372436155326 0.1416116000500766 0.02394661831355619 0.17803107041858432 -0.1703951052626651 -0.09447953458455297 0.19204363823286721 0.10545620366222429 0.030386949275814597 0.12012245548299563 
0.2300957773355617 0.1550755995932057 0.20031116884189118 -0.14400064312738875 -0.17210235529703358 -0.17091047974521018 -0.19488408657852757 0.15194288386809202 -0.2355786830891583 0.1364543816965751 0.036105092553330324 0.049922555413611694 -0.06067715005770446 -0.007854094874574514 -0.09787193064287238 0.23889463370471078 0.09473535950084844 -0.19031232685870203 -0.01513526624285269 -0.08684010376949791 -0.16814790111144598 0.20873054386260978 0.06101766832203117 -0.0674476474592085 
0.11818124477604088 -0.06948438927718772 -0.07618692665380501 0.171552615286832 0.19147396648988577 0.009257274058715426 0.18126999783835715 0.155226777518358 0.0070845396583818195 -0.05029733533328544 0.08349328931536927 -0.0174531233233312 0.04153793525552839 0.19699069291882254 0.10904672018133951 -0.06563366696637954 -0.16458464402850986 -0.1256709394019994 0.010554856029415166 -0.03268832475479247 0.11983743941516908 0.1736286431990092 -0.1285186420036042 0.1438854737712961 
0.19693858400296008 0.24756361039282576 -0.18543540293926283 -0.17738607974076417 -0.19854403183103583 -0.03877268181374082 -0.1781550719394784 -0.08180275510009857 -0.015179328898529356 0.1564439018282008 -0.009058058626471953 -0.14145074255215995 0.04582207814335295 0.13075018806658364 -0.15553481121943677 0.06944068718870057 0.10945864123876352 0.13783925527729277 0.156247205889935 -0.04668064577274035 -0.03596406766509246 -0.1594643642662845 -0.07550381271722391 0.16419643587655663 
-0.05930552263850745 0.12366058838346887 0.15626568408872407 0.15890016884434577 -0.13731075724313338 0.21481736270555 0.03521215636481691 -0.11528016777419042 -0.08154730890984417 -0.13578366402792835 -0.027023570926739782 -0.13174633934918858 -0.1335967122668442 -0.12070348661731062 0.07575052224051967 0.08568559184081613 0.22544846272225708 -0.07666794701105509 0.05123518875541165 -0.18683694589748615 0.006363282910621836 0.1803665602889136 0.16243481150588623 -0.19687648068112684 
-0.0982730684195021 -0.11945868335435356 -0.18148519548494252 -0.19675396207871768 -0.0038501496306975673 -0.1823242154602409 -0.0880332015357532 0.048703725200583504 -0.11496037018774981 -0.0915155019268965 0.03571938006794763 -0.029272728254863812 0.0648227974882222 0.006045387501563072 0.052668717261171824 -0.05800562829187832 -0.08453647561370577 -0.1445333854600105 0.1752098012152377 0.10967162039457104 0.21667748968421888 -0.12547890375990783 0.1694594500174893 0.21690673503810265 
-0.08594011007397252 -0.06583362734388609 0.02024508113636344 -0.1255158136502279 -0.022799136125534435 -0.11995685146329683 0.2342587403163814 -0.0024244403885605808 0.24166413190010821 0.028789640038297617 -0.0061610888839145625 0.1719115681908123 -0.14256453593163845 0.021890186331974332 0.06410232214290616 -0.026064275542630487 -0.23180860476598594 -0.0028572946637209903 -0.013711399734861428 0.17189435333959271 -0.09673710451552385 -0.042870869583320884 -0.07921227905872116 0.0739160766100436 
0.19677683470959387 -0.1286947141437515 0.12824010428783236 -0.1070701284733646 -0.17722605586515852 -0.14433850911042548 0.17442396558492937 0.15544854770944272 -0.08364762912885766 0.17956777085497394 0.13977496941040768 -0.0257420434145118 -0.012562695828073019 0.05133272275614939 -0.13654810738232487 -0.19486842406915153 -0.09317964970249101 -0.19459786623088182 0.06913952109113662 0.020259791413366784 -0.07067975023419366 0.11158107568483473 -0.14151189455078308 -0.10147596217479686 
-0.08242353452129224 -0.12121429560423329 -0.16501597742637045 0.14790683333199217 -0.16491421623980626 0.07282268151666674 -0.1518145946657261 -0.19653855536163128 0.02254999837882028 0.16300019026059584 0.14404364570952935 -0.06396669089944808 -0.18980838967863295 0.11991809920175855 0.12198879514493675 0.14730278104536657 0.06720062168284069 0.12271372012396452 0.15909007521112167 -0.018168553635016536 0.022770065720121996 0.0024070757735330365 0.07613342466054908 0.07250129733053953 
0.017386932737093276 0.0668135315175696 0.002268934775038931 0.1255460276361281 -0.08662190775695158 -0.12899007535827364 0.12786390483074134 0.09172033839165668 -0.16863397324255985 0.08808442416523049 0.12217936023145418 -0.10625257804147853 -0.16680934475294848 0.09066041458420149 -0.1096877494873605 0.1973666508592048 0.05475293558649409 0.12299582779620209 -0.15692990847779525 -0.16650440181349224 0.13563644505726222 -0.024093581052763234 -0.16529532649619447 -0.05096778880223958 
0.06819860933742339 -0.12377818832054215 0.15696237393214332 0.21614329325015336 0.17950366403684448 0.09140997634521576 -0.046314188702910465 0.12538436354312482 -0.07718111288250394 -0.0735717411932714 0.04180929732674573 0.02577822999399007 0.18497912524227975 -0.12624114981142534 0.09728095940715385 0.17848553062675943 -0.2396338252798759 -0.00939721121076102 0.06216735923152472 0.1692076650079407 -0.15248816507483248 0.14248541043310997 -0.053634390614525844 0.15445169070360665 
-0.18958242950716642 -0.17769737709001296 0.19331140672691202 0.04324115375354818 -0.03247841884189744 -0.13653622750068806 0.05573834788273614 -0.18579788679095297 -0.09397411201136187 -0.06994772567959853 0.04242300163381797 0.07713678779497114 0.14230064417321303 0.17996473623979423 0.06353123001442165 0.03760204490282 -0.03412147107253595 0.20650804802299302 -0.13814974891221674 0.16451886255418224 -0.07493387616113549 0.036344156412255864 0.07021643537004732 -0.1048622147080155 
-0.13261758961075054 -0.001946140720609979 0.1185650684582113 0.08002165258569931 -0.15239452212065832 0.17287973167028983 -0.00796163935390582 0.1938943604699402 0.02129223999752859 -0.1662931579910172 -0.11857630958811596 0.16144941644275496 0.08182736376798419 0.16535096417500472 -0.06768300321793343 0.011007440608859692 0.06676808037776652 0.031049521612551152 -0.10687900023439031 -0.028840496853976903 -0.10017584993594394 0.13802579404334897 0.21260725921131993 -0.17372112727049902 
0.12775102046559522 -0.09566417366075487 0.04957489187629298 -0.09614663174100696 0.05976078986266457 -0.050934662821620943 -0.1120634437098141 0.14936925460754322 0.16308394927403586 0.04484937053608645 -0.11373089919457406 0.2269561220104126 0.07829102723687055 0.1296701677713449 -0.11483903523131671 0.1256788496050899 -0.08628323299693713 0.08450247492725013 0.08364765534502733 0.0739036097320906 -0.016323592627652497 0.1465778534103693 0.14485929387140697 0.034480145127326944 
-0.1640100767808165 -0.09961847754756312 -0.15796731273852999 -0.13059738030973725 -0.14936557461935093 0.07123697770443072 -0.18480283324891295 -0.10281320907726156 0.24204632199413606 0.1472360340938629 0.04162095893176122 0.13700196160742847 -0.18315319965465635 0.12939341230566406 -0.07482061517906176 0.05738669787636362 0.05852788687040318 0.09868739240266668 -0.016306437165312992 0.26861928882445935 -0.0962417777208813 0.11850687577010353 0.12934796310573407 0.1949612653798694 
-0.1875671364760821 0.14780355876862847 0.02582468948028734 -0.002974567224405877 -0.09570905740633641 -0.06860817138417392 -0.09963240090119446 -0.11179471278390295 0.1923132701923808 0.0009400682772314464 -0.16694956242051667 0.06390377184522296 0.07572342824869202 0.04638832451912365 0.006046857934487798 -0.039490294420877224 0.16157048139820826 -0.18936547989904987 0.17344991101406357 0.2444317877602815 -0.060791179429343076 -0.11373207307396323 0.11392007576231412 -0.1284751164951401 
0.10147237498342342 -0.09596415429355798 -0.08302791341972196 0.18296159731021935 0.16129428903807586 0.03748099328358625 0.13421763136508644 -0.058349181470651254 0.20986922650438877 -0.02612362225121099 -0.08142219504939578 -0.1812543359917097 0.19445472982750545 -0.006214034410038243 0.09321863493640917 0.08328161978351908 0.10039852920638107 -0.1800268518726494 0.16826723380539843 0.1810769737458129 0.04508283123810119 0.21504133545552312 -0.11786717892288492 0.040320741346913415 
-0.04087274357694712 0.11277552047082433 -0.07909018052186416 0.19474123535675952 -0.17241051394130358 -0.18379583788932893 -0.18072654284949805 -0.13961867192990463 0.0039089962727884954 0.1466583009983636 -0.15571782316252092 0.011795043989894283 0.06616556180824423 -0.11314670740467797 -0.12029836370990808 -0.11125991483384182 -0.19612869372638 0.08324480837553466 0.060890595090754375 -0.02213997170624467 0.04408763364542052 -0.15605093688793584 0.2459702128479954 0.13884112215901626 
0.06296363523756786 -0.07788330412509635 -0.032900524211068614 0.007533892530199453 0.17447723631684844 0.18260309851049314 -0.020673179157512135 0.018866623914214502 0.16522791265213957 0.2008010868251193 0.0550484104211522 0.1123190626984485 -0.0643758807938993 0.17314968246504364 0.13443520750705193 0.02049155204945774 0.19487918595705547 0.1469461882704551 0.122969333760046 -0.147635255410553 -0.020433246240545898 0.1815441380265303 0.11493317489743068 -0.03125831782624108 
0.2099603110297373 -0.11042155225196952 -0.06589971586079313 0.2066170352651493 0.12309219200866613 0.1581243665618408 -0.19617423804675524 -0.04750680405129998 -0.10917417797077195 -0.08097213323007312 0.09458909609144951 0.09570212304892041 -0.012613310355095043 -0.08817850587502286 0.03339903081935167 0.013255002070363443 0.020251460020839916 0.061584104523176385 -0.04119604572937859 0.09313769491659013 -0.09893203623476556 0.05826481585366798 0.2073237374829125 -0.19946179171600142 
0.08871118868167441 -0.15644971305328986 0.017228644912799865 0.050163970186101345 -0.10225418805571776 0.16574171811203875 0.048332733675708284 -0.10678562742774719 0.10752171093017882 -0.15786786813234346 0.021743077503422626 -0.16215978905608625 0.03193043458286211 -0.09821731151487767 0.05914635353853433 0.08568797197277647 0.009505335909881176 0.062359329565794305 0.12494293276515686 0.12260598492832106 0.04728669673122633 -0.019244840960648102 -0.03631545262741407 0.1498441327688852 
0.0685959292702358 -0.13518551247780064 0.025895033495321747 0.20512990318718566 -0.13952342577954344 0.12930643931771219 0.16560024438515383 0.001982970700364491 -0.18554924325606323 -0.14081565774470994 0.21022111179136785 -0.22594924828132865 -0.050396824802807515 0.03018541002237777 -0.12080379730435244 0.18870439809942657 -0.19432319868652312 0.015608526003656194 0.04662249451761842 -0.10706956867236006 -0.03927514828016665 -0.0035306420539301464 0.14297545733002107 0.05309532760694572 
-0.01275946456055723 0.07246303720156946 -0.018347100482160414 0.010105966695268071 0.06277700969668935 -0.1271713649360576 0.10930670652208982 0.03177929545277315 0.19812059714616856 -0.11053851785284015 -0.013265155867363316 0.18927586732841192 0.04003767498839662 0.11452792101299177 -0.034048129719444285 0.0949376707311349 0.18730636685624122 -0.11949585599362711 0.12254657676274726 0.21361966121490972 -0.19495568398353816 -0.11343163603655956 -0.1530431218858777 0.09218741652351499 
-0.1677532165476761 0.20448472394712547 -0.043593108416508465 0.24513402889203179 -0.12418637024959014 -0.023284658286922607 0.14242820388914376 0.0331426225749723 0.05902715805030376 0.004968194869326051 0.02912022332847824 -0.01656545407205443 -0.12217309931414005 -0.18616203038909496 -0.13930537169353557 -0.17946370756402563 0.04177893920755433 0.087954080342239 -0.05572404131319919 -0.17015901528801952 -0.033107424918213856 0.020835584713622107 -0.04532034049319763 0.12390294156677528 
0.17716979036355368 0.14788028124389396 0.08094590536694286 -0.011676739925113526 0.0724177720521626 -0.1954262132490371 0.19374797658329726 -0.1308605040820529 0.16265481502572404 0.12244338242033206 0.11962742214392375 -0.09180414497292352 -0.11184072971061125 -0.028057339160709537 0.13954819058549048 -0.019530125425929943 0.17453282727334557 -0.058290673325973937 0.047171463474950145 0.19302051441705753 0.056752838695634376 -0.18231765522800467 -0.014332812014780877 -0.0654440020260379 
0.01265373299419045 -0.08545805841215189 -0.15105892517026392 0.06665829083609077 0.07188252375349442 0.14675530790271873 -0.14694980784915732 0.11901379430195176 0.13039348975279658 0.05798341723700326 -0.11758338674654602 -0.0948237237926574 -0.03213602513902911 0.016444413166232633 -0.008866407599128455 -0.012794982876730265 0.13568623958027792 0.1479580587106832 0.12634201966865838 0.15108437136241332 0.0279819557577883 0.18621090961881714 0.04206659017672731 0.0410356704590688 
-0.07161958353127747 0.07182030741668707 -0.17967804452677058 -0.14607116045538657 -0.14781819511165462 0.061433585067588725 -0.12954314891350527 -0.06289080566582855 -0.18280204944823067 -0.10596393377418938 0.18628777881633565 0.0035887611521342438 -0.13936755573022663 0.009042103160956896 0.17783189461924076 0.1461654890820517 -0.04261848080459619 -0.08581053501092094 0.10413714801736128 -0.10324562536023131 -0.09771369168861352 -0.16658449903674524 0.14553976383301698 -0.020509398498614485 
0.024335193440858258 0.13168752792421667 0.1181530930742448 -0.02066368291383873 -0.1259855455702328 0.1031294583405803 -0.1882395949133023 0.2405893065013603 0.07162708870937397 0.1518799362361237 0.04286920149945006 -0.15203468266741232 -0.049701553976622855 -0.020181725960764355 0.24852697795979567 -0.12583671913090702 -0.04044208936639736 -0.061836800605373096 0.10735777719392801 0.17641346848726921 -0.05482680440642127 -0.11790624174114053 -0.17350968691197788 -0.1201169822606712 
-0.09041267241819625 0.00013435737003520407 0.15805686038911168 -0.14863470347512878 0.17865746078951034 0.04723058831828386 0.1260744181741809 0.23360393645734526 -0.018783226807427934 0.012418138813197213 0.06531722687860184 -0.012583935981602514 -0.07969906272935175 -0.15791764333763886 -0.08538347547217297 0.10121139071406238 0.07434740734036133 0.1029953826139738 0.006725866421693744 -0.10662232679024156 0.03936244675607789 -0.07773918334229124 -0.2009102437402968 0.15940953422674164 
-0.031394385129124215 -0.03843096211762015 0.09705972229722341 0.19347782728649113 -0.1712980706333508 -0.14869244900182924 -0.07039615178370108 -0.11561354595937152 -0.004387374352039774 0.12945906713178434 0.14141370120769772 0.04689082613946628 -0.1237430301870788 -0.14819733344732036 0.09675781227892576 -0.10456242501099465 0.017615895042885 0.09972703185181875 -0.10817400783194636 -0.12987957573298922 -0.1846704504118157 -0.14078876312203092 0.15266607155987033 -0.15822212546032374 
-0.11002978110150537 -0.1875208348394335 0.06988210011117664 -0.10678222298664228 -0.034079214642368336 -0.1441418871268395 -0.048519731564650656 -0.00952732769756615 0.01825579893807239 -0.030415560103918268 -0.1589864259512306 0.09089215719232645 -0.14499193684556785 -0.06208385917080624 -0.09059125785586819 -0.07893970765490563 0.04478478377549691 0.006987855470614419 -0.1235762302122256 0.005489154288724727 -0.06353179027223674 0.06158921298311191 -0.10904210408077646 0.11647843690367851 
0.010309906496759506 -0.05533956595277192 -0.09793349290509776 -0.1251654951568375 -0.011078133972986938 0.24349079536759835 -0.15740662351315066 -0.08597303818679491 0.05984740039168848 0.14467696999613866 -0.08786051576931056 -0.009972439292266379 -0.060394406499385135 0.09698329405520519 0.0870969209622245 0.14276331927181465 0.15027601785387804 -0.05179642677689399 0.17057927251274846 0.10872613301112123 -0.07638747258346153 -0.05836161582079171 0.09926427332196468 -0.14950867377012714 
0.05276887473641636 -0.07324832289202146 0.13056815534924485 -0.053571485074315854 0.09272892157170602 -0.14421579997396597 -0.007289662726949681 0.10795008324365171 -0.07160243133811983 -0.1351131739378066 0.058953130523606734 0.13832713599647053 -0.08728495549153703 0.0057550346566943135 0.15548769118964856 0.19177695305230297 0.0934105765041703 0.03585974905492792 0.1265961118136647 0.17077147188708455 -0.19989038289956146 -0.04056905306301322 0.01259804223636995 0.09295271259638929 
-0.1652056618115156 -0.009449811973701927 -0.08751427434525666 -0.030151030550675993 -0.0007933930265562556 0.0334745635634078 0.03226141230049479 0.04261619391726507 0.07049067537923506 -0.028242612319257888 -0.1988800097593499 -0.1679275333164266 -0.07793585890580416 -0.14102827340350832 0.03893868176699774 0.006510482231203421 -0.020376918480280885 -0.07779433608871837 0.060658375575395655 -0.1234968346110995 -0.1985098269812585 0.07551844697711449 0.012514646257233485 0.06053819124761385 
-0.09530169514841207 -0.2592901676574153 -0.04961875551018389 0.10517365470376645 -0.1589612898971413 -0.11263868302929496 -0.0309447830135074 0.035639428004713015 0.0901239723465401 -0.10489200812395225 0.05992104441099606 -0.023844313491851763 0.04841492665271017 -0.13328837712259844 0.054988548268336136 -0.11059546849782832 -0.20019617870669756 0.05488101481584409 -0.1259652378834245 0.07714309574090006 0.0342276906648806 0.16117801748836846 -0.06766074190563631 0.2418327930519219 
0.0029627655498021977 -0.05003645382191838 0.09661592591879979 0.06463639484540354 -0.0543911442564945 0.006869626014807825 -0.12882558606394356 -0.10517947838602072 -0.22230670651052412 -0.0030635615232551504 -0.08471651590982882 0.03277425743527311 -0.18727905588327146 0.04392217914597919 -0.08214930571140111 0.05201911848829755 0.08395135634128084 -0.04054064446227173 0.06460873567654703 -0.0758249412835982 0.23080458174083218 -0.13127814806377366 0.1869842766148187 -0.1606688420789505 
-0.022045417184945 0.10362997079670107 0.12217480345128512 0.039624966741322445 -0.03258657233724716 0.20387631087915675 0.09097518205478389 -0.08197099398176225 -0.10041921920758086 -0.17393932677127685 -0.05635384078878942 0.08442109374080693 0.0906363811836242 -0.08579291344168562 0.0757223765131554 0.12132534133227398 0.1423028986832998 -0.18873605040962693 -0.14112183454845273 -0.14544406569863277 -0.13663346481440417 0.16217925453894794 0.11491210338159537 0.023727383871412645 
0.016982740033453264 0.07635916198528825 -0.07846965747962226 -0.052692108313541854 0.029537432560971192 0.12256712049496045 -0.11892618384625955 -0.10298308767904206 0.0816258676499214 -0.0629812323767743 -0.1814552628451613 -0.12617415736893403 -0.12204949026258462 0.02513020141995009 0.047438863382427414 0.1954246237405219 0.1796140164657302 -0.07647583093870604 0.10077601496609044 -0.09925304961099744 -0.05195766962998449 -0.08225806246897852 -0.048256910366903404 -0.1136308821698169 
0.003493938673968506 -0.19494278157780418 0.217497114434507 -0.011224516313580615 0.13464677696570604 0.17481445690911251 -0.08969172393694984 0.022030211098050624 -0.003170841188855717 -0.10366306766409762 -0.009742679602281343 0.15763822702708252 -0.1380034803792129 -0.1408115742148902 -0.1148593650973491 0.19951514278644508 0.1825284314131209 0.003383201311410082 -0.146776906616275 0.032617577179059346 0.07852008594354315 0.15450510252826313 0.09493608385607437 0.2611027563520626 
0.12732442553119508 0.08114893653899696 0.04672550377731243 0.07588496284104729 0.10440606751228178 0.2505680223492079 0.1253797783645731 -0.13869801711605279 -0.2727670516614123 0.229477980139161 0.013134112302753862 0.1021057557802251 0.05524478877502271 -0.15259672789001152 0.13542873656461885 -0.13548820436826972 0.15229365540239118 0.08690231120836225 0.04720578164173446 -0.052620868672022425 -0.018973745184296738 0.05957766962896226 0.10221835885522011 0.07925350252137732 
0.08817289125718068 0.023146607356649994 0.18952146781087656 0.09640879958905212 -0.05740445725460059 0.013191139182964757 0.016766750374926465 0.04689915024809537 -0.06745022164679652 -0.23249929106260456 -0.07419232381847941 -0.09605909005153658 0.24697359979341246 -0.10345836870765387 0.04994227038827789 0.011997633953020934 -0.12303841391449324 -0.2565886962996355 0.09733818603583838 -0.08063155726356665 -0.08533116669067263 -0.14780209213966972 0.13651492316043273 -0.16430540948374386 
0.019636523103512268 -0.1946067857193109 0.1925843946751729 0.060374573867542185 -0.054331923723456896 -0.141121611144899 0.07031643632610997 0.19723064069136229 -0.06382714822423893 0.10605517606477431 -0.08435434314717244 0.18644921662665567 0.10681142121899707 0.03793365173514505 0.16465496092675452 -0.1194450112595078 0.16905867829504795 0.0705722326577537 0.10801748989871385 0.048812855001549464 0.13229075498957993 0.07253868654719088 -0.1411780653652442 0.03373304303967411 
-0.21176207737777086 -0.049513370833784556 -0.2575695460927225 -0.15062420427502182 -0.33144293010279463 0.3357842412767099 0.044699620646416534 -0.10198757391198789 -0.32758269033855697 -0.06566012036730966 -0.03187973392571494 0.35931437887667955 -0.15671128416479485 0.06908240269700026 0.11210537994642343 -0.2153520234723253 0.0038572207194960823 0.19417814839217698 
-0.28168764797711143 0.07162659578403432 -0.4163647836442011 -0.3703023406253905 -0.30423516449284277 -0.0124639913256203 0.34204105175372573 -0.05737300110595167 -0.3182200693252488 0.2630501554221599 0.012932655910442549 -0.14083862295602942 0.3426486133751689 0.3409914298989495 -0.16377321050135993 -0.20457264684530138 0.05996925609624245 0.2675271936261116 
-0.1587019824731459 0.05828434232455101 -0.2461010176465469 -0.2093195260506239 0.17860444610450804 -0.24046513793232305 -0.23338128174352188 0.08615545658782423 -0.3356886372445702 -0.32751858765426634 -0.14472140468409733 -0.12666134631104947 -0.0895621167627986 0.1896999404706865 -0.3208893007236391 -0.09593427136781985 0.09365555716766612 -0.3058522835431977 
0.3206704508186512 0.09864800279674026 -0.2486219750423845 -0.21011701056979432 0.1676018205163142 -0.06519599043981647 -0.0504824087931314 0.23903879971695566 -0.24934642864335316 0.3188626613999579 -0.3161840697899049 -0.34728548697509753 -0.2771288108125858 0.25480351512989113 -0.02964344197578434 0.10392035457912759 -0.2234937508988352 -0.2000910695190209 
-0.01266126629067443 0.1639900740587313 -0.0451242937021572 0.25430379241562934 0.10883697476950574 -0.1713593516629569 -0.215051494327677 -0.08357694435425286 0.16812638309717068 0.3438676771106289 0.2719651901719079 -0.15893843218763687 -0.02963759210870337 0.04690347344355319 0.031470107662865475 -0.0748241376358435 -0.27468033282019194 0.11898726914572401 
-0.36954094087724554 0.25181922606487195 0.27833965917291575 0.1576771597834296 -0.009092693468010823 0.1355128622021533 -0.1313861680474671 0.2789826924931926 0.19265236364074723 -0.2262826940576618 -0.12072563422977767 -0.07242733690106619 -0.028333126632975773 0.011149222349608254 -0.3168507457211115 0.10853320963296116 -0.20440518794098483 -0.11485374335908954 
-0.012290221026623973 -0.10256316342272649 -0.13875272037927222 -0.21930634418993902 -0.29815903209020406 0.03445578992923673 0.06595045188350646 -0.20002941860722884 -0.20807031347649782 -0.17777487120614943 0.23024659148024054 -0.28461992335138214 0.06585568373926659 0.07389210528415734 -0.10620529720531577 -0.10126635318834967 0.3174164348014596 0.05799804974057587 
0.17493178911416396 -0.006199514003372001 0.08888042705243478 0.04359891904839882 -0.2439204690843499 -0.1122092520675351 -0.020543402689799796 -0.35124894203692064 -0.09273012588567499 -0.25161777943861297 0.2575669909861518 -0.1612749336826127 -0.2685414601636881 -0.02994041988631689 0.12442094937821412 -0.2999303355524151 -0.21901037131306247 0.198049231767713 
0.20046709766275486 0.07962103300642119 0.2645884423690207 -0.283093628986734 0.13855216599904535 0.2878477314448264 -0.24334129181609848 -0.15374052511968145 0.017778452635193245 -0.12827745823848558 0.14499329321792306 -0.3439644674247304 -0.254798568264753 0.17522196982641172 0.32556204428548646 0.29652115190884193 0.2764327184624169 -0.2641930423283597 
-0.3364505950282037 -0.2952396621179579 0.010304412553598204 0.29134380857490905 0.021331874994039726 0.1927909447056412 -0.2862155472211087 0.2689354909200471 -0.214328777578315 -0.2793188563205515 -0.05290618620912714 0.10176788286234409 0.4015837656934513 -0.3664725529280876 -0.15413882924361758 -0.2720843600524135 -0.07402982049666491 -0.21847912788946453 
0.043913220560319884 -0.1028856918329619 0.32889589357092736 0.1985300862185148 0.24826155097752145 -0.25492561793614454 0.0642793252180117 -0.1786510751996282 0.25258845299861393 -0.3779480989211295 -0.27163574619923503 -0.120796617370561 -0.06845123857383982 -0.1408560957237556 -0.27845479018362895 -0.2624973266151974 -0.12372594398825343 0.3655161939763024 
-0.2257892146864161 0.16883889691978576 -0.1896401044852873 -0.36598327664073427 -0.3350060558707354 -0.23863644062272776 -0.06817864226002665 0.23644225411518316 0.15105368107090952 -0.10144169270187105 -0.006746371965267803 0.25268424299205766 0.28193648680003885 -0.1499717295795893 -0.3433648664684412 -0.3131413894081269 0.1622655055592273 -0.18617707795784388 
0.01302261158546568 -0.21110962794026258 0.26397363443003946 0.0024407334784983833 0.01821590811714259 -0.1443385695463804 -0.01645098536292069 -0.3900346644722458 -0.15180037809267835 -0.14080037912278484 -0.1471940834838247 -0.32242153679874197 -0.01912780306078513 0.24594716473215025 0.30573833175339504 -0.0018132938260170192 0.06326394803264612 -0.1375642022702441 
-0.2721569496132924 -0.25325991494190947 0.09270238972293389 0.14552939577880453 -0.21997509016831052 -0.058291271994286784 0.0753682894748004 -0.2488039237004075 0.1953374335532014 0.1115145349203645 0.08988463175074485 0.1891905537620616 0.41464341031565766 0.03316795860966327 0.25065248719829236 -0.05479466174297053 0.10475644120315164 0.2923865532768175 
0.13102704589237785 -0.13397542919041924 0.07643695729311942 -0.10078547016899296 -0.12068056257492304 0.07446948408240402 -0.2780920412368412 -0.005864690840902685 0.30788416055038936 -0.0948245267830871 -0.21325394378008314 -0.02758836201440818 0.2422143145401574 0.26537910723564534 0.22498065844239498 -0.3382507881052668 -0.15890435183537432 0.3885281917763828 
-0.310469685932205 -0.006635537936337959 0.18364581847621567 -0.26004765969296567 0.11020914116018128 -0.007982290637653044 -0.28928808543816503 0.31220304729982007 -0.24373652196621887 0.13956931574316356 0.18061336860144028 0.08925240873609895 0.14635527704821635 -0.3135829740178814 -0.1305556854273397 0.0586463653070226 -0.07060503258978533 0.07967481194069316 
0.2217289872060082 -0.21237376047424433 0.2932882071987612 -0.0703244518040932 0.3061100153000061 0.07936706768947432 0.16714977054998295 0.0660860144981759 0.009656209277671047 -0.07973472330234807 -0.2550213505904416 -0.034116146451897894 -0.13831190548983827 -0.4066849971540313 -0.15346790932371945 -0.219117497877135 0.2584617407637519 -0.3780599992361374 
-0.28052759671299127 0.13888578473062949 0.29541047193735176 -0.16971460150817733 -0.3312860039423288 0.3184017989838522 0.07489528946755059 -0.07069805687325607 -0.03195666111308852 0.12158755816470854 -0.08534436888610498 0.3377824297988178 0.2662679376379969 0.28836709852779463 -0.1009588503786274 0.30190545572796834 -0.014008364277609087 0.044969936861451384 
0.15621447305603464 0.21206633798926608 -0.07006290066009149 -0.034994392900064036 0.21761600243007936 0.1482374659584646 0.29958161007466577 0.33192305481476975 -0.220280565037572 -0.1801119160579476 0.1471507313031361 0.17951263329215486 0.07744264748849261 0.25439828745316445 -0.1693451974261469 -0.10890612986910196 -0.003582541087467355 -0.13572320648615088 
0.05327488799218191 0.12401724042589894 -0.2083382467521835 -0.02697949152607405 0.34141154820369285 -0.11944509769041271 -0.46528486635963 0.19269751533676285 0.0022125729273043035 -0.34798341067323807 0.2907511901980928 -0.08382878050329846 0.2908248760632216 -0.06866909437730734 -0.2920157654284694 -0.17399153809178247 -0.10151100882924957 0.20314587463958522 
-0.24862645735902109 -0.046476513480830844 0.264853738399739 0.006994204357697261 -0.2734591526903353 -0.32900361828370245 0.11845855584196158 0.41192350381446224 0.1909142913660085 0.22816996711080947 0.11917583752232669 0.2669606817102669 -0.3092070674446637 -0.21317151382074367 0.132925204656611 0.2524590778626914 0.11859724692986004 -0.281675947931638 
0.3600249170333142 0.2780614009733624 -0.3689412654877734 -0.254965600124884 -0.15325585893731547 0.1626847617115955 0.23630888885741513 0.08497331903075662 -0.215398666107181 -0.08057084780037027 -0.26216755968395705 0.32610870784714396 0.19478758188536324 0.033114438323721754 -0.03119375021867882 -0.27720127972564534 -0.12322265768050142 -0.2915175017797657 
0.2385418164102002 0.030153793349473032 -0.26774546647162806 -0.21246830643340334 -0.163510142377604 -0.12997923495445615 -0.11739834208868169 -0.20058438949960633 0.11608357935421663 -0.35245095928376485 -0.11672752184670641 0.1805358841595804 0.3164907989340218 0.2356774409689734 -0.17710168388248734 -0.18260343652377203 -0.2122936053563836 0.2990599462540417 
-0.2367090581017377 0.17641128776973047 -0.2047684537642589 -0.321367861131678 0.15924263049006915 0.15422187598489157 -0.40672596103252134 -0.18619019783229035 0.31212481253063806 -0.2416644764556104 -0.3018169918651675 0.10124543247690981 0.3361504918992383 -0.28921747561936456 0.00871502464643177 0.1250653047765912 -0.22523756204836115 -0.3996827365562447 
0.3257107525278672 0.06403603723672972 -0.3142853549763205 -0.3165876254257617 0.09642098970353702 -0.24790950656647223 -0.19325031457401592 -0.3001372068850291 -0.239209259599543 -0.002423225253690078 0.007696349193916273 0.00902782481514205 0.46690318399187913 
-0.29764453300448385 0.20427061587455353 0.23487274063463467 0.06669886277660897 -0.029133944481948292 0.31658637794712796 0.2630066203448562 -0.36304509947352837 0.37403233583069 -0.3986331611172166 0.05739751137078853 0.056842954548390404 0.2680836334214637 
-0.13324181347041544 -0.34359028318863755 0.016693490076283703 -0.4225535663328136 -0.11991261344505093 0.42226688099964044 0.3320502229110263 -0.3081914388413332 0.29174813164066693 0.23297536734072047 0.345271760906853 -0.2200869786959148 -0.04942440441844201 
0.27662649806640904 0.13249384542410306 0.07387911209353423 0.14693306707170553 -0.22687358853766212 -0.3900014621212955 0.1881114571004273 -0.1350207757636617 -0.10280621723402056 0.08040709202581402 0.1243328934797527 -0.23760167699227153 0.26246462129103615 
-0.09444895215842047 0.10398631013502782 0.376871099605295 0.05080352483935232 -0.11145626628019506 0.09379262509740983 0.001396338866472446 -0.03727755629086796 0.18488101694374975 0.3422187657322255 -0.016177209907003994 -0.33170486594857473 0.05464782044266726 
-0.2033601227623931 -0.37191124939404746 0.2302919112185127 -0.18079999828316956 0.2212715990777866 -0.0091926779094302 -0.14433700019845067 -0.14748511912878626 -0.36988560485817285 0.02688777359410774 0.25921799578385996 -0.33528093887642624 -0.3149514467554917 
0.09805137691492317 0.11931520294902602 0.1208584684606876 -0.18663133251877156 -0.3848421710830243 -0.09751707371145799 -0.20967790199916275 -0.4799913597194146 0.15896369358735793 0.43398407156265784 -0.08573080313328349 -0.15854948044242365 0.06827590531839905 
0.243243311056856 0.2360840665622035 0.10598232394406251 -0.0010024986630642581 0.11127891263399858 -0.19101394299270763 -0.1688951086981571 0.3025604026949264 0.3746900882674716 -0.37001343444135143 -0.161967244115537 -0.3995706004529608 -0.1614869483032986 
-0.22855954825999678 0.1062835629066634 0.16564669634877544 -0.3054521634978103 -0.35724946761855053 0.35481987248594243 -0.08725341185582669 0.0377705528604549 0.37613255579321614 0.20013167795830886 -0.13821997004432476 -0.3336688371664896 0.014491669246926587 
-0.18039786433439808 -0.4223282969032936 0.18365297656643284 -0.06379965436002216 0.025469788688008803 0.2623478589679178 0.41593682586863684 0.1397507432587785 -0.15232763669830682 -0.3496681428466426 -0.34351593852477763 -0.14292478093499905 0.10278632870167556 
0.15488017275229712 -0.24086948109990255 -0.336188119970556 -0.13208046456241185 0.011320708288038148 0.24253270064204238 0.04367579782229837 -0.14752810789678647 0.09794725229278707 -0.21930647910530948 0.12074767130852035 0.2742448177332275 0.08584406001267265 
0.07876179910194722 -0.19326144841022588 0.2714741224369109 0.4790789821981909 0.195593169887784 0.11371618695457765 -0.2837116312500933 -0.10710831693658762 -0.12657453998046134 -0.19807996143474133 -0.04233452747210746 0.08715093821236793 -0.30490551267988014 
-0.20927225870355326 -0.3521808913659036 -0.21316722067284904 0.02251110722388838 -0.033709128278835356 0.4606439339743156 0.43713965370807023 -0.023234841587413034 0.4215327178468193 -0.24969683624995256 0.03216480005567185 -0.03644441874329822 0.38521525549449204 
0.2797098986043322 -0.2656853116664642 -0.047390337898447696 -0.3193755252837075 0.052606391476252 0.2304315147146263 -0.40107942439826166 -0.3061620735540858 0.43288126791251286 0.43490782964448776 0.04433951918956372 0.11545924569719333 -0.17262149125942083 
0.3650158603001354 0.13445469912801686 0.132071573218737 -0.3955105287635822 0.2833260179370329 0.22229429782510035 0.146639198662874 0.19177978292755446 -0.2754988179914205 0.1739567414858186 -0.3246235542255548 0.16439969064027504 -0.402540739385613 
0.22056744047557192 -0.006579726839213746 -0.23638740274791165 0.18243150359192292 -0.14617373359189947 0.308675892906769 -0.25612114020908555 0.35381793639746617 0.38046541765119374 -0.15517261143675387 0.29113899275998545 0.27447527012542816 -0.059181006866089236 
-0.10763913953545727 -0.17297615149200513 0.39911171717695904 -0.19459216681363659 0.33905318281871516 -0.05623737155547267 0.35123633054319525 0.2717422484315671 -0.27615074327146083 0.05830783471729519 0.13745087093504807 -0.07407235070701475 -0.4006770930905847 
-0.18037723251456375 0.26918930007178105 -0.35268176139848617 -0.34271339529900097 0.17241134516578846 0.016755101588095796 0.004259543798021226 -0.11119914813286194 0.09615211547640275 0.32145964467299554 -0.1774369670499481 0.2765924577007061 -0.07762002188991236 
0.2439603288681526 
0.008401139626934024 
0.440996817595444 
0.6755918199913629 
-0.01939425097326312 
0.3754629010025941 
0.06435792726919902 
0.30289548387309756 
-0.3537297885433446 
-0.5454162636224109 
0.5825200081863564 
0.37878929320414667 
-0.2725997547566627 
