98 24 18 13 1
-0.04989103070395065 0.08247266153327405 -0.1901470871877586 -0.10782381846375677 -0.1618696546442348 -0.2163877505637858 -0.10820452583483672 -0.0342099610522152 -0.0761179858982656 -0.018504936915937197 -0.05322145786170117 0.10800095140559036 -0.17849062588556466 0.17328682506314286 -0.22119872366183696 0.10097777935466343 -0.07232357348003847 0.017720838171007856 -0.14333811392343568 -0.17150658605378993 0.1645847536368905 0.2651546838219156 -0.05452989323839688 0.16164076766301483 
0.24196171712049694 0.12253463811695103 -0.15875312074973694 -0.2407175012913337 -0.1310097622934037 0.1769891759005445 -0.24864791902230768 -0.08462682609821216 0.14691485362991594 0.024886789305825177 0.08557234838568664 -0.02711301467847284 0.04394491979968448 0.19524830980609564 -0.2601323981562263 0.1565172309088028 0.25934567664870906 0.11366933885198455 -0.09751037615844292 0.12602741564760123 -0.11963623301582696 0.05001211637960852 0.16022297645450886 -0.029922276211705325 
-0.06336070733178768 -0.20539443358973358 -0.2362028339291207 0.047393863936474746 -0.09309090658296199 -0.05553268747336677 -0.08681798533228273 -0.23764870524725132 -0.03229119614531632 -0.1260562987352346 0.03023754929194412 0.15642527387415 -0.20329945097689459 0.02074062696248231 0.038446834900067145 0.048466133653894565 -0.15044786847327143 0.04879082955545952 0.05611504253334444 0.002892756587635398 0.272193155088188 0.07460480476704873 0.13069980049634367 -0.1470132937957127 
-0.07265919754873286 0.046265778203533364 -0.046879179947656925 -0.2184480649687038 0.19902068211795576 0.044278810489464235 0.06806240470308875 0.061413721117371145 0.07196075774621197 0.13000489283209807 0.04838088641182695 0.034531955149335665 -0.19009454405983398 0.2651149130183046 -0.07579598696859774 0.3072345028355663 0.10630246714760451 0.12034738006152533 -0.16508265751523685 0.16629663217838217 0.07751906024664076 0.13104907250679032 -0.07889798912628972 -0.05234372327771035 
0.18234468947908256 0.02640892441309208 -0.2155662766167764 0.06824463546385724 -0.0717540897346433 0.021804403191238546 0.15991557226806438 -0.05815831158927123 0.20241772555797763 0.06435449653898694 -0.20031848002121633 0.18037468883292446 0.10481560614021834 0.19184909499341618 -0.12746694140373296 -0.1493340893949163 0.18122945194482415 0.07683061243327054 -0.1853247731766695 0.11714944802456512 0.12478783874369014 0.24142007095729526 0.09478730649354597 -0.11892064511724679 
-0.09785809050940723 -0.3171609577982025 -0.19923203815263898 -0.17835225795046714 0.18700773144246083 0.13850909973641984 -0.051218795460328585 0.09528783227004779 -0.282226062220385 -0.0008417129124812503 -0.04639525218747725 0.3241606577620739 -0.07608273156120468 -0.10601852055478196 0.08886725853069916 -0.0018062562758642637 0.18774048797277787 0.04800464687366721 0.13898901104826406 0.1059068593001803 0.1416231102878453 -0.04354032140060664 -0.25797225627888565 -0.12639721038510962 
-0.16614717239104093 -0.24282128505522171 -0.0967929740627335 0.047245891684839815 0.02661412909582903 -0.1344401440008695 -0.23870598932983586 0.2156894169474455 -0.012295191750690663 -0.14466608559186048 -0.17002061585453376 0.16437290846084804 -0.14141796229214823 0.08027604833355802 0.1698482077511836 0.2080155166227846 -0.09748230136832418 0.023513844683905355 0.04725753635328453 0.13682689132360493 -0.0988016474470636 -0.1385500665018141 -0.24365747785582512 0.046523514269832845 
0.11247705940916508 -0.04533726630439098 -0.07218993662444806 0.1858942618785018 0.0006808729303245272 -0.04595004265332667 -0.05943735821316753 0.07078753669345625 -0.004442479626751079 -0.1403316720362376 -0.17339861429653292 -0.01443756654190687 -0.022049320456605452 -0.1526689734428114 0.10025320271971708 -0.1370199732920193 -0.11178095418904051 0.1179241091537712 -0.12190398612882701 0.05969335461249991 0.09852319553791267 0.27297680392064794 -0.1347901766057781 -0.14453063884732484 
0.0843947329904871 0.048623437093950686 0.23170682537088907 0.16388547240052917 -0.1947541848281728 -0.09269802514387124 0.0038710804313039976 0.13992353451723158 0.16204012578478552 0.02223995210235794 0.1185244586003585 0.12392511260276975 -0.03318421351376418 0.031069844227390186 0.04105878097843634 0.08450920587221959 0.22360300379931292 0.15664370329396737 -0.04138100783246459 0.16103314139518057 -0.13882746091858394 -0.18055709234971296 -0.16161443125909397 0.055550134261504965 
-0.19166227219832832 0.17922323709318524 0.13019693793482767 -0.1943183062682361 -0.12885958034302858 -0.06632878747023845 -0.1471411430846326 0.12308356132986253 -0.06128279239514047 0.1760210631766891 0.03224237825163292 0.1511246466637521 0.1373176056725797 0.16190321313029757 -0.015734363492484263 0.01818316212111367 0.11869442549206816 -0.08483290663035938 -0.0038155050117970237 0.03900066577008477 -0.19410830319465033 0.036774141095715675 -0.026050704267998222 0.1222244884741612 
-0.0399157848142439 0.17875680927140558 0.030600957444690196 -0.14894507545643176 0.12833940955006026 0.008604152441446545 -0.2518511168397055 0.04428893079067445 0.08930648802038632 0.17850946042645818 -0.24689017717098488 0.1945587198047776 -0.059756520406891646 0.1857975301600186 0.020801857897384004 0.12115294576048156 -0.0023495124911288687 0.10529964570941795 -0.09412310803306573 0.07435702335766285 0.11120030223485762 0.20183010812845378 0.1710766449826664 0.14222629979454718 
0.12948626130834595 -0.055310608837610555 0.05021582322763252 -0.02158526935340954 -0.04407773616671292 -0.0803199928350617 0.002005455775232868 -0.04119659188178276 0.06913031569436545 -0.08948794435613011 0.20638693019672413 0.06083518358380698 -0.12204434004350727 -0.05329960477971801 -0.08795085542884659 0.11742958845197453 0.08577443349337124 0.15015434693434523 0.06425096216349739 -0.07402347453007564 -0.1136614540416608 0.16258097069261407 0.07102148089354522 0.1440218319826269 
0.08338192225194956 0.06441002793944016 0.014741924018987435 0.14248226685585505 0.022449522840962962 -0.10463915488378833 -0.10390821018893603 -0.20144355775144382 -0.09365482809224664 -0.15253981146348428 0.21519234326748354 -0.11204811674096322 0.15362957942225197 0.1466316511132659 0.06479016940271519 0.05672333887001907 -0.1364536280506299 0.03443011122791234 -0.061109540970668605 -0.15324105232110735 0.11787377085829139 -0.017028236924297706 0.1762402040215263 0.25972051351093683 
-0.0703870247674622 -0.20702782834012437 -0.11949338774845909 -0.0038682145755966867 0.062330345123489186 -0.1781699719693862 -0.15370274002873208 0.19049399436965464 -0.0391752799211574 0.011017901225009714 -0.10570746127618784 -0.20869374784866537 0.028120377259562603 -0.04921119229521679 -0.15050404730359956 0.04378171378181741 -0.03258312182513937 0.07222228499604662 -0.14165470048855297 0.04723996959048221 -0.04685214561439152 0.07086187771587112 0.0994341197492963 -0.15123436343137148 
-0.07400873541157019 0.16137284529698007 0.18094978796491779 -0.016957530851964542 0.1599960646514266 0.18731626878748975 0.11268178754026177 0.16741394879521673 -0.18075930332519824 0.059707712388274554 0.061483807838106884 0.04348717212031056 0.09957323255268843 -0.18717683806695914 0.0979165234343515 0.09893374070735873 -0.08794427716922144 -0.1129238047744943 0.05215675499549614 -0.07813369402991327 0.11111569151868236 -0.033740295429492494 0.11988185741904094 0.24224986980382338 
-0.18164904278776947 -0.11455203636139286 0.15849308853508415 -0.03206148173156821 0.18985579135452002 -0.029424293592881505 0.30291914121433017 -0.02738425069705795 0.02290844814937222 -0.09525935660589605 -0.017514660913372823 -0.2762003312775342 -0.2292698643763186 0.08222640078867292 -0.18804082895175908 -0.08527173146006718 0.08446187545743634 0.06973447604086606 0.07550441498113493 -0.17966946554302315 0.0026673610991899688 0.0644525161442164 0.2659876217778384 -0.08695483842490603 
-0.12573178644461847 -0.10872589899008797 0.09921629056034076 -0.016876512675023866 -0.17722761052548916 -0.03056059234539529 -0.12405971059148853 0.17290814107841268 -0.08328582377846905 -0.18918058242608646 0.03675478117294927 0.11261051449546745 -0.0193229206868902 0.06940318907645328 0.0043619816347654885 -0.02360424428594657 0.20726967367730012 0.09093379111298504 -0.18725625625358255 0.08622776207766435 -0.020933835684342938 0.15983673878322746 -0.11062677370842908 -0.09229998643916106 
-0.18782540784752227 -0.0833724831599311 -0.13533230962472753 0.009809932006846801 0.13498309195905947 0.11118308865701346 0.13754136398149447 -0.1012892414480075 0.1010681597437635 -0.03029010259420885 0.10172414246245257 0.11644276692762308 -0.17487375453159873 -0.13165576911773882 -0.22509546257684285 -0.13723252360418464 0.0004095302205861286 -0.20010746738107513 -0.19966007670489574 0.07953575373032436 0.01622744907130302 0.1771492682860799 -0.05247311768709227 0.0378754723422337 
0.023288066159325983 -0.08066430513918314 0.1223885978670181 -0.052698424454004314 0.18261572302911794 -0.12341734132293822 0.08283913502514373 -0.19927745650593806 -0.01894063612320112 -0.15407187397978894 -0.05367539696309949 -0.13672234457785226 0.1694881849952258 0.2482681114624154 0.10068202462834835 0.26689588269606745 -0.13163971399806476 -0.12113966390358037 -0.12424431021991185 -0.004178926231978418 0.24573384076807753 0.2844920471872463 0.033651149410337824 0.15665337471409824 
0.15726377675109482 -0.04362721579616898 -0.09509979538371298 -0.1291752363903265 -0.14518261848142885 0.13341013108911562 -0.16696644923429005 -0.12678588612282332 0.10789029041979031 -0.05314435936001977 0.22769261069982744 -0.08721491502296888 0.05012076236967546 -0.0610478558912407 0.14665240896850715 0.013256429275967239 -0.04884297642548838 0.017824891081272304 0.16875065037924789 -0.18781674511250385 0.12598473973332644 0.1726193980988394 -0.16451140553068647 0.02464226714008537 
-0.06699005866022188 0.12425011935604274 0.022973911044668945 0.06812218450088987 -0.027041402978976954 0.10010961531713922 -0.07254100615183352 -0.2901297241781591 -0.008437449706737918 -0.012474713071094871 -0.017763369394355452 0.22632258078723713 -0.09596804653767627 -0.11894930690944873 -0.07625223839146712 0.23943136669465015 0.2035481661897682 0.16431223881926815 0.16194424849250255 -0.13689090596864 -0.15433148532493404 -0.10992233638597819 -0.07288350731607086 -0.11283275269761363 
0.11939478983179096 -0.05184291895175189 0.14836486736570137 -0.15131234746122638 0.0651021262915414 -0.15616267869209627 -0.006137855959084151 0.005804971164064981 -0.12063884151884405 -0.1420032669094722 -0.0069298780712653794 -0.07026906658452224 -0.025185421060849297 -0.22045041144961308 0.00015529530856772813 0.150466318073749 0.10853497531452029 -0.00023652474669807674 0.19064758849852714 0.232892126246308 -0.0006249683363349783 -0.21060274064858078 -0.22409096683193178 -0.1784392792862858 
-0.0020829563173955148 -0.09320102212716566 0.21202796743845392 -0.1642304623864693 0.1898083986229372 0.0762948085505728 0.09927068413046923 0.01209519098996711 0.06394884362382386 -0.003940400695647808 -0.23171546091155543 -0.048366225315102096 0.005531701091629981 0.10522878988644 -0.012297149015624155 0.00025037420367252496 -0.1391916426407656 -0.2010235493631853 0.1024708628849026 -0.09482446735327306 0.24610670745556718 -0.12433513570224265 -0.08380449568793559 0.04336789604267076 
0.11691511817812743 0.048752415787767914 -0.14964318105894325 -0.06819546256244274 -0.016820991030248065 0.07061960944757154 0.06162078637846612 -0.18391677224951364 -0.21155061560916813 -0.024425844003183126 0.1063853346176213 -0.2300797443943595 0.10187717357561264 0.09281009318342462 -0.019917040839971725 0.16841786774750117 -0.005758702761017671 -0.19804224137774457 -0.006098023279074885 0.12677958638989378 0.13740060306357474 0.04915807066492757 0.0940856217285823 0.045734204349519275 
-0.1257380447423969 0.00709539652472464 0.12535261463447667 -0.06181109177984255 0.1184047025784358 -0.17255834567309591 0.05395900787123424 -0.15418614306955178 0.04919818485881728 -0.02839306415531119 0.12114192016918277 -0.008874518877653366 -0.09828935080449093 0.18355366529450412 -0.0756704784656485 0.1464035849279135 0.12774809426812453 -0.11064127083318699 -0.11357290518096871 -0.11307685011162544 -0.14247525303260195 0.025654656405454154 -0.15917683225055365 -0.14745712149410686 
0.058699831516393484 0.1425889352607244 -0.1676244477535754 -0.10649682316760108 -0.1740175192362755 0.15115835276535222 0.10703324009924678 0.05130784555921064 -0.031584618180539266 0.0720047200724946 -0.02540825199883466 0.15485184191759468 0.12731229479328715 -0.07427192134015927 -0.14908079658979573 0.17878389750633547 -0.18421553942801341 -0.1836987853242765 -0.027034389964854338 -0.11038032893428926 -0.07273238279936049 0.07079563269603543 -0.15465319698155378 0.1278414354011101 
0.08034700339709212 -0.2019621731188913 0.039730328405221504 0.1579277249966267 0.04276518950034847 0.09919654298261919 -0.12370151248629663 0.10692164497245867 0.19246847895006383 -0.07181609967476632 0.07030892958586284 -0.16506867852078314 0.12871188799881686 -0.19496729284183326 -0.0412934092869527 -0.013938578901494657 -0.17972789647553003 0.1814926848696058 -0.051181195085741385 -0.0003273362206226636 -0.024964458584747308 -0.1270061755127834 -0.21757809860945002 -0.16938959063471995 
0.08290409807887598 -0.18183118961998654 -0.05007565210479374 -0.17378287535533077 0.10368374711860548 -0.14432788699920956 0.1370874175289641 -0.14684447410236312 -0.030867983070041197 -0.18215062895835338 0.09596184701660322 -0.1256822158387729 -0.05611248750084771 0.08069238296834712 -0.13947522591000852 0.03195977374323864 -0.12257088400805567 0.09609580010082419 0.08828886184415012 -0.14696386739506972 0.22833755112380724 -0.14925628881073794 0.12800530764629073 0.023126467986936242 
-0.04846700345840574 0.11140601573577016 0.06515404584613996 0.1812547278181812 -0.11026752116764026 -0.150249871097635 0.13150268541540955 0.209867292331347 0.0230541959428908 -0.005520799423352657 0.14768204195769694 0.17678696932123736 -0.09782355513747779 0.15718549120835118 0.0697124543842708 0.09247934615581228 -0.017517172576901507 0.07804686038477411 -0.19918185263435398 0.06561704561973691 0.1472842558450027 -0.12272729641074993 -0.2290765579155478 -0.1400401538357869 
-0.06298517142229887 0.1107621416402043 0.016932257986102116 -0.16107562729041028 -0.14416096164747136 -0.10679998247949514 -0.0186569426097469 -0.06948738199301357 -0.05957990157678731 0.019026833695212332 0.0838109371595681 0.015133570994716763 -0.08699798054662373 0.06338088292154744 -0.11060693056756939 0.008524301321322187 -0.01739570030662068 0.12155285340461927 0.15052808187587655 -0.03298644148316137 0.17249684903141663 0.04064199631656091 0.035399800298392244 -0.1467991598463619 
0.028758407121472224 0.1472773085130416 0.041521409018921936 0.14131036845076103 -0.01846992674940554 -0.05884940837403306 0.10533831390406229 -0.18345159326511362 -0.008493138169108719 0.18805939960098295 -0.005789998260015228 -0.08366041811720923 0.17367893691435773 -0.0649768489995193 0.0794125823531062 0.08738990979707154 0.1471305237077644 0.10430743061432621 0.13458586308152595 -0.19721248131657834 0.26438840147229575 -0.14702299423571222 -0.07294943978200592 0.21483681583812336 
-0.1968014304184937 0.1306086043845697 0.12812991990103947 -0.026546671448483848 -0.09684173266263191 0.11200893889403535 -0.04423917667661901 -0.0934719943361869 0.22896818980759984 0.19368250325014114 -0.03180117906453536 0.1287945647651631 -0.07871923691764923 0.00025327802388413253 -0.0748766273146027 -0.07227789436225787 -0.14176490402309266 0.202862530563837 -0.0814344746156793 -0.15892657345095398 -0.1848455227278783 -0.20375106509921057 0.060124942491076375 0.025331098862333992 
0.1759214063027911 -0.044026923430886405 0.11596196174083347 0.09956774179072034 0.13155328376618367 -0.07982137689006255 0.02884249192683271 -0.15538807267372462 -0.03190444866451383 -0.16486533567927456 -0.03593645469650923 -0.11718420830738711 -0.03474537775095516 0.14809976320818913 -0.07101040326978604 0.1923682539470065 0.045324045241467194 -0.038117375318781344 0.13749570760517257 0.13458322169893513 -0.10149404540132877 0.1310286224566428 0.002791572009352458 -0.06834243158697126 
-0.06704065988357252 0.10165690911390535 -0.09166756401654072 0.15765678285727908 -0.08100545543081711 0.02466131138869432 -0.017784424792518964 0.14713317832487666 0.18193129233875735 -0.12555445667743192 0.0020729950560027226 0.1655971308820864 0.0022415453267340913 0.18241899877823883 -0.08752568449941528 -0.022023485733994895 0.005186952507984927 -0.10790259245336667 -0.19482934930882265 -0.03274078192561755 0.17494493915276518 -0.09226749019743556 0.14602739967527836 -0.22097871230901567 
-0.062390686609327915 -0.2468470102756469 0.06493931510432216 0.0512249355236228 0.07452838156922438 -0.012996987287852356 -0.0074603343339651315 -0.11460406637256246 -0.1191954624929395 -0.05047951770554668 -0.05171996380796545 -0.08058418958267195 -0.028661633995087733 0.1627553486001819 0.00835660941225574 0.1813892414839563 -0.06493258302950765 -0.1396713230212171 0.00555066437937919 0.11900614373758096 -0.05656020238108623 0.026857226898213814 -0.08519729141883134 -0.001060763020992222 
-0.13479252707393258 -0.13509394732365798 -0.09438112962379525 0.1637255312736002 0.10900995505663946 -0.018902022876016947 -0.021582590976668026 -0.14128232348198203 -0.010981310932048266 -0.0803425659298891 0.13781986415560454 0.09806185769868962 0.03764064222288397 -0.11884867432567298 -0.011527704393168846 0.2414797738995638 0.1186989790067867 0.055592735964664304 -0.13874970884345694 0.05486677371793596 0.04640334293333962 0.017789922639517737 -0.10308243380912793 0.03906375508923379 
0.1625032647977551 0.10330800684840226 0.03119447564401091 0.2236390418063232 -0.17404771886998782 0.20702396964250802 -0.2301121151934084 -0.1312614627789359 -0.041243562323948275 -0.17726472199343463 0.014758829293919005 -0.1960246398315947 -0.08804194401588628 -0.17334672891369485 0.0805290024957369 0.06737129459773283 -0.03714363415658364 -0.12401735937906369 0.09794508485026635 -0.07576192188164528 0.1367582415848968 -0.019262100471926367 0.007122299511029639 -0.18881956789767151 
0.01632521625992568 -0.012384889951120184 -0.10750079322306633 -0.04655604713707418 -0.046296802469960506 -0.05198796881358525 0.27149638758047373 -0.05806373271358846 0.18041567833151065 0.004957750359924105 0.22297808395629315 -0.12085516617351079 -0.07744728172328867 0.11761844021846625 -0.18268498911845596 0.1383396779905947 -0.0036326349182431187 -0.04871744945481692 0.1984321091270124 -0.17664398763382483 -0.033240589124451714 -0.18775634427314364 0.0918253304704169 -0.12713484310598822 
0.15378853625961691 0.11905576758157017 0.14953175609211483 -0.018897999449244612 0.09106195531556331 0.21241869772819313 -0.03579482156098299 -0.03483555575839664 -0.21111171307395546 -0.05148058733719063 -0.14259551460476594 0.18944724811867014 -0.030257989056298052 0.050820727681694974 0.14144383893544193 0.08237033596283633 -0.025610004161910973 -0.0915706314029403 -0.1710885574061327 -0.032183012462509805 -0.13285967209943286 -0.04414995727780305 -0.07481424668328338 0.206444984185388 
-0.15590471192861105 0.14702529725650818 -2.6459452635240367e-05 0.11003578086630293 -0.14203457979485706 -0.1665376942218099 -0.04502346936615407 0.2049925435025068 -0.0635293411661877 0.06943923333647004 -0.08300108898707927 -0.1981618738512131 -0.19362555247212215 -0.12157438415996144 -0.04684627721345559 -0.004152926720195001 -0.19938876522041787 -0.16763347544219012 -0.19368259405804472 -0.15411413877385485 0.05417905640058278 -0.03830151881490339 -0.07655021078616248 0.02273576575409799 
0.2755397994347178 0.05342550752164279 0.07897187328846775 0.14395267780970622 -0.184236299037303 -0.19984638643834918 -0.023156640464654352 -0.0714187882385238 0.13530030087163786 -0.01779208557754904 0.0008975161728189056 0.24572673145357907 -0.08401437815354466 0.13634419888226634 -0.09770971862817368 -0.03231090628982947 0.014364118728281345 0.01866212941011649 -0.11115145630779032 0.10787232523473674 -0.07456706111657237 -0.1187114063843168 0.10544661620334161 -0.036765990695865 
-0.07487524197487823 0.11087148129751548 0.010110580677656583 -0.16945666914886792 0.149216989648672 0.13782514362637655 0.2166997524631941 -0.08560000305051 0.0879649470702744 -0.06340026004069492 0.021457904777010654 0.13334757477869585 -0.01980141120947074 0.010912982653632526 -0.06875833644038933 0.04371751524663804 -0.15881777531694719 0.16260140813904497 0.09983255914259657 0.11700470806422478 -0.09966064263593434 -0.1149207249966786 -0.12471452983480531 -0.07040839017007806 
-0.18530293363730707 0.13584209641192566 0.0672904994445253 -0.03429266850744675 0.10629233383005321 -0.03498428842110426 -0.18418280170830306 -0.14560332105296445 -0.08809813119816294 -0.05964657651393683 -0.17910788943418424 0.0002579036072658975 0.053909595618994284 -0.0013195660661015165 -0.026571479588542432 0.10439924631621318 -0.03208970506128892 -0.19416128599257362 0.14878829132076812 0.06023371919669895 0.09591617117591116 0.15359933252553817 -0.22550616886014221 -0.10514250874488748 
-0.17461616777670438 -0.08189634795071891 0.12922813837916833 -0.16717947242579226 -0.010536844875649301 -0.15757537037656952 0.06746895220258119 0.1020537624633603 -0.24390830763606935 0.03760780338954452 -0.10339903621212178 0.24907893228295083 0.14761548009170966 0.07961547737882453 0.1758578132186325 -0.041996421660082814 0.22597086784477277 0.013278868830145816 -0.10484401937331753 0.23773555312431485 0.12027840584788038 -0.17397787354301028 0.11594779300651473 0.08784568848659323 
0.0638689309143604 0.09503030825194829 -0.09776697907253698 0.026187941802004445 0.12515241754046164 -0.18107390813606578 -0.14733811652003218 0.12678255216669557 0.033606156445888734 0.012264221586226544 -0.09983318138286305 -0.07725947311836397 0.15033259152512984 -0.04471399269900644 -0.17417378619633223 0.18801602251612712 -0.124234395320795 0.15855440616129818 0.15231618895678548 -0.005398742953780606 0.05803960755818929 0.029853520519580817 0.04191556473135232 0.1737525515390667 
-0.09999803146488441 0.2075677520159314 0.026589589203382835 -0.15358411294689892 -0.10838697308282531 0.015869615025850093 -0.116380667865677 -0.14697146526284982 -0.13897344550338236 0.11732744502935925 0.10096383932032332 0.175688333622486 -0.07854982013061124 0.09204470310234074 0.038951199961845324 0.016961349671730144 -0.17512363341063597 0.11027562328908694 0.17330103179289633 -0.00387750403348134 -0.12225814035012028 0.04503603959134186 -0.2081053609823945 -0.06784599134443657 
0.2509822186217384 -0.02551912959730699 0.14154777880581945 0.041201923910719244 0.12836474241256915 0.23077907747947113 -0.06880184076739672 -0.15040028610558637 0.02468582969737512 -0.023421587284221914 -0.148867781132987 0.11024671568747807 -0.18572879520270558 -0.07377552329781804 0.11123705878433725 -0.14599121666496795 -0.04287873579595107 -0.1917230263176541 0.19942616460772541 0.032248617031736024 -0.1546695136711408 0.24290307823481994 -0.06934494460064661 -0.017774437245113475 
0.038921930607471636 -0.09291395929273732 -0.07700974619847469 -0.0505856952879045 -0.10137599540100561 0.0548317002704116 0.11580306703706124 -0.17111492568780043 0.23690499739918594 0.088679417283702 0.16334493580571907 0.08367084388971756 -0.16781495731784102 -0.07381250040184323 -0.021323923568146438 0.017877297855797482 -0.023334295227017396 0.08084642590456129 0.07179408399062781 0.07169849291498102 0.02400268576679686 -0.13905073910532548 0.14414413653685654 0.11162405729160761 
0.1969048766106369 -0.10985247599080021 -0.1286647078161115 -0.04287648807820038 -0.07091255493170676 0.15911545699774518 0.02527357771945177 0.09965267272362055 -0.051248161520763065 -0.1599404592028519 -0.15361170605787808 -0.038298837777857114 -0.12173725910370523 0.16298300989345035 0.03920867553501228 0.10262924364256609 -0.012012882393758048 -0.16451724391317454 -0.10514018890941546 -0.015057568815281346 -0.11982486130316548 -0.19004961683062047 0.08324491600762028 0.08909040259757806 
-0.0669949111269784 0.12893749127575949 -0.028114873059659398 0.13606382704505807 0.05412068152032852 0.05054345511144476 -0.11896399166945187 -0.006502969348615707 0.15014543454338788 -0.07712730298326681 0.13973572375035326 0.20541676507916323 -0.06721295418321603 0.0846322187362114 0.15939698310818531 -0.18473353592548172 0.18987000727572562 -0.12295044396555324 0.13935401347062046 0.042335998789611536 -0.05380876032866472 -0.13889101148814795 0.03805009860225586 0.18719308957601363 
0.135921488399897 0.07527524477382923 0.21499813963050993 0.03536734012280091 -0.12013068405385056 0.021821536750177166 -0.0736363185679597 0.2071577353033751 -0.0636373709034006 0.19747138612654594 0.00736542023336949 -0.1349643443705779 -0.1700463529564893 -0.04968048849987204 -0.15021215745194397 0.07056078459055665 -0.019101742505032444 0.1967420906767765 0.17188909910829409 -0.1397565984369729 -0.03559116560437456 -0.038981267737805775 0.015084687560430327 0.13560817681921886 
-0.06930881328564757 -0.06475899145173733 -0.09433329552217855 0.1702828476057141 -0.19135749582884637 0.15001439413925985 -0.12390677351925757 0.027753250729870556 -0.08032365235320764 0.23157334362520177 -0.15047432592991156 -0.11660313694924196 0.15344765703747204 0.07065477776650297 -0.07542914266588983 -0.20014160933383135 -0.10208108576472295 -0.14130740606844686 -0.11787346283226702 0.14796354456117167 0.18518522856180517 0.11051738483031216 -0.0318443561094343 0.11050936570901927 
-0.022136581812075753 -0.042951195259529874 -0.08888221024501221 0.20157203273726906 -0.04450465969169291 -0.025188993364750365 -0.09736612582308381 0.18612207693078409 -0.03631469852333008 -0.0800917017677534 0.08818862880225009 -0.15218807250722388 -0.16202479006749654 0.12495800568058112 0.09679404007303705 0.03560349889720425 -0.10774863794703574 0.048562892792174836 0.05456026288814122 -0.06811967037377072 -0.1729287724521032 0.15302630191040298 0.001959184344689056 0.09476759129844961 
-0.09758659025712374 0.03594610401627008 -0.02797574175588442 -0.04644222083464046 -0.1488768288832397 -0.10144881228778765 -0.16810747059182413 -0.07798041393106976 0.09581886290101181 0.045299194257512 0.06811191525162268 -0.19702856670190197 0.07049045185338305 0.001244665065758148 -0.10681595212569504 -0.12938440967189946 -0.12531294806002377 0.1371257372983975 0.1933419481542183 0.16529481355773187 -0.060235287501368216 0.11129359593377279 0.018225559835123504 0.1258881113636832 
-0.006373006641495458 0.03537847579490475 0.11412669680615853 -0.1596180267442809 0.014510983582797564 -0.052837045995841846 0.041057340250618614 0.18363751610233534 -0.04219378612510222 -0.04213436498740639 0.11548510166029864 0.05723197962155999 -0.04177362394867199 0.07471110186466295 -0.03776957582902755 -0.1450686910527784 -0.019367434651746826 -0.06539031479297941 -0.1120205422683521 0.17018825948058028 0.07498430074309544 0.038886153891923694 0.09780570549576088 0.016462215243215044 
0.09594509835795109 0.16616659670085798 0.15992645527537622 -0.13239556247326822 -0.09771671943759477 -0.20554666254451145 0.18772197965097734 -0.10461518918604307 0.05063445830404321 -0.16392517914538954 -0.1280377119086085 0.025948564525834824 -0.20694375047463193 -0.03207000042541003 0.004515861955752906 -0.04702423238249202 0.04107564118065544 0.014417146028444423 -0.04307002497693786 0.0693887166360301 0.10359596868760566 0.09289651542997768 0.003960548506383494 -0.05073085865842115 
0.04454490622589144 0.1854480320552473 0.030801834745767764 0.2245374550282412 -0.023161753432534554 0.09497954220316282 -0.18510263790252998 0.11436696283411715 0.025864539454685472 -0.1982813979217819 -0.10049685871012257 0.019013776023939853 0.10636223652304391 -0.21142608011996789 0.019248085695987807 0.13742685175769537 0.0220951395526671 0.17696564523666988 -0.1699823411592421 -0.08384868338231669 0.18933231760159214 0.08510962585392899 0.030812965394995187 0.11326314915908395 
0.20174152263064077 0.20107820879178576 0.22127553383625628 -0.14363675236532245 -0.17168661275235242 -0.1704968142139217 -0.1944306779067877 0.18105782214508628 -0.20988595688297543 0.1236705740264989 0.041160870475056587 0.021533643463780942 -0.060503642209509274 -0.028525474529112742 -0.09760654702557206 0.2072740334680765 0.057190949087544435 -0.18986616963207784 -0.015089336773214723 -0.08660080288605004 -0.16250189761037248 0.19511674990082853 0.10550123485749971 -0.06725658276619186 
0.14651262315414695 -0.12158520246220637 -0.07597374743302453 0.16124956707021132 0.2611539243039025 0.014278748657325058 0.18197728974800992 0.15466602417106207 -0.0057008831440597055 -0.050151460373757784 0.10323099436923641 -0.0028274402042777654 0.008197472793287188 0.2155457034663059 0.10875591614004103 -0.07523625543738399 -0.19825670238807433 -0.12534416893109857 0.010522647498140818 -0.03259129381744406 0.1480595055064419 0.2049489477115309 -0.15786117940828692 0.17674574535012072 
0.1682745555191638 0.23774867271104588 -0.18499715017477378 -0.17696125802777118 -0.19808492774535358 -0.072055960466 -0.17772894626623897 -0.08157569134571988 -0.027394198306469334 0.16769977530065033 -0.009030367812507555 -0.13187894806096134 0.03559070878202841 0.08049124145670657 -0.155148905697602 0.07994208534336796 0.12079833845985737 0.1515230197745037 0.1558599743080299 -0.04654460190404645 -0.024255805103740268 -0.1590711927020595 -0.08621239893111284 0.17476616376011722 
-0.050620159607993466 0.13055200581546503 0.15587841816312756 0.15866182009888688 -0.136960108820609 0.2043434612123872 0.03464617897013531 -0.11497561932520588 -0.08061776992044074 -0.13543608751105338 -0.021845595943886208 -0.13195860154828468 -0.13325356691600093 -0.12038723253394981 0.07553843267252297 0.0863117690663926 0.21544789449955987 -0.08233010427974845 0.051086781541062026 -0.18639640359561177 0.006343767412689832 0.1907473585840807 0.16113214756291183 -0.19641995948560792 
-0.09800675489907833 -0.10965447898881925 -0.18105347387631174 -0.19629763144942208 -0.0038383064660744448 -0.18189109696892092 -0.08779103235647903 0.055203581181317 -0.08124402725971357 -0.09126502686592142 0.03561376692800795 -0.04706332436873525 0.0801307713126277 -0.0015168363161664632 0.052516453052721034 -0.05783914975910081 -0.08430274540685269 -0.14624573940335148 0.17478869371698535 0.12120649676433812 0.17517467413829402 -0.1251525362017576 0.17319130193671717 0.1742484617706314 
-0.0971660261782053 -0.07764316800500158 0.020184031617323406 -0.12518936862822105 -0.02273060369826498 -0.12966874125860342 0.2222867458843194 -0.0024169702385469167 0.22984049599317716 0.04027742145770718 -0.006142188952329229 0.1828523185053629 -0.14220345843233415 0.03269610387096732 0.06391988611077569 -0.025986249874607667 -0.2210377669953284 -0.0028484952786988695 -0.013669718703751216 0.16055453161391664 -0.09647435863969135 -0.04274529443561425 -0.0898277235682762 0.07370858430381196 
0.21725877420294964 -0.14440472539126162 0.12790797149750996 -0.10678374771417233 -0.1768015060556228 -0.16293021641535288 0.1941496138663199 0.17431374770872554 -0.09455100903559341 0.19507444958110426 0.15375004075302634 -0.03161980227055501 -0.012524453325233376 0.04974322204925463 -0.13619899082219128 -0.19441503997985304 -0.08230617854576265 -0.19414490706646 0.06894412694070179 0.020198698653007892 -0.08054370980447156 0.12975739770332834 -0.15650441877334229 -0.10120227033724975 
-0.08219495162577507 -0.12847345998498655 -0.16461274161708256 0.13854555638555377 -0.16451116279762645 0.057021520865506964 -0.15143567742391997 -0.19608256004168428 0.02734718181064158 0.17835417494778164 0.16205319511673663 -0.07378701675038693 -0.1893630411261134 0.1325080788402271 0.12166980119609637 0.1603368696045883 0.047982610905689484 0.11276001373002326 0.15869759063916083 -0.01811362468985073 0.02270161818236554 -0.004431356219040408 0.08735276128102536 0.07229736916919746 
0.08443546820198645 0.0597111644901874 0.0022619424925862113 0.12871936738249085 -0.08638313267842346 -0.06279696348579156 0.12409110368711793 0.09045086484395318 -0.1779097404394355 0.10539751837491401 0.11925705997649322 -0.10391298122758741 -0.16640290792945503 0.030117938627185013 -0.10939551765898232 0.20100151202126285 0.07183776748621234 0.13942033103691753 -0.15654140976082126 -0.16609850756731173 0.1388067174320354 0.005568232302779583 -0.16489159046720295 -0.05082010286475587 
0.06800562009852854 -0.1234554018170373 0.17344031340093163 0.21642402620624515 0.17912040860236414 0.09115975154056374 -0.046330687851986026 0.1255699086250963 -0.07653115233170478 -0.07336511485365696 0.041686659777691946 0.025160638086704025 0.18609957157945894 -0.12724280782851882 0.09686246155818823 0.17752214097612068 -0.24164580767855673 -0.009368495290243313 0.061989955321146165 0.1708085911526674 -0.17303541924426746 0.1412951172623057 -0.053479537488467885 0.15578258791887073 
-0.18913744416077044 -0.1786147603168371 0.21371488293360816 0.043114556054074875 -0.03238198490363197 -0.14553439463618026 0.06480585373699872 -0.18535904048916532 -0.08333381174876776 -0.06975027152281335 0.04229866474255427 0.06813723300887431 0.15199004998051804 0.16743841590797987 0.06335027603949828 0.029043412186108584 -0.04531420941882276 0.1965457801804067 -0.13779742055288458 0.17883818207425176 -0.07472382980766952 0.026378190965286832 0.08042189880376854 -0.10458081197805291 
-0.1322764403304323 0.008925411030368684 0.15308500854114915 0.09065502936483866 -0.15201450849307674 0.18860650181954064 -0.007937268351678512 0.20492421137284994 0.031957541703252344 -0.16588764001887352 -0.11826461884128338 0.15073686330009614 0.08829461978133445 0.15028146358244773 -0.06749133487088427 0.010973869341739172 0.0585302050120166 0.0182108809795416 -0.10659304885076486 -0.028754464287083014 -0.09990514312475388 0.15042237962284088 0.22235051129565742 -0.17330258089679554 
0.12036786125630401 -0.10157030154261545 0.04943097235110414 -0.09588526244389924 0.059589686668440715 -0.05078706627704056 -0.10187866478015371 0.15655916911492634 0.17071618758602444 0.04471834433610812 -0.11342973776743465 0.21984269928730282 0.08575316453634493 0.12158840980899553 -0.1145354492364544 0.12990597065434595 -0.09814883438553086 0.0518857678952739 0.08341608598016657 0.08136511130054949 -0.023599213806569718 0.1398535705537232 0.15272806007445439 0.03437803207439768 
-0.163608647109623 -0.07446832646268021 -0.15757689538257466 -0.13026037335433044 -0.14899131603062193 0.06362224316951492 -0.18436561858960968 -0.10253646115047424 0.2560938691553024 0.1423439629980073 0.04149884348917252 0.12341927488976598 -0.18271870611814878 0.11319719452395378 -0.07461085262605636 0.04488093332755509 0.048778505234743946 0.1125198392170917 -0.016257024689943174 0.2801991879088924 -0.09598018641828669 0.1038294289739009 0.13994582140362405 0.19450773560144086 
-0.18712540708526446 0.15175624669229276 0.02574735760107379 -0.0029654079457177925 -0.09544871004824709 -0.0684141344508053 -0.09936294587099662 -0.11149781124040689 0.18396245989609897 0.0009371667223973528 -0.16654287634771897 0.07137802467608279 0.06909781360031299 0.06879298257709393 0.0060283059041538155 -0.039374105116497644 0.1629649295515361 -0.1889208436279885 0.17303183303329303 0.24361347828928692 -0.061755136642934166 -0.11343090907321841 0.10672189954615886 -0.12814249579769166 
0.11506123174360984 -0.11825664934156963 -0.08279785451425038 0.20060890903278492 0.1596983481466691 0.016089417722551402 0.15923622684543504 -0.058181795760627535 0.23669492597203254 -0.026045424796702667 -0.0811960641252588 -0.20051740690159375 0.2214036686051286 -0.03238764665473258 0.0929641333012111 0.0637199771429819 0.08760117718330188 -0.179597570702951 0.16785821272724524 0.20290918700965682 0.026685067068662312 0.2056681290605098 -0.10054406208828257 0.040202237999529704 
-0.04075270509312228 0.11363573464392188 -0.07886979144300219 0.1928421013711842 -0.1719942361257606 -0.18336028190579637 -0.18029608882116901 -0.13926341557654123 0.0034658597926259475 0.146907522720595 -0.15533157660798463 0.010923000723858907 0.06687328229954188 -0.11546104138505801 -0.11998297594180987 -0.11096419520911635 -0.18256791082780893 0.08438592834647654 0.06071652810513914 -0.02207336572262619 0.04360654394151016 -0.15566407025456816 0.24711830661688594 0.1384874135867096 
0.06278415685114073 -0.06258949001275356 -0.032802890102057086 -0.009080106749253152 0.17405738705106896 0.16782365040901456 -0.018011186285563495 0.012001359520007363 0.1524153635239224 0.20925610427177227 0.05488977988257253 0.12147430760436702 -0.05854271684506247 0.18164108129803055 0.13409035876792122 0.020429778239652474 0.17332847321838427 0.15136259228983784 0.12264825844582403 -0.14726431629738365 -0.007361154236770814 0.18899251449542492 0.11055052638947997 -0.031165360832456506 
0.1914194963092502 -0.09883678122499738 -0.06571263254278698 0.18176176645709324 0.12277085644456721 0.15985135786580174 -0.1957188106026993 -0.04736850526899148 -0.1049616332098601 -0.08074710701215873 0.09433137140193959 0.08875724239076406 -0.014980013065166668 -0.05311854764982518 0.03329998110500628 0.013214686034275835 0.019848680473166857 0.04548204186623374 -0.04107510925213577 0.10787211972823521 -0.09866419793495113 0.06148073228966596 0.18428760950674905 -0.19900127469718115 
0.07158672729679198 -0.15364942250285576 0.01717649713585802 0.050018455891233986 -0.10197871594191549 0.16006852970614405 0.06609007628258622 -0.10649988591569276 0.1350929980037594 -0.15747763433789178 0.02167763307242751 -0.19121886414411676 0.05423689792924726 -0.11961441774613762 0.05897686649662618 0.08052016490303518 -0.0056604805368658615 0.06424456110030069 0.12461769128154984 0.14644912329136744 0.03867180970778071 -0.022607160690576052 -0.030539283678447066 0.151207468132978 
0.0661067330360379 -0.13475641092767515 0.02581749786920818 0.20244360908562836 -0.13916835876783165 0.12839842860424053 0.16663752832074147 0.0077077067921643575 -0.18511080398297725 -0.14045802792580483 0.2094608332758563 -0.22487770956225103 -0.05025068088262192 0.02713017730541796 -0.1204873289181783 0.1888190052307129 -0.193842008898921 0.015561187835210996 0.04648660957180409 -0.10678318917034998 -0.03938642202877707 -0.00351977761643709 0.14450590054500284 0.052941918757413414 
-0.012720632348403076 0.03862164834169863 -0.01829164397933568 0.010075111279506305 0.06259801705247672 -0.12684145645638709 0.11846389637971537 0.037663011244307036 0.20431088478402418 -0.11024439616466834 -0.013224809446276155 0.1835729937308784 0.03991995979344771 0.10812499834601283 -0.03394723968291168 0.08921634015624876 0.1873852085471108 -0.11918218816505705 0.122226397887936 0.2139667998128538 -0.1945021629618162 -0.11313113107141834 -0.15266188511591108 0.10614543349487963 
-0.16734510478073011 0.21469827377560666 -0.04346553979230437 0.25327988243214444 -0.1238627221794125 -0.023214709029262367 0.15650958031375395 0.043333012951249424 0.05505457715372653 0.004952932725988194 0.029033387320643252 -0.02765623342395829 -0.12185371356443887 -0.18882686212737732 -0.1389507384228792 -0.17903537301251432 0.03176834339899065 0.1082650807589154 -0.055563611561645736 -0.16974666479215877 -0.051902025087334276 0.021790402660029223 -0.03940544453483263 0.12357989160110736 
0.1797645718592393 0.17709944769169353 0.08072094357759588 -0.011641156191303403 0.07221405481590831 -0.19497195480584534 0.22830831212458225 -0.1305229557839808 0.19737999096380288 0.12108718940359606 0.10256239982742071 -0.11780051136065624 -0.11154372657538023 -0.06421066852786098 0.1378298543448955 -0.019471179532653444 0.22624996447737608 -0.0581234420438799 0.04703407931368817 0.17053804117441765 0.04850408530065739 -0.18188454763853762 -0.0008559182083189487 -0.06525809451947343 
0.00038401927878077904 -0.08374835752296875 -0.15068144045893375 0.06646925399818682 0.07168015951111398 0.1331227198254816 -0.14658019012774134 0.14524856317024284 0.1570468166631715 0.049210425084535124 -0.11727383841039674 -0.11779293773946026 -0.023069836101461433 -0.003437021628796823 -0.008839296437435994 -0.012756044248269763 0.1228132235538792 0.14795501576892353 0.12601384348873476 0.19372073301243525 0.021357935300301542 0.1930018354209822 0.05717818689729142 0.037271034502870094 
-0.07141788479474308 0.15042976876597702 -0.17924934940692455 -0.14570324190446338 -0.14744690394705087 0.009433936967877568 -0.12920831637998736 -0.06271151680415434 -0.130288674341373 -0.10568004218012503 0.2755204468600073 -0.06572004676480142 -0.13901279872863834 -0.05629165520269993 0.2681439986558257 0.09210345890130159 -0.12069048044807532 -0.08557371854327549 0.10385738858896137 -0.10296789228600461 -0.09744867525202111 -0.16617846220734914 0.23119139088165053 -0.020447572262433676 
0.024262184762557523 0.1268502867000838 0.11784231453275314 -0.020601403547660803 -0.125658115650976 0.12391781065069399 -0.18779677576259676 0.2210925836975544 0.041470547853842916 0.12361098102090297 0.042743630960674545 -0.13337176358084982 -0.0647432075581595 -0.036105643163056554 0.229370267412829 -0.1255096010701473 -0.032230572906663424 -0.06166025937558433 0.10707075077568688 0.15661867356855574 -0.057209642223062296 -0.1175959959247415 -0.17309150565023668 -0.11980198278208046 
-0.09016481718703463 0.01571023182095715 0.19457873085871158 -0.14826184417387436 0.2101735206466368 0.05244162745930276 0.12199095360021961 0.22955669882217866 -0.022435547285865314 0.012380329727628463 0.06513131261672352 -0.009030735445474867 -0.07947717022492319 -0.15752731765531466 -0.08514769204318617 0.10390112054395682 0.02679734256047411 0.10845235595328218 0.006705247814475767 -0.10633695249295777 0.042622215228081545 -0.07752214080385876 -0.21690116233288592 0.1628162886919269 
-0.03130103980549203 -0.027550492311839096 0.13070173061756565 0.20400913833089632 -0.17088372849584238 -0.13337932495181692 -0.07019755692636172 -0.10438624064285683 0.006294727842350124 0.12912440840024994 0.14105488974024888 0.036256272451000354 -0.11507431059691761 -0.16319279079881807 0.0964950181778042 -0.10428170121623803 0.009404221889477602 0.08684949004716609 -0.10788515291042194 -0.12954404834394448 -0.18423345337915956 -0.1443082983937252 0.16244272363685608 -0.15783123809975122 
-0.10973678880178113 -0.18707918060571932 0.0696848130282596 -0.10649648912798211 -0.03397823655690841 -0.1437777205422998 -0.048378675533788607 -0.002105123734424958 0.028256232053435318 -0.030325011521463986 -0.15859413181271867 0.0814408299369251 -0.14462611355507443 -0.0728281290864118 -0.09034297771851973 -0.07871969057959731 0.03537565491731957 0.00696644040023707 -0.12325387047901576 -0.016564661437088003 -0.06335083484208294 0.051926616627367896 -0.10875131033302884 0.10724261012175597 
0.010278436146561131 0.00024241283624573757 -0.09766796649210022 -0.12483978579343571 -0.011044349985384758 0.19302947207100762 -0.14636761905371057 -0.085735829018537 0.11951558911689017 0.06507019468008302 -0.0876187610268366 -0.07327317605468757 -0.031467398498724354 0.040455609551226276 0.08685700169864097 0.14240185140761097 0.07158111651165315 -0.10437491666334331 0.17016618605734907 0.11168424885185092 -0.07617379313897353 -0.07713862021021169 0.15207194947225602 -0.14913414169528694 
0.052616341663711944 -0.07357801026200933 0.13023120855405912 -0.053416800366872116 0.09247557532431941 -0.1280910716751168 -0.007267330769833524 0.11055978981161467 -0.0691316152030797 -0.1347669519625758 0.05878415234458523 0.13561720503881636 -0.08704458380523976 0.0021132587434018694 0.15380327061392546 0.18897156667923048 0.10351111531594853 0.03575374021881609 0.12626740431879133 0.15086794218059457 -0.19942920813247914 -0.040449858854019305 0.014370733617402676 0.09269883811525113 
-0.16480208627708384 -0.03944966113934905 -0.08727335129068689 -0.030061239076299522 -0.0007909437715643078 0.06317410872663867 -0.0014729231864041917 0.04746075436208823 0.03241050487588314 -0.028158299058373006 -0.19842038771289666 -0.12146765637551454 -0.0710553426971747 -0.14067022316647348 0.03882403254706207 0.043905867637515694 3.6487385224207186e-05 -0.07079918652197517 0.060484916926119056 -0.12317464274233451 -0.19805077567337345 0.09310723495851321 -0.02217810660346793 0.0782600551804637 
-0.09787313162718136 -0.2144140135856107 -0.04802516612241869 0.09603987487078362 -0.1585690419531613 -0.10492800217717682 -0.04721783347397746 0.022188461553206383 0.09472117630807542 -0.19122808837766675 0.0235218676724438 -0.02494782912949384 0.06517780724791045 -0.1235437340035909 0.03673046906613033 -0.11273653475348373 -0.24136033936667153 -0.011605126606089844 -0.12563785050759177 0.03836245967765901 0.015296027840340414 0.13686966288352137 -0.05659308251392674 0.19609988178758156 
-0.01625058960247792 -0.08840152681292604 0.09430187214696946 0.059631845959267064 -0.05423426754276506 -0.011950321756172399 -0.11540654941191597 -0.08973938381523025 -0.2776003100139272 -0.019908522656102122 -0.07646400172871622 0.039551872976680225 -0.18850082524744355 0.03356002742167217 -0.08192139351065059 0.07298880661979323 0.0912370955096328 -0.04028862269266795 0.06442498763827896 -0.10640897821539656 0.2456308119602288 -0.11045214161849275 0.17442919423851827 -0.1515447764220495 
-0.030900958614072695 0.07987456010487655 0.0904237588532232 0.05195778416764035 -0.0594436191958476 0.1762385653432846 0.09822457642590472 -0.10283155004207434 -0.09000593844640822 -0.17352040396592286 -0.06342040462216453 0.08645501901127801 0.1077232523696148 -0.09320676387713722 0.05922430382416041 0.1167366603443554 0.10464823593416879 -0.18829242885698635 -0.14076359941901007 -0.13825205484070774 -0.13573641281649176 0.15486954153787175 0.1236897774799007 0.02915457143001038 
0.01693132098945179 0.0760505234228977 -0.07825080365705564 -0.052539781306596645 0.029449399360094965 0.14344175209360657 -0.11861374005432807 -0.10031953624111735 0.08407888116064946 -0.0628017082036429 -0.18102359116787778 -0.1288273553285112 -0.1217303672559311 0.02148977370385525 0.0460126189311706 0.19261889705032864 0.1899022252172733 -0.07626193120440145 0.10050392849884822 -0.1103807462511822 -0.051807316479978674 -0.08202988420369398 -0.045639473924523166 -0.11332994005979717 
0.013639856789071881 -0.23739100356569745 0.24199608684206597 -0.011108356486197297 0.21710439803517445 0.17916377457958965 -0.10684586204445484 0.023029735394090308 0.0005670112326020069 -0.11037226178143734 -0.014650592000133545 0.16526625160322214 -0.1316039583946246 -0.1448130415599179 -0.11134306704983028 0.20422638215008349 0.2101888225427839 0.017827117364044028 -0.14640762278597164 0.0758980905626513 0.0845713634919956 0.19008603417396724 0.09609309093021053 0.22487096745789772 
0.13999041552627142 0.07758360160311045 0.10931927706682924 0.07869165905659656 0.1764953295889555 0.26173946994538105 0.12792986019764102 -0.13903779929159335 -0.2540056554667434 0.2270093194971607 0.0066804190971217065 0.1007531933920419 0.05515339071123345 -0.1782384412070085 0.126199040350225 -0.13450011701778083 0.15604149907826675 0.06276914738365852 0.0476372751913586 -0.019763099449589816 -0.030758106908105147 0.060877537840463555 0.09804779145883696 0.08257152751391568 
0.03939398262086744 0.0430453338285772 0.1890765805179003 0.0961468187485803 -0.057239568442372595 0.006346219251234709 0.016715971788835642 0.06537691433883507 -0.10834647757128514 -0.24028930307892832 -0.07733381807257957 -0.08899089460934857 0.22631504105971945 -0.07293445197052528 0.04979735595978965 0.005306042599741567 -0.1186547943245554 -0.23924258184613068 0.09707404173793564 -0.08516605767474143 -0.03996285866499301 -0.14205720912961156 0.14437399234108783 -0.14884450767224922 
0.01957726390761599 -0.19415381253787653 0.21022214716250662 0.060682027174551866 -0.05560158518699102 -0.14076337645685738 0.0699660110315206 0.19742578947621764 -0.06317569885464591 0.10577107878495712 -0.0841210552081149 0.18585009969079244 0.10791226273591932 0.03690517186921302 0.1640962248286898 -0.12044612329546742 0.16735022623001386 0.07037319033276407 0.10772898519119146 0.05035419222690861 0.11158525855773059 0.07129885433072461 -0.14081971914722305 0.03516653010409966 
-0.16576358830992577 -0.049369618020144855 -0.2741755327464315 -0.15069015707952096 -0.33083821557567344 0.33517661483700023 0.025073762351622647 -0.040854989428898626 -0.3269806551049548 -0.028735598409488264 -0.03178500461691555 0.3825947472824446 -0.14283474433768548 0.026334465017246865 0.11180779287097321 -0.21486800117173693 0.01631363376837584 0.1657310675371734 
-0.26614474510360536 0.07142487929211937 -0.3747439216683503 -0.3750407258222628 -0.30365117957263 -0.012426044746069937 0.3403847848388333 -0.030125089378648398 -0.29271147162234945 0.2573635729502612 0.012893304889606091 -0.146277017176269 0.3545851969309603 0.34765944164289947 -0.16337220725256493 -0.20410437262300654 0.08464817649721074 0.2689184958220649 
-0.1675724041606582 0.0581171277543196 -0.24115750592327795 -0.20884421499027905 0.17817756048209363 -0.23994758078261946 -0.23841633231509035 0.14110624083326542 -0.3350810737824419 -0.3150280992630726 -0.14435610803797064 -0.10460099482713182 -0.0750238030745071 0.190599797558469 -0.3202921141466919 -0.09567339783770233 0.09340002633062157 -0.304109611771165 
0.24704595913663127 0.09838082128996764 -0.2827818382646967 -0.21945832784626157 0.16719397695436447 -0.06501072354576198 -0.036673473788046494 0.2427927027029662 -0.24881804206101987 0.3775130053774845 -0.3155904473169581 -0.28975402290946456 -0.2028519478244511 0.20034273369781047 -0.029555104793923554 0.10364108731533343 -0.22299837805942044 -0.2684142405276004 
-0.009145825732767189 0.16358868038127278 -0.06144696596738675 0.2537695899021509 0.10854663861692934 -0.1709449026525294 -0.2698802828083738 -0.0900101214813956 0.17490253276563691 0.39836116297176855 0.2681527864570337 -0.1307096088594802 -0.05060068053414432 0.06465258184441221 0.031376546293218524 -0.07461436625497889 -0.2741239118175444 0.10462121628911457 
-0.3793902326655351 0.2512879180636437 0.23533515432146992 0.15090763002765176 -0.009064897929323667 0.13516583234126994 -0.15336317826506615 0.28190036014471936 0.19561286265833475 -0.20176306864320295 -0.13560792130152127 -0.05367869759867015 -0.012362792657741376 -0.011101071837811158 -0.31625661038666086 0.1082435517287284 -0.23454560251043502 -0.12709389792680958 
-0.019933815453731824 -0.10228698584608262 -0.11779086430125323 -0.21881675107978418 -0.29758027560688405 0.03435374578583046 0.09359615749183073 -0.2120957011989158 -0.18354101374271115 -0.1601546356683892 0.2303651201773651 -0.27745063292496996 0.06746535915653241 0.05309172545527271 -0.10592086165580218 -0.10099314168759776 0.36998139894332077 0.0409854795046013 
0.16275628052515548 -0.006180497065948066 0.08077039260055852 0.0431677776768108 -0.24339863573913123 -0.11191143595557156 0.0013491897296476062 -0.34102141868837876 -0.09247677679455689 -0.24358193639250156 0.2504256102395803 -0.15514737187884287 -0.24552321082461714 -0.025670940286485793 0.12409680677010808 -0.2993500318308516 -0.22897354715260881 0.1821843065425245 
0.19072894129408635 0.07939933300194973 0.2466053882225425 -0.2702979297420752 0.13819903382502569 0.28727836258467965 -0.2545428296272864 -0.17201333787195963 0.03127568093861356 -0.12461841563326143 0.13761195675876464 -0.3267774105919211 -0.22967732023361978 0.17237023460238635 0.32496144556435363 0.2959438430844086 0.3219714564790766 -0.28258481371731253 
-0.25377210166877845 -0.29466349735445635 0.016867536721870455 0.28031328862734073 0.02126763526373492 0.19234083709056723 -0.2559245242234521 0.2597823102787717 -0.21384621475154905 -0.3125289880683202 -0.05275328466610639 0.06925915715163314 0.3651393182035225 -0.33518233364716665 -0.15375553352936894 -0.27153062091538294 -0.07353327777038253 -0.18059566040982455 
0.03569178903244594 -0.10260877866821913 0.2799487555429215 0.19807100364977295 0.2477344589288394 -0.25439069737677505 0.09009581477179467 -0.16007842333366798 0.2528042969329695 -0.3843154820349572 -0.2710824748746842 -0.11305199187857365 -0.08304764484672209 -0.14688337794660683 -0.27789454618731546 -0.261953866276238 -0.13251582729417605 0.36012021568240893 
-0.23117373099694646 0.168428866899831 -0.21924571122244202 -0.3565036396248426 -0.3343989435469804 -0.2381211792393443 -0.06877775851174038 0.22917504902591723 0.15564522113748355 -0.09514727494639538 -0.013094553951500753 0.2621141717400274 0.3061728202541416 -0.14877226428099938 -0.3427524097269974 -0.3125501407720593 0.18608343036483407 -0.19522778656509404 
0.008910844218509349 -0.2106317049469801 0.2201362083432874 -0.0013873505280422899 0.018160839228674314 -0.1439740191373907 -0.043728452503398275 -0.3507880749549848 -0.15142148776069406 -0.1345048000714966 -0.14682399443489721 -0.321304156169896 -0.02646239863621229 0.23627766020525204 0.30515308769174787 -0.0018077027324984193 0.06506672462584999 -0.13568215712456708 
-0.2713257734887275 -0.2527269235711328 0.12783573099985596 0.15220721443460822 -0.21948456578821599 -0.05812403913191244 0.08012912251135862 -0.28690798202322293 0.19488331412370025 0.10331855908033696 0.08320347006477145 0.18836347930557545 0.4042213040890334 0.04608200958370754 0.25012255254875015 -0.054636707887019575 0.1354458474075302 0.29119193272644883 
0.14854309990927553 -0.13363151379821836 0.07552869626254881 -0.1005133619893961 -0.12036435747750783 0.07426060202589604 -0.2140706093069628 -0.00822588062284889 0.30729714245164563 -0.11307724464643439 -0.21277292197469103 -0.0711136693448714 0.21964271023475496 0.2831708281683913 0.22448326268176574 -0.3376415546655884 -0.15855631126410327 0.4036296441057815 
-0.3254401077326477 -0.0066151940504337765 0.17073046393262087 -0.259506921192067 0.10991575044695438 -0.00795785702396625 -0.2843810317581615 0.27330342958607096 -0.21799165354874162 0.1481053384249279 0.17363640990987173 0.10238738597758726 0.12703782068401615 -0.3193330554507408 -0.13021876430381213 0.058478195627528484 -0.053767823901771976 0.0689091020425874 
0.23938808189130184 -0.21189400670292946 0.25799745847650857 -0.08083717391500632 0.30552446198240985 0.07914599456075275 0.15947387904001642 0.04954127027443548 0.020833345975866998 -0.07845987364951885 -0.25448631971130375 -0.02842648752438504 -0.1633097015297873 -0.4033932429415434 -0.15308587323803777 -0.21862816831445045 0.3024874317407556 -0.3732495595833627 
-0.24596019763151375 0.13853198712550632 0.26701610075877685 -0.16930303072443362 -0.3306813966755717 0.31780648052375465 0.08180835666928146 -0.11514010962880748 -0.018473545785787204 0.13878435823332014 -0.08510868012802035 0.34455706675525516 0.2294216475653009 0.27320101353343296 -0.10068634418687894 0.3013234491391219 -0.028778831916254664 0.039156775435829926 
0.1559407976128505 0.21158702839891683 -0.06986515336748983 -0.034890825944530406 0.2171287772059901 0.14786536892236324 0.300454616265732 0.33131801298845187 -0.21978961630680724 -0.1810147814346136 0.1467807258680409 0.1776374914128582 0.06502041057599708 0.25526336645409564 -0.1689342758864762 -0.10861563941008481 -0.00357151762044753 -0.13393211850981396 
0.081949962831615 0.12369394918473152 -0.20389493494994873 -0.02026980840834707 0.3408003053683871 -0.1191315388197402 -0.39086496111434627 0.17169610059139467 0.002205753887616202 -0.38036043757837457 0.28222798831928253 -0.11583023893556312 0.27608524259220163 -0.029958938574091615 -0.29144252326832787 -0.17357252526590913 -0.10783761049140465 0.2335681752763632 
-0.2477447879911505 -0.04634102760866902 0.23295997497684606 0.01349231713092599 -0.2729039879254947 -0.3284005869162569 0.12412098546489626 0.40470843996747846 0.19474154813730718 0.19842294689051407 0.11886285698925765 0.25451924636207424 -0.32808128799292197 -0.1638396279775345 0.13258342744960697 0.251927020532383 0.14322031554143888 -0.2641919662936274 
0.32064904495008234 0.27750155121729847 -0.3431774884032138 -0.2451535294756413 -0.15287422168968404 0.16228572344833658 0.22984107333809184 0.08407732138683477 -0.20532161200252833 -0.045831900307416344 -0.2662778369080349 0.3546315360148412 0.2277874757055069 -0.00021800572085078288 -0.031100977548468058 -0.2766422953569222 -0.1229010458829692 -0.3298514020482806 
0.2365436239858214 0.030063993964891896 -0.24513996367688776 -0.20864305413731357 -0.16310961322165599 -0.12964350190092017 -0.08926560260389273 -0.16493465443718702 0.12168539740364587 -0.35418881914727557 -0.11641982650192231 0.19931222863150977 0.34518344514594135 0.2376187600057879 -0.17667734553087755 -0.18216985431631955 -0.20156726591483298 0.2817613341253393 
-0.2211054496039634 0.17598812533568672 -0.19425527434753787 -0.3196189264201138 0.15884986577976476 0.15383842459429736 -0.3754235439254342 -0.13680293543764574 0.3092263393852864 -0.21453851810416188 -0.28450742830945663 0.1128875368387035 0.3335566531554559 -0.3059643652872268 0.008688371537715973 0.12473980598892613 -0.22217072111254219 -0.411242645304123 
0.34245623996726854 0.07941195577824758 -0.3033236141638993 -0.30261796282089315 0.08300100863867316 -0.23400591877983745 -0.23540260345241182 -0.291894769201593 -0.24206638236552833 -0.015068291011813726 0.0076727827899177115 0.00900022542585368 0.45301485427243016 
-0.29706622950823636 0.20380279484581618 0.2343622757023233 0.06650972158677892 -0.029047069079357023 0.3159924456741682 0.2624625990303841 -0.36242158076698017 0.3734035457455729 -0.3979948300458387 0.05723264094305656 0.0566795531840966 0.26753411172527075 
-0.07267932760667532 -0.34184142135157475 0.06398490045582016 -0.3693932461393674 -0.16090947090174532 0.471781166672198 0.3351726634824237 -0.2544133494287441 0.22975840450298116 0.2317350240832336 0.3446581395568572 -0.2195962988099796 -0.04741665857982201 
0.2756955219091943 0.1321529489497415 0.07367171270312566 0.14493128116781726 -0.2253049485898032 -0.39140669936489 0.18766884534823924 -0.13548802385937475 -0.11793659594768512 0.08151845904495997 0.12400893645925162 -0.2370877247062982 0.2637684512990245 
-0.09419155636365846 0.10370689309888785 0.3762410504922589 0.05065628226650239 -0.11116011244711596 0.0935367717046664 0.0013920313096419442 -0.03716755939086964 0.18444367381764387 0.3416070186696023 -0.016128181238590753 -0.3310999726982412 0.05449025841092806 
-0.20289367188105004 -0.3712834274590328 0.2297874146262346 -0.18036942133618955 0.22077927814473838 -0.009164580099532011 -0.14397245285084187 -0.14711446913360038 -0.36925872951015926 0.02680736664263823 0.25867818800028264 -0.3346736445578991 -0.3143587793866345 
0.05726667939429304 0.11918791003200357 0.16045023675336328 -0.17821476814695245 -0.3934863596735242 -0.08913110531646472 -0.2484018724889768 -0.45076344711932487 0.1735020058070192 0.42619203643022285 -0.08549417942158768 -0.158157990002036 0.06131553322278768 
0.2625796906093214 0.23511413461309819 0.1393002573405743 0.01255073202052519 0.09904045276011056 -0.1774424189288059 -0.2131827936341025 0.3158256046801179 0.3349501036678705 -0.3565495271465616 -0.16156950612651852 -0.3989319661032374 -0.1319170636767089 
-0.23106164331608298 0.1114282608975871 0.16612585157931462 -0.3059545619551023 -0.3361178590120253 0.32662134411703186 -0.08701311604550412 0.026027989223650377 0.3736169426778043 0.20614290271123079 -0.1378675013292979 -0.3330626162840875 0.028078230050875033 
-0.15050632493312868 -0.41483770740417236 0.24184641327294196 -0.07301198744445983 0.03428558900191045 0.2530813581875374 0.3962341370636726 0.1344865833434457 -0.14256135729393016 -0.3411058707873475 -0.34290338878246723 -0.1425629962237971 0.11347364732801224 
0.1544954892202391 -0.2413849853493202 -0.33558022805130205 -0.13779905122208472 0.017333901906003077 0.23581472843433324 0.04031537282227401 -0.15324062816682257 0.09768169396861459 -0.21152422100934115 0.1204313228195355 0.27368884366004986 0.09164967460486736 
0.08679504352341433 -0.1775071582865043 0.3284242795151995 0.47960546171493335 0.19513569545161943 0.1141615037384488 -0.3020506171972738 -0.11421607247595306 -0.11767152287891978 -0.20131616899607788 -0.04221043538075412 0.08691088895065845 -0.30196891670416176 
-0.19997695542404198 -0.33648600622248737 -0.15660920971072795 0.025052424101086854 -0.03616152634008618 0.46307471885377877 0.4294121984904182 -0.028447790681592235 0.43093763812012736 -0.25285334149782385 0.032069258731390764 -0.03633676340761969 0.3844101636271213 
0.29412897979731684 -0.23705212699925585 -0.04495351531078416 -0.3136842709626531 0.0471219947170534 0.2360189179299036 -0.4165819664680185 -0.3033989401741732 0.4510027778825381 0.42957378413896785 0.04420989472636307 0.11515430698313558 -0.17822596281811795 
0.36439134909061777 0.13410981085774387 0.13173154034272977 -0.39487323936756014 0.28276097286305885 0.22180056803934173 0.14627018092760022 0.19133128145868042 -0.27494156031263156 0.17353778865248692 -0.32402363068336604 0.1639975604882417 -0.40190117278963 
0.22007609382606252 -0.0065595527248527765 -0.23587499594055839 0.18199820685352466 -0.14580561637110237 0.3080882271940659 -0.2555848462905574 0.35319934166091743 0.3798338343246483 -0.15478738161298822 0.29056655647142904 0.2739190594097244 -0.05901142859462212 
-0.09206938030035558 -0.17422375516792313 0.3984732307408182 -0.23998481560100512 0.3816878248002386 -0.08807928783859696 0.3495388140624724 0.2456726026631212 -0.2867049653474731 0.09055674247170357 0.1370999415752688 -0.07386446570472324 -0.40874625495006867 
-0.1391824286394754 0.2849740838293925 -0.34366919716851585 -0.34403332076428894 0.17364334356474928 0.015348401691608789 0.0036206817277126277 -0.12244534506223859 0.11235014166210879 0.32392879605473296 -0.17701205891222502 0.2760340887094958 -0.07624565759358667 
0.2330751402626708 
-0.03450772601372954 
0.5072639364292898 
0.6746551263526401 
-0.0186769226015167 
0.3760079832307192 
0.0664932221289753 
0.29652043700819236 
-0.36628623852881514 
-0.5401728429343574 
0.5818954681826172 
0.3781584170183234 
-0.2675796707450468 
