-0.09074283805903934
0.18927679796600266
-0.10565077924450385
-0.09191992430933851
-0.19322734758117008
-0.013997839739702672
-0.012376129297465885
0.06148728202289906
0.14458626393266605
-0.07382003655750417
-0.040169032183730496
0.16211233407962447
0.030987513923977437
0.07496939289356319
-0.07130458937199442
0.012915322759043049
0.06035134296975358
-0.14751781117540272
-0.2179832675914587
-0.1464241649763362
-0.01677770554100177
-0.14621747442072927
0.07976388842079286
-0.09965122947856349
0.28894961728337826
-0.35133213571734223
-0.20039826278354494
0.09184523410799253
-0.16193288140754367
-0.37062621976205373
0.052267487253218614
-0.16345007492440064
-0.28076835595652033
0.36299552172949867
-0.25049818274574515
0.18760380927851297
0.3403388436870544
0.2722916034308569
-0.23867922243569092
-0.19895404772556527
-0.3602590674131413
0.3150404131177593
-0.004566850553209251
0.2107243226999307
-0.24724006854914482
0.3928612770396077
0.1553172175776024
0.1263644734783659
-0.16420890388192041
0.20148392766702666
-0.19071589569324568
0.27345928207789666
-0.42984693047613143
-0.29340775519553985
0.0288813681238763
0.1341070213339396
