98 24 18 13 1
-0.052187514374219056 0.0977911898944688 -0.21426171071753353 -0.08573089921256813 -0.1843769303398829 -0.1958201629536012 -0.11112648025908112 -0.004069157557718676 -0.05726828405646399 -0.010524066997092185 -0.02589487278574999 0.08686371556038627 -0.17554014984272936 0.1656440572936715 -0.2201076004770886 0.08595492143038656 -0.08700641544534564 0.041502099329626396 -0.14461618934359932 -0.1880402649208093 0.15203619775625496 0.24962551769405478 -0.04963379978125175 0.17679050948121397 
0.21087550745424968 0.10254375726254814 -0.1802443226526747 -0.23981377856664826 -0.2016601302204028 0.22468416809091107 -0.25789012290621205 -0.09829411283373507 0.14330105341094765 0.04331525341110601 0.06813831304519676 -0.012965120574146902 0.01603169800832683 0.2085770442116892 -0.24546493406567452 0.16390363210063624 0.253084258554972 0.1250429285026023 -0.09912162262464212 0.1240989338583396 -0.11388222065882458 0.013400559650703772 0.12864040105004476 -0.027538152463306056 
-0.10526362517889522 -0.19385285319346857 -0.22968034205556004 0.06669423758389834 -0.16353587769509276 -0.10621039143441534 -0.0974075908937588 -0.26479461652312736 0.04096909026946819 -0.12712864552953065 0.0737357442962893 0.1090540833827099 -0.2062718181729351 -0.015515138757392556 0.04373272753237495 -0.008717974717030315 -0.23663785376431787 0.025880184194446803 0.05573338000871882 0.010299617956354116 0.2089503310445318 0.014491670237152223 0.20351827891903956 -0.10005067496103354 
-0.08630658367312452 0.041761438008855095 -0.049234556486443246 -0.21172922779245487 0.13583685783563354 0.0189524073467905 0.05830187365509699 0.0716045577673993 0.08258263180952155 0.12253321512870133 0.0670752629174422 0.03010582531946494 -0.20024541955800304 0.26777516683705627 -0.07537027802420719 0.30502503344290827 0.10822462409886596 0.10610738871467869 -0.16790618641251134 0.15380304211349988 0.08206645898389218 0.10269242559130812 -0.07974154430629396 -0.02915410524610853 
0.1850522887034067 0.049813631068890654 -0.23692409033713552 0.06820708021953373 -0.12380886909157648 0.023220994246591208 0.18024424433332292 -0.05885192209224278 0.1895749953613121 0.05740025666428833 -0.19837919140884142 0.18089791551980106 0.12601015921172207 0.21853401509415124 -0.12054870274873389 -0.15392137351148386 0.1691152815794336 0.08033807612187215 -0.18781993729127935 0.1439321798524867 0.12917599943578018 0.2608646303264179 0.09458154484728763 -0.09683844270503975 
-0.11062561552180737 -0.3098130238411138 -0.20814189851536077 -0.16022015570687664 0.11400953822870133 0.11440912442092152 -0.05471889733086889 0.10220761489676061 -0.27174510887721537 -0.02041652774212585 -0.042254071262537364 0.31715256349368776 -0.0787588346637802 -0.10643708926609222 0.09142425287721448 -0.008679194398131746 0.18273489226870965 0.03315828506792652 0.1385704042234437 0.08769065202183718 0.13857242736026343 -0.07075415708188175 -0.27099833215072944 -0.08771284541011776 
-0.16775933509610855 -0.23432770543297027 -0.12018662283432271 0.06589141188730208 -0.00883486781083191 -0.11634967518206042 -0.23787808364459218 0.2298132966805125 0.001784103946256031 -0.17128863551081153 -0.18422575332579177 0.14950673565321906 -0.12355503129295135 0.054796791334922025 0.2046678148903241 0.20777083215248426 -0.10046847043982222 0.03365941325827711 0.04770587208805208 0.1359573485268275 -0.10111189496248271 -0.14304310519368216 -0.27999326698956495 0.04821818075661642 
0.10623056389218581 -0.06060597261389872 -0.07286411590818036 0.16992201860322345 0.0006892368465856498 -0.029233520774417335 -0.058995823792335415 0.07009222629301216 -0.018416325948789145 -0.06331423517586074 -0.17491430152485785 -0.0010800249152225373 -0.0246826893134162 -0.15925592936662072 0.10117269570469378 -0.13597255048200774 -0.05368238259209129 0.14669780469133786 -0.12300637022523783 0.03745637842676972 0.09793123375994281 0.2918802233113704 -0.1634815465932267 -0.13824870665602662 
0.1273086270439799 0.027357620148329275 0.16432147266160144 0.1948982842445153 -0.1964326145932868 -0.1154089452427059 0.0506772225897606 0.1575921448386758 0.19992416639343547 0.02245421143279795 0.1759228948985484 0.10854654383215538 -0.043720676980430924 0.003142149738309532 0.04144981198195045 0.07114329700440444 0.18913705782468018 0.2095171916877875 -0.04177502898335049 0.21883408345241775 -0.12582136099206964 -0.1650433402612311 -0.15799570782655767 -0.023665708174511895 
-0.19331744515823954 0.1807838035113138 0.13136792577012413 -0.19599346363884954 -0.13001955869572865 -0.06695054467939818 -0.14844984116212212 0.12419575216871429 -0.061859088579622606 0.1775570026248249 0.032551116527440804 0.15246524464320202 0.13854686573069266 0.1633292293877316 -0.015886541875536803 0.01835876681292834 0.11977004398886464 -0.08561876525235344 -0.0038526687248080574 0.03937256900961015 -0.19578188322357862 0.03712529457410637 -0.026301097743112317 0.12332953876097899 
-0.09515800091307247 0.1695212600228285 0.030894272642381263 -0.12521962380173193 0.07520836089703743 6.325768928428692e-05 -0.2697970671438333 0.006311225997269084 0.10545638397566033 0.1772280900931491 -0.18145415549507418 0.18247843267099545 -0.09502405950054743 0.17151729516172248 0.023572636145075463 0.11214749513619152 -0.005378252680874477 0.10311614279650684 -0.09363155694064015 0.062410860497958874 0.09309740541562747 0.19510208429151943 0.1601606111668084 0.13887802400661695 
0.12240951546567368 -0.05193929859860902 0.09763458281877954 -0.01479135241229588 -0.08409611025726539 -0.058369559283158935 0.003974485524825947 -0.06404295635856619 0.07466267542869515 -0.09072655677662039 0.2571107682830125 0.05621361901462587 -0.11915318904887354 -0.04999321872158126 -0.08508621855009059 0.11796672530852507 0.08228768266580182 0.16877015377302573 0.06485403651539338 -0.10525856613632337 -0.13220744197173592 0.14121903131810404 0.06100297782210456 0.2078777599321477 
0.06632717929014849 0.06582277423404265 0.01385478205404616 0.07471052038603143 -0.001895175140419326 -0.0385900792595266 -0.09430316677452566 -0.2099314909752201 -0.08106761189152907 -0.1251347362686325 0.16325793319301427 -0.11207940172578773 0.13260752257494293 0.1727230226201195 0.06593123724752194 0.06852044149428116 -0.15817505706153487 0.04413210901689722 -0.061684270858136665 -0.1403916404908525 0.08323068550201183 -0.00732944661543655 0.1703975218752711 0.23476178250375832 
-0.08067618512001043 -0.2114879201892866 -0.12319809931883113 -0.02236696755816227 0.061652138088656896 -0.1730635073254748 -0.168038872676299 0.1945739014786889 -0.0741814459645517 0.006312604450854594 -0.10667354714418022 -0.18971949534063515 0.047189217912966534 -0.03372177963477265 -0.15162708935492877 0.07081892069100036 -0.02020447283417949 0.0891890228173468 -0.14291916819408 0.05161814040771883 -0.03683415315886389 0.09094941395799913 0.09417978220890433 -0.13986489936386268 
-0.09023762605752463 0.11891379620159685 0.13102599391595576 0.0152201932200844 0.13023727363599896 0.22817650251510807 0.076193334187786 0.12095207579458249 -0.16527225626296602 0.15164540086789452 0.0512226759229891 0.08117147154205451 0.10037348653336407 -0.22821922914990012 0.09935258770010906 0.15713682024589362 -0.04972086274966685 -0.10811828798424669 0.05265005681706368 -0.06435080805399043 0.15326445886073878 -0.04412928667452422 0.10918012559425938 0.20896212620690377 
-0.15097244784456146 -0.12113693155441174 0.1616575600419898 0.004664073818634192 0.1691465975975844 -0.012993438273878154 0.29270856633259984 0.0020182632703934795 0.01393493945739341 -0.14664048480280975 -0.006541977598341775 -0.2697833854207432 -0.14368280498098046 0.08641341826645543 -0.1896686314047292 -0.07177593932728868 0.0825760274055335 0.09046401584389224 0.07620805688721408 -0.08432989834710937 -0.011687145500285387 0.09244225672582013 0.27590849410286533 -0.08802456098068923 
-0.13644833991096325 -0.09785917884909184 0.10012688598860887 -0.017039626084100524 -0.17877284235092958 -0.05035329209664994 -0.12458267529410223 0.1877880906156291 -0.09326977408214457 -0.1908170142621186 0.037105753970657844 0.09908807165310352 -0.0002756106259289311 0.05771155420141468 0.004404454531995156 -0.03631509682532411 0.2213058914713582 0.07739459500956475 -0.18887811034313895 0.0743081064058056 -0.013669256198196056 0.17628582939200232 -0.11163458204108793 -0.09315090848437482 
-0.2065204163539301 -0.05922539304345878 -0.16630708129093974 0.03602441663728645 0.07928693612623967 0.10392862057651396 0.1300090272448406 -0.06829393686690173 0.1300270121021981 -0.027495136189918785 0.1506413515799049 0.08702556798457128 -0.15356441412979258 -0.15115962499845934 -0.22390766437408843 -0.1445061697256181 -0.046446804057835904 -0.1700513505624932 -0.19999639394136381 0.0533481262108026 -0.002272241164440854 0.12883990448925123 -0.02181198137198468 0.05389014098046238 
0.0096861921871658 -0.04895030283752211 0.11394209197887341 -0.04969373811410289 0.13669960602391587 -0.10670349381408328 0.09881502022190701 -0.19090466082084026 -0.023681612223118285 -0.24562370392358535 -0.060762750273849774 -0.1373947371144246 0.21783625304536555 0.2645794142791881 0.10430335559108893 0.26902025613138686 -0.14512150568034526 -0.10763650822444311 -0.12536613549972445 -0.01850408600854714 0.24331681267408237 0.2894078576160052 0.018350399526327506 0.15777553227647867 
0.1658568891755945 -0.03997936292305065 -0.10011753732772784 -0.1216385123154301 -0.20266878580025535 0.133415957640208 -0.16737302811359797 -0.16374984151126235 0.10001950730456802 -0.05529062835233299 0.2365433209672259 -0.07447175766395234 0.04730094843543323 -0.033697812216998226 0.1498581222457856 0.01992529645722661 -0.03929179225270537 0.011933758376397147 0.16933512795999756 -0.20031334410298357 0.1304871561108745 0.19498838548144137 -0.16238650498978996 0.056075572100637065 
-0.06829979453020447 0.10978026988822008 0.023195143179392877 0.05399376851005789 -0.07050966192119064 0.08516414073030064 -0.08147800489262678 -0.2965930790296911 0.0015385477425386622 -0.015336533785445253 0.011870762589924522 0.22814251280706915 -0.0921765749946854 -0.09488458880268048 -0.07440287773920616 0.24296992980486692 0.247286443403566 0.15821034695132713 0.1647443004374496 -0.1566460091472301 -0.12452640010106646 -0.08813267450576202 -0.0944259873522308 -0.1318957873632456 
0.11123640074794897 -0.04319174957586179 0.1182314350175896 -0.15513993239213364 0.08102280952931552 -0.13830407178692405 -0.028482369406161143 0.008562694204638186 -0.12975601978847126 -0.159385360060006 0.041990271705183387 -0.06536007052648128 -0.0008389762643584773 -0.21568109663323373 0.02924579842546791 0.1543516270998738 0.1165049092755912 0.008653687942764726 0.19229510682233864 0.2348342365509304 0.040221791462224925 -0.212760244578941 -0.22925585084562639 -0.1885744881104154 
-0.017458891198698267 -0.08326642667675559 0.2279207382763362 -0.1844633657982099 0.16840944911127761 0.08428009435563673 0.10004872228696701 0.036286715713251906 0.0661392472763584 0.04244040311144071 -0.231532206928091 -0.04952213294048497 -0.024583344763530326 0.1135255269587165 -0.012416327582726035 -0.0005406631529585562 -0.16463771766253169 -0.2041177351069685 0.10340934254996054 -0.09357311281323398 0.23875745299298284 -0.06861532962027005 -0.08655290419618299 0.03502406226131937 
0.13648438234393617 0.03109532710292001 -0.1509719364402236 -0.12210521635075472 -0.0029612969187791795 0.07110357627763521 0.04382794088524549 -0.18270441571258528 -0.22436684172553573 0.007761832005601692 0.10360342572590386 -0.22182831758957244 0.09619826120199304 0.10385526614509548 -0.02010919019731528 0.1721204863421161 0.011632110172993076 -0.20001780461998778 -0.006157339648440217 0.08847074196651177 0.14557432505521567 0.07650736782130842 0.0829386599762369 0.04406133133566821 
-0.0903026826850734 -0.016587636499595947 0.06847568329753312 -0.05877130485618483 0.1462254146132309 -0.11471811777561225 0.057787839987362144 -0.12405859442585462 0.061936709667205096 -0.02866558326619068 0.11999722676424888 -0.010301250679379828 -0.16953374489686 0.1599954194259176 -0.07637559306375404 0.15758435532538675 0.1463525182169566 -0.11164920170083154 -0.11460556463109216 -0.12076506276758786 -0.1437463576346485 0.0015893427843093884 -0.2347201515087664 -0.1233716420594674 
0.11855486939694404 0.16693137168844405 -0.16909527609429104 -0.10746962307749364 -0.14165361160011472 0.19683995741352156 0.09394889939090385 0.04710953933655806 -0.05073364474190118 0.08107663355700208 -0.025652565632037997 0.15961313746613584 0.1364054850907386 -0.059685176903958644 -0.15040504985861627 0.18130597586930816 -0.1554042685629841 -0.16565856576113983 -0.02729408310382423 -0.09448591142005772 -0.07935785336340125 0.07617121200062293 -0.146882275728305 0.1283889279124377 
0.12653715401446483 -0.18179059662023395 0.040109018779457266 0.1430474192228231 0.046479519117767105 0.13290402915989102 -0.06412881039685285 0.06278045921692411 0.12830702658612933 -0.08034242981503247 0.07447784175156064 -0.11861300349050688 0.10333662339109768 -0.10464493730375803 -0.041686617677952495 -0.006896627933888662 -0.18313364471659885 0.2558680835331463 -0.051665565912319404 0.01214901691837869 0.07205720242464411 -0.14345971108997457 -0.17431292076005844 -0.1708741712748565 
0.06545517644327888 -0.13217557176876948 -0.056913204085382745 -0.19529327492712503 0.09233846173739765 -0.1706085598958245 0.1709194739964104 -0.146464092052208 0.004678724029949095 -0.1837336110680417 0.12549848894746904 -0.11852353425803154 -0.04853080057127813 0.09029634601591531 -0.14072202798348415 0.03594120392145913 -0.10475836973747993 0.09387154161468447 0.08910491597805527 -0.15068210197194093 0.22150875491128513 -0.20849335665901575 0.14675421398102156 -0.0014166211063306984 
-0.05064406821658139 0.09512724598318018 0.08229870266288682 0.1905462948845435 -0.09910371952685844 -0.16253870697318176 0.12884706922893766 0.1849994149213828 0.04710044996610902 0.03501270376576688 0.13505618592498544 0.1659399137010617 -0.1103326566951694 0.11816770472454445 0.07104007883986477 0.08552919163577685 0.009750330374286305 0.07877301320191178 -0.2008934084588568 0.0653363124887795 0.13733396664450356 -0.14663466528831545 -0.22758658838531817 -0.15425990170484535 
-0.10121553204498662 0.1164645150611821 0.0170959047155007 -0.08521806799781342 -0.14544567672841896 -0.15383677734871715 -0.01460201969755984 -0.07013744076504026 -0.08010085284059151 0.026747243046060663 0.13113006784606276 0.016115053013642175 -0.07962083992709285 0.040791803780488536 -0.1116145711747649 0.017331791554199612 -0.00784717057332685 0.11746288014452079 0.1518639139964804 -0.0384766918573282 0.15399829489251332 0.05342609853404881 0.02149338916944636 -0.14810511094019077 
0.027216202645654497 0.1578087285118764 0.04191673265406543 0.07627510241109672 -0.02914437115972781 -0.04759271596640248 0.10286512213835716 -0.18504522559391415 0.006771612705747002 0.22787199073341324 -0.004925299865921791 -0.10143848588773523 0.1663386056818791 -0.09621890854374311 0.08015079542582021 0.06541500122682699 0.15777779771251993 0.11753118376120902 0.13579283678311405 -0.19890932890967025 0.26084839198640847 -0.10263538907062099 -0.07758104306820006 0.2088509878026848 
-0.19849520286693764 0.12879040090118185 0.13555141838437232 -0.01994520727789498 -0.09773190449692618 0.1374294697086217 -0.03013606662159577 -0.08984599146101477 0.20929816860904032 0.1948357237267309 -0.00818884462444797 0.14578281222069225 -0.0639070428694692 0.031153268635638266 -0.0481317693607984 -0.07116069834343083 -0.07957195790030655 0.21185358647599065 -0.08219050146438854 -0.17322735876728973 -0.19092541217694464 -0.17541129070294068 0.026317568365180604 0.0255746820300546 
0.18171835872378467 -0.05153644220720628 0.11701469862841593 0.10678873800920274 0.09827849180219578 -0.07557399920227943 -0.005901326983593293 -0.12504133528376504 -0.04142916200898125 -0.18698204754339512 -0.03627978620705869 -0.12636303388636375 -0.02831464567162298 0.1651840589960887 -0.07167406588070589 0.2078481385640235 0.035634810823427295 -0.07527468153329896 0.13872555686670704 0.12635748794823323 -0.11114183218304384 0.11936999942676745 0.0006486842979129426 -0.08926966513001942 
-0.06766880602744645 0.12796467441445178 -0.09251300124136329 0.16005188750075813 -0.08175770650874609 0.042907002237146774 -0.01779412641342783 0.1478110275913409 0.1842357493482619 -0.12668713763852202 -0.0024491824352323873 0.16764937888215015 0.013290647301056752 0.17869367421391344 -0.08833508280874852 0.041515191789673785 0.009509503364382773 -0.10888733118937666 -0.1965083431719376 -0.033054196966320296 0.1731835730566331 -0.10963397957144638 0.14476499346217347 -0.21747940532697693 
-0.06297699031839371 -0.24014093021464902 0.08223188509194311 0.0641108341081661 0.0752233611028201 -0.01385818535187623 -0.013850056082804455 -0.13926190188331117 -0.11274699856652481 -0.050957457815719365 -0.05761659817152837 -0.09643764080847245 -0.03414788390310023 0.15692271522418821 0.009832396807955253 0.16594680334414874 -0.06086621578440803 -0.14091971677365653 0.005604673877927286 0.11285168650525036 -0.0597498986464673 0.02853496477703888 -0.08852161041526622 -0.0010711116778238479 
-0.13600118979749432 -0.02797441201828336 -0.09525006729777248 0.18560718085536468 0.1126562041599995 -0.0799301339237402 0.05677889212080598 -0.1425437767462121 -0.024095117083131064 -0.08108897863784123 0.15469204802194986 0.0792365767259896 0.0526715071657773 -0.12608955268803268 -0.011639476920098785 0.20630579018236808 0.1759801218351847 0.04130615655426127 -0.13999061822255232 0.055384825249625534 0.02980898240897297 -0.012401461268330376 -0.11046915594209791 0.03943624541998695 
0.17156844540973532 0.10300547159456298 0.031493371329145405 0.1966473935877192 -0.17556842593485458 0.2180920289131258 -0.21786051058517863 -0.13462587951130475 -0.056798067481302894 -0.17506975737741112 0.03286169112992926 -0.1872752872557552 -0.10857469115867992 -0.19385541664038114 0.08127705776587864 0.10155272084429443 -0.026077109378108636 -0.12513730215342675 0.09884475493108498 -0.09339716193008224 0.1440404092173642 -0.013195391095328196 -0.0006881516112033064 -0.19216859499179872 
0.041865383021104104 -0.02219918547152501 -0.10848212195837481 -0.02621870131619551 -0.04673628670896448 -0.07441418115094312 0.2638297674304865 -0.05397988478924805 0.18051772682631334 0.004975133574416094 0.21722932896582178 -0.11560373543445494 -0.08032022396553719 0.13031136907053475 -0.18427205286761922 0.1418651365307282 -0.0032684742812608084 -0.04917921462601942 0.20013807036886186 -0.17818472660572215 -0.03515202513741433 -0.1893819906285227 0.08502473983188824 -0.14115976797477858 
0.1373202251074689 0.16725469266787835 0.13169453357664015 -0.019080429381020267 0.07440312615399142 0.19068229071784604 -0.03816131559613096 -0.028561444542546496 -0.21011339541027055 -0.05196770023304505 -0.1438675912763329 0.15459668442781657 -0.026146927589044567 0.030118790332608104 0.1442278109128817 0.06226226449733502 -0.027145329919269233 -0.09241522753863891 -0.17258634222234187 -0.03249119348373588 -0.13790323392552362 -0.08093012356080943 -0.04559646562253245 0.2510768163511911 
-0.15728335211993297 0.14718481682618617 -2.6717742744263316e-05 0.11103859181111933 -0.14330212104299941 -0.16800003845288267 -0.04733960145736903 0.20329268898932762 -0.06458516227233163 0.06017499611471884 -0.0837708848510382 -0.19615429602903164 -0.1952955047492652 -0.11195660377503863 -0.04729082525968429 -0.0030381005173186278 -0.21153425416855717 -0.18242424795553877 -0.19535297511864738 -0.15547855881488165 0.05483220439592845 -0.038666912817738944 -0.07723917804605113 0.022954736139658094 
0.24125312279541042 0.08789515234409727 0.07970619703541637 0.15000892314538322 -0.18583519467764037 -0.21157566020907773 -0.021978317611880138 -0.03208042020307823 0.15176160235451727 0.056896465714394884 0.003287038676045863 0.22630509536969268 -0.08493274379273784 0.14773331450623464 -0.09860736376044803 -0.0602627527547356 -0.014357109209000822 0.01884230792462276 -0.11216369787805475 0.104092143954935 -0.10433537478562706 -0.1635369589685711 0.11506866315707072 -0.07058816501314985 
-0.0763078088475625 0.10966527871743116 0.010208695192854013 -0.17094177172038727 0.1505423335259011 0.14175938750040082 0.2173300560642338 -0.04870302287832207 0.09126202477390788 -0.06399567034073411 0.021664727484154635 0.1317046827716146 -0.015870513739674953 0.019860850826852437 -0.06940187344442927 0.04578385592190489 -0.15559979438902705 0.166624048968723 0.10074844419387113 0.05585109498355661 -0.09680315128368604 -0.11596471962613861 -0.12559107987941237 -0.07106667883557184 
-0.18690994937882027 0.13936187895656132 0.06792088641697555 -0.03462154643693371 0.10726339512801475 -0.033311523715954125 -0.1857812897578816 -0.14689965611952233 -0.08738336506145224 -0.06489589275284388 -0.18066757069504313 -0.001898867363682067 0.056622518249000844 0.007798160762581987 -0.026826797843096085 0.10484166362818724 -0.05443528464232064 -0.19583526402201812 0.15011020155241334 0.0928189240792807 0.09302814137398849 0.16221615013020552 -0.18663695744164258 -0.10610378481302975 
-0.17614126712423273 -0.07511284337516193 0.13663059726026167 -0.16864682849925186 -0.010639070100950858 -0.16532266283423774 0.0799805984665885 0.1099927478707129 -0.23096925533078907 0.014994467706055776 -0.10434544526570642 0.24051643564031341 0.15645316408010296 0.07255223226989997 0.20564691591209025 -0.04337288224318023 0.20936824094695203 -0.0035092357717644226 -0.10580275269300678 0.2435367219228003 0.10505204983669304 -0.17549804068299676 0.1254645147371489 0.08653821347960611 
0.06104248575989317 0.059371497450042984 -0.09866511689941321 0.060672205929529884 0.1262817693819125 -0.17992844669246622 -0.1486483961862074 0.11782576614185326 0.05554752171139834 0.012383083361626255 -0.10074907177274704 -0.06634388821980347 0.1400159560067261 -0.07718296642151821 -0.17569546766286548 0.2061721110999122 -0.12525239954494918 0.15056987253718046 0.15366629394075812 0.03211331547644688 0.062194749389276126 0.025467448801483904 0.04603474066806545 0.1859370819912971 
-0.09316179444151082 0.19271611749293463 0.026845078656268177 -0.15494431677372034 -0.10937582014891586 0.038825687798219634 -0.12326872707686375 -0.14827880056750337 -0.13810731250097597 0.13030866230844007 0.06981897287903127 0.1833649049279269 -0.06537650754029561 0.07026729671060673 0.03190300155911004 0.03119417845280348 -0.1614690890860112 0.11247817648977225 0.17354421024051275 0.03881920737954618 -0.10893505199126241 0.07777568361603451 -0.20988329107713477 -0.06848135788315568 
0.24705279696966775 -0.025440034286997718 0.14281138112813335 0.04159428338118725 0.12952064188945214 0.2213497292391169 -0.03257528044096267 -0.15173509676344976 0.03286622261502082 -0.04068332117310894 -0.15019032819292502 0.10469940944500947 -0.18428195933011407 -0.0914297345799484 0.11055292870717084 -0.1479128795026201 -0.03501837441514237 -0.19337865724716294 0.2011395421949951 0.03255741386727567 -0.15045855337467273 0.23484914569167467 -0.06258294972356895 -0.01794613676124398 
0.0402870828628736 -0.09081038990419438 -0.0777267256990377 -0.051064608870299115 -0.1023051085310547 0.045094728087261754 0.11954368878853759 -0.17261291518409422 0.2409345101027468 0.0887576905777299 0.16747175745041615 0.08032010725160865 -0.16928727158719192 -0.08102601012932147 -0.02152947150406409 0.027263821277625232 -0.02083744503653006 0.08159727681538283 0.07246473572482615 0.0581081254213029 0.02125498834382019 -0.14029409420194344 0.14718054114086604 0.10184332810453364 
0.18639035321210443 -0.12792676205256212 -0.12982308020133734 -0.04328437052206269 -0.07157534438250546 0.1465168030438303 0.02598302753874104 0.10954651889893743 -0.03984932667683389 -0.16135101799370832 -0.15497212945862474 -0.04931698475485284 -0.12283825576123214 0.1513451393194143 0.03958251427455196 0.09116804267373933 -0.02362398911248933 -0.1659637799683042 -0.10610144521956992 -0.0160923473726723 -0.12090992057290322 -0.19169261894959494 0.09483925521746232 0.08390942280472392 
-0.06762264686603715 0.14452940699631958 -0.02838476780491989 0.16200893710155082 0.058610121088313295 0.03885883978490551 -0.12004186278634789 0.009372762942978268 0.1588814259321409 -0.07784532292443691 0.1508388283284315 0.19582936174439258 -0.06784264572679984 0.08422486205829578 0.16080325419620867 -0.18725214902639783 0.1690708710723966 -0.12406152890404819 0.14059983146826457 0.056744299699529405 -0.052329918658019656 -0.14013306900841532 0.04953071852707776 0.17175958928076693 
0.1592002826390269 0.04850113697430098 0.17648180491555746 0.03570535271661038 -0.12121829482571277 -0.02312933401588177 -0.0749011496249754 0.19666850309837505 -0.07683029905754517 0.22143508630106404 0.007437011330029993 -0.12378919446638288 -0.17153604165952327 -0.027293065286743634 -0.1515454640745006 0.07945951877502333 -0.025271140722632424 0.19876834836004267 0.17339309459861743 -0.1410056842147921 -0.02460970888729804 -0.028074410557694295 0.0049544617814492545 0.14348080131398763 
-0.013803932466144248 -0.0595787148374907 -0.09520181969266577 0.19037598833872815 -0.1930103707604826 0.12237360702540674 -0.12502579879245596 0.07303862191074076 -0.05567702671304186 0.20208342502112314 -0.15180972840546147 -0.1465531266285074 0.18278299132927864 0.014740507197311778 -0.07613211692983451 -0.2018603181323877 -0.1345458304281456 -0.14256906242926798 -0.1189422157617613 0.18842795734351533 0.15655051160925876 0.08065404817023923 -0.00204307039038977 0.14439776668162846 
-0.03566384724600737 -0.02351599388600581 -0.08970343430002667 0.2134737073193022 -0.04492760296057315 -0.041374465009995365 -0.09826081371276006 0.20300222661848694 -0.019864487137333905 -0.08083590363193771 0.09852467010335247 -0.1689058272243699 -0.16311314449614725 0.1132986508240486 0.09768380101879338 0.03594371908674731 -0.12843284075964143 0.040291998920353414 0.05507551956886817 -0.0687574888795388 -0.17444082327615065 0.13723544080747954 0.021187890826411957 0.07737612795435042 
-0.09848317580601665 0.036289525675681666 -0.028244323637813123 -0.04688304556027402 -0.15019944842419866 -0.10237854880215269 -0.169582065611435 -0.0787059794121365 0.096700216439146 0.045729475591173685 0.068749664289432 -0.19872403862000607 0.07114947330823501 0.0012568065448836242 -0.10779146435418246 -0.1305487110221288 -0.12644362941304502 0.13835343483425563 0.19500976805066025 0.166747438753458 -0.06080210812451275 0.11230703793818554 0.018401569505498726 0.12702355375801508 
-0.006434987790233533 -0.05075248380978005 0.11516401622388349 -0.1610260421336964 0.014651432361776486 -0.025940375787179063 0.01820453115056931 0.11195473346646803 -0.13976208113595476 -0.04253537218376182 0.044032526839101784 0.1549929813459534 -0.042171286759507196 0.17031342836189006 -0.038130013407014794 -0.14636072177455983 0.06358156798233304 -0.06600364008998567 -0.11304011996096222 0.2390522027027577 0.17466462845091693 0.03925699139538486 0.018858657309008705 0.016621363895387316 
0.08127671806482505 0.1745362578437217 0.13840739789813958 -0.1335846051056808 -0.09474107947105607 -0.22656782908021272 0.19566606027671088 -0.10557197245335284 0.05099915381129596 -0.16536707423693314 -0.1300622052017498 0.017328558445356884 -0.19185442741754527 -0.02148726318589963 0.005085580771208977 -0.054785548341057824 0.031912070765357854 0.014556694385745965 -0.043479699323036025 0.05491440387076744 0.09519683339042528 0.08404570945850326 0.011218068763779078 -0.05816087343349381 
0.044968221380109884 0.1448435748517452 0.038485394706614856 0.2160073581102537 -0.023384769101576525 0.0958536505804015 -0.18670812976872964 0.0990080897038383 0.018499159284478744 -0.1999862338349225 -0.08741507177576038 0.03419481153921817 0.10733389220399576 -0.20430578610729466 0.01943385605624671 0.1526996140167252 0.03133236322324941 0.18443796892909758 -0.17147153221105543 -0.04505621391636846 0.20468663947323035 0.10314163486113963 0.031126983701153924 0.11643297116050849 
0.2224525987745556 0.1734921434785007 0.20156588124859998 -0.14491723842772986 -0.173189038003214 -0.17199000368804182 -0.19610667911140897 0.16038854997305466 -0.22747145385810064 0.11361232442788362 0.021649161389832472 0.042312413761687914 -0.06107289157919818 -0.01911059055217479 -0.09850330432498322 0.23010255158880363 0.08668174710250584 -0.19150778548699224 -0.01523533289849605 -0.0874021258190942 -0.16078371519418133 0.213615877813489 0.07700889428757927 -0.0678866655814385 
0.11893913285871574 -0.06993639229806141 -0.07668155064413064 0.17263599669067553 0.19267632620127262 0.009318587082800337 0.1824115827892267 0.15621164701438847 0.0071314929886913915 -0.05062639189015835 0.08403418290111966 -0.017568433910073226 0.041810396313429074 0.19822576491729224 0.10974789058800116 -0.06606110721478045 -0.16562609186879923 -0.12647510882023238 0.010624735843822716 -0.03290330644769718 0.12060557895029178 0.1747244861835149 -0.12934035585543388 0.14480136636723076 
0.20104546699191103 0.2448385616427358 -0.18660183930215427 -0.1785044398777266 -0.1997882962939525 -0.0806482637845681 -0.1792780345028283 -0.08233296055327356 -0.019159527871970897 0.1604144311668487 -0.009118055812091356 -0.13813461594866183 0.042360507720067254 0.13050983353866424 -0.15652154791967218 0.07350067786708739 0.11329654621604175 0.1461387990347674 0.1572382596468302 -0.046986370240920984 -0.03685667633185879 -0.16047489191315992 -0.07947802436976294 0.16834106187071882 
-0.05167297017819939 0.1335386532797013 0.15725684979872015 0.15508146030372116 -0.13818645718509648 0.22283115569392703 0.033540413672294066 -0.11602007516593205 -0.08302134626177723 -0.13665000677670724 -0.027201599271397852 -0.1350968840561628 -0.13444964024769654 -0.12147698286857729 0.07624237628276018 0.08296997723432276 0.21412260114228274 -0.07270576759527907 0.051570287431738256 -0.18801173093211632 0.0064054652542994235 0.17626943849274165 0.1645920277300315 -0.1981108764690969 
-0.09890695544321233 -0.11065406349863192 -0.18262806576994148 -0.1979876324288469 -0.0038756917703337886 -0.18347209555686247 -0.0886027456047361 0.055724702519349044 -0.0819983782644854 -0.09210697052478452 0.035954083087343824 -0.04750987166697638 0.08087531754268469 -0.0015316304294581624 0.05301304494045876 -0.05838424586235672 -0.08508395929058116 -0.1475472423294451 0.1763151254330236 0.12230307446587946 0.17670408548688485 -0.12628188902607007 0.1747053849426204 0.1757707203384518 
-0.1010673902277467 -0.06332221187198252 0.020378725470950484 -0.1263190265245567 -0.02294952505058939 -0.12656476868786845 0.2353748030864762 -0.002440531225426316 0.24291992859017317 0.027331641464623347 -0.006201933376216176 0.17056483253350893 -0.1434723655217868 0.020961201939163353 0.06451997879955808 -0.02623603360581704 -0.23373026928162025 -0.002876255837950019 -0.013802091437433913 0.17414893186126226 -0.09736136472087478 -0.043151961941153866 -0.07728928673144556 0.07439627926636863 
0.2212594632904328 -0.14380974801700283 0.1290601033660018 -0.10775898628756646 -0.17834345800560392 -0.16159292452646018 0.1901704922280626 0.17035499945735308 -0.09465704050451942 0.19686668619932451 0.15173139222653384 -0.028111970867017378 -0.012645818422586712 0.05776170173853266 -0.13741913524949323 -0.19609092376245688 -0.08653648111670428 -0.19581876206255805 0.06958932656128357 0.020393532263344248 -0.0776922216503936 0.13824548980692536 -0.15738920710246473 -0.1021298959564785 
-0.0829576659853627 -0.11632824495741673 -0.16606002587599633 0.1403340381708683 -0.16595765120509998 0.058962914364255346 -0.1527787585826536 -0.1977709501582767 0.032688759287941946 0.1736661319217328 0.16857444624409257 -0.07933811335569252 -0.19100085310534567 0.1302629924643352 0.1227702364026835 0.15456298897321447 0.04463584305004474 0.1095275804514111 0.1600983390725634 -0.018288565121825858 0.02136133559868712 0.0024230514467027627 0.09364138891209774 0.06793639294422416 
0.008034667744773814 0.13191875999321762 0.002283994241481298 0.1304489919623523 -0.08718255359637052 -0.1290838849182354 0.1897797175321356 0.09679517324939531 -0.09609486079759048 0.03224064040400757 0.18377779466235974 -0.16900333469931245 -0.16786419899248414 0.04737738486646604 -0.11039290996017528 0.10620746831649508 0.02702907157358399 0.06624779418914661 -0.15792509771281502 -0.1675574194215103 0.04977344706174624 -0.03584324748208945 -0.16634105886585457 -0.051301165097838164 
0.06864241690499086 -0.12457068070768368 0.15937447651661468 0.21928946292088167 0.181928308701307 0.09200078121128709 -0.04677244854351992 0.12971662878938015 -0.07250350463959371 -0.07404975541803012 0.042083516122180704 0.02107624315318307 0.190668658432754 -0.1287639855147862 0.09796347941283437 0.17351364585661255 -0.24829011172201795 -0.009459448439498844 0.06257264095286943 0.17600931437272474 -0.1528478679500369 0.13707451497298523 -0.05398493083588408 0.150554023388783 
-0.1907735496404499 -0.18035522273533552 0.19452467310941565 0.04352464263727092 -0.032692033473918525 -0.1429721713739775 0.05875176765851205 -0.18696648302075303 -0.08826326665735965 -0.0704026804443824 0.04270119462690563 0.07324343047375408 0.1461622372789057 0.17161602610845933 0.06394523575943035 0.03381351400985552 -0.040653264649545086 0.201789973249558 -0.13903058624166306 0.1744738083815553 -0.07542054487212047 0.03794435121745761 0.07522430411723206 -0.10553730223523469 
-0.13346450617641864 0.006459624619895832 0.1501256954100704 0.08929232356812244 -0.15336220796274025 0.1859766490346915 -0.008014391742478075 0.20318894884207003 0.030494165237099004 -0.16734490311835062 -0.11933664392100422 0.15244163414222703 0.09112625381592997 0.15586714066419513 -0.06812352260822221 0.011080306862184967 0.0615176035229692 0.02131077501072246 -0.10756666672154967 -0.029030391364305377 -0.10082165089096275 0.15519397121724338 0.22078668166811444 -0.17481752505923367 
0.12511274899826116 -0.10761704888506168 0.04989929179541388 -0.09676718879774628 0.060150660740223946 -0.05126782572658978 -0.11298190285634829 0.1510509633667474 0.16484405030617544 0.045143261868825196 -0.11446119192829697 0.22557614671253484 0.08028717929943428 0.12634556846359365 -0.11557620586313046 0.1316449712978612 -0.0997679977219708 0.05237659004396024 0.08418952435714991 0.0761576010624974 -0.017905919016668246 0.14524206070806286 0.14703518453230702 0.03470678948036861 
-0.16504805943005765 -0.09523730111934985 -0.15896878297776446 -0.1314318828936987 -0.15031485264162495 0.06947267386497408 -0.18596549937430112 -0.10347550155577855 0.23593505500383252 0.1503676940111143 0.041893957802577715 0.14362421774108727 -0.18430602730599174 0.12824476855506906 -0.07530656453748298 0.06410056779310132 0.06789065324188265 0.12072676143082738 -0.016414208961184156 0.25968870071481065 -0.09686293157169022 0.12706060489958795 0.12129182780599729 0.1961843153784029 
-0.1887462684736954 0.15558411835793975 0.025994880964103993 -0.002994305925322422 -0.09632686939295873 -0.0690545901406818 -0.1002748004943569 -0.11251297752151229 0.19235125267086492 0.0009463102488707852 -0.16800526106589808 0.06411415383735904 0.07509661992282719 0.05272075511836141 0.006086946525851702 -0.039749482785693846 0.16372771764974267 -0.19055531014408994 0.1745446817166455 0.24481122104676162 -0.062425783964941396 -0.11446237309597403 0.11284437159071486 -0.129296562407179 
0.09313387959326841 -0.1036389941265514 -0.0835658657983774 0.22572866325220953 0.16231587753683963 0.01272560338173875 0.1652847751618094 -0.058730002670712565 0.24156343595552765 -0.02629576832942368 -0.08194999300955796 -0.20479714347614716 0.23399503943763625 -0.03912687616399143 0.09382081018894911 0.06072319240925044 0.08532759934035324 -0.1811610086891231 0.16933086432233252 0.20632396928874658 0.02155288965624199 0.18844126761537672 -0.09648735410294461 0.04058531457665361 
-0.04114089467748449 0.12036904502098493 -0.07960321397083922 0.19797620830310977 -0.17349904675344133 -0.1849524993484161 -0.18186488115192512 -0.14050849793596318 0.01078435109531669 0.13929840911609853 -0.15670566906857078 0.00431200480356367 0.07363560484535897 -0.1211446551636361 -0.12106935450988658 -0.11197485491181924 -0.18415408055562973 0.08516787121694706 0.06128770358653487 -0.0222860415566261 0.036895754626288156 -0.1570408014450437 0.2541927021955101 0.13972619110473 
0.06337401120735187 -0.048076112345176523 -0.033116887727560905 -0.001281523030453731 0.1755781688495875 0.14597270177453775 -0.026326815217098586 0.020002436405958172 0.17795672795665088 0.1874739696224007 0.05540804114546299 0.10024047878907875 -0.06479528583597555 0.1500535951870493 0.1352932808154317 0.020626813388189186 0.1584458883850201 0.12452705003352448 0.12375683215048049 -0.14857400343980326 -0.01096776609663939 0.1785137073396505 0.12991456771189874 -0.03146398286624897 
0.19307283880834927 -0.09974411697206044 -0.06632885496359064 0.1833417763387053 0.12388044909582789 0.16126121392661272 -0.19740447514851328 -0.047817862678811114 -0.10592136857469937 -0.08149708332181968 0.095199878938737 0.08957737793307496 -0.015124960897090462 -0.05362064327584766 0.033618639875474074 0.013342687078052194 0.02004017820286146 0.04591401085372791 -0.04146629180584769 0.10885659991404907 -0.09957005076596173 0.062058817529509064 0.1858868960472014 -0.20071148359684846 
0.06368519339451803 -0.15082146802531113 0.017342480094989413 0.05049216726468842 -0.10291298706708882 0.15543557589727056 0.07464798568245726 -0.10747271186197942 0.14393662331166213 -0.1588687364414356 0.021886545939628348 -0.19986146169558539 0.06497381636704946 -0.13934206417072778 0.05953228625734008 0.08624272528497363 -0.01264968480697026 0.045524942153575304 0.12574261237113393 0.15608370422291348 0.03060905919966081 -0.03047352390360173 -0.021418381602297025 0.1428129180208274 
0.06488107663079405 -0.13651941521449598 0.02606568496031108 0.20527351266722965 -0.14041266918250458 0.12725972344605094 0.169074853128829 -0.0012638888767666154 -0.1867163579862542 -0.14171280277582202 0.212208616901747 -0.22664041139167573 -0.05072652248012398 0.025432272416032065 -0.12157791382862151 0.1872180543094702 -0.1976903896334877 0.015711706892540908 0.04692784342860715 -0.10775842299744315 -0.04103787481624382 -0.0035540668251226697 0.1468307963017306 0.05344240027115243 
-0.012843884087492468 0.06655103593655262 -0.018468284836665835 0.010172883648266328 0.0631861919277874 -0.12798478193109913 0.11548318025433219 0.04087243092799049 0.1940814578943312 -0.11124897161199215 -0.013352907776088946 0.1593387572251894 0.04030041303140641 0.09033444679548983 -0.034271963299678486 0.07353718508868035 0.1799976840578506 -0.12026188201257199 0.12333146405517839 0.1896430250829146 -0.19617870089985692 -0.11416007056738224 -0.1540147453203754 0.10711524551092219 
-0.1688137535863544 0.22254174666818252 -0.04387887470507472 0.23638527430871434 -0.12498138193093193 -0.023438227428473252 0.15950631019529324 0.05093184856971875 0.04165510435445412 0.005001143043604774 0.0293119435573432 -0.03410681533932658 -0.12452240928190948 -0.20933088309582137 -0.14019328117994406 -0.18059449772093178 0.021628970388742726 0.10518823271318152 -0.05608801286684844 -0.1712340232190711 -0.036589231702979993 0.03543535335216315 -0.02675271243537183 0.12469620399256698 
0.17882960001283732 0.181216003972331 0.08147068947271557 -0.011754021143170212 0.07288844896272201 -0.19665201873537863 0.23141230613941163 -0.131696624353447 0.19842434082639915 0.11801716028093596 0.11809962399946225 -0.12080144020907765 -0.1125592804718148 -0.06686056109746326 0.1404375854732583 -0.019659077845335347 0.22303597461084088 -0.05867111927294555 0.04748035726442961 0.16388946324066808 0.04549543914719659 -0.18346549616251343 0.005023078711336894 -0.06587023100651021 
-0.00036892528858182845 -0.08091609042234205 -0.1520184981203505 0.0670922723515301 0.07234979568594911 0.13091227224048343 -0.14788438164807602 0.14703807986609124 0.15918295623604145 0.03596467223246343 -0.11833757181453536 -0.11954312577203806 -0.020955614193854402 -0.0041157965712513385 -0.008925138760518477 -0.01287963649385058 0.11946219491589861 0.14679323166376904 0.12715032614770805 0.1956108306376852 0.013066276999819925 0.19147123468201704 0.060016672039366815 0.025086768235127163 
-0.07208518237799998 0.14972018259485204 -0.18081011618609566 -0.14700038108063657 -0.14875805692793267 -0.0018584869006147797 -0.13037116761186662 -0.06330071580145384 -0.1304025585399879 -0.10664589469876909 0.2750765725334372 -0.06425974831136741 -0.14025584563614701 -0.051950528518959045 0.2674370491554354 0.09357734917626859 -0.12152626713668281 -0.08636606180004595 0.10480770959860428 -0.10391061934004456 -0.09834407375767897 -0.1676379990907191 0.22952014631180298 -0.020644776911968213 
0.024495640514755355 0.13789173609789782 0.11891080681959117 -0.020800073397144375 -0.12679165466518708 0.11175938457130635 -0.18942272859984877 0.2322798309793565 0.06478661425775002 0.13782833239813316 0.043150283060036994 -0.14382480792421817 -0.05299159463324305 -0.0197163528806449 0.24078031421625837 -0.1266419106934196 -0.016586899463770375 -0.06223996684282648 0.10804842771028336 0.16880997276158993 -0.05672181447924424 -0.1186624266684886 -0.1746048162448582 -0.1208868511307888 
-0.09099720244639221 0.0024907246331736317 0.20355579812107436 -0.14957953499606122 0.21271020674527225 0.04758708372747829 0.12802097507824758 0.2346025460473461 -0.017140066287536365 0.012500308512517733 0.06574209617747218 -0.014568070811319278 -0.08021595310065766 -0.15891881293628288 -0.08593630691212152 0.09770137389288408 0.02191944119426093 0.10354197997770023 0.0067704474516186875 -0.10730839319030301 0.036936068539073864 -0.07824365406222986 -0.20189169614249708 0.1571405514251786 
-0.03160093700598987 -0.03003571195422093 0.12774796845652323 0.2025770477670614 -0.17237992309507763 -0.1357552672238388 -0.07085396253643553 -0.10632024313904292 0.004814735785218835 0.13028656852859294 0.14231450111938895 0.03787991120160632 -0.11428950404299655 -0.15728728574943562 0.09738220232979924 -0.10523564144955998 0.012361419865873916 0.08998919383856768 -0.1088697436794716 -0.13070966400004272 -0.18583232733949634 -0.14004316100121847 0.16084103624421253 -0.15922513790449566 
-0.11073706993123737 -0.18869969124780087 0.07033663684890361 -0.10746928619820015 -0.034303250491155526 -0.14505934416235253 -0.04883732666570992 0.0021890190130324423 0.0330470489522196 -0.030615730747672612 -0.1599940628329309 0.07596766976833104 -0.14591457859428433 -0.07532052251186844 -0.09117691177723095 -0.07945178773119517 0.02833379780891856 0.0070341693727495125 -0.12436747589651612 0.01202121322131413 -0.06394579959949888 0.04582144768002925 -0.10974324574928067 0.10170269030980841 
0.010378169639117515 -0.07672832452615509 -0.09856525234574764 -0.12596654756511058 -0.011151466632118481 0.2109234883928456 -0.1599682527569495 -0.08652959042337889 0.059324510425860316 0.14625328659284623 -0.08842897144676971 -0.008958456668936325 -0.0659227132757222 0.08291699823234984 0.08766056258885727 0.14367236262618074 0.1583936485371693 -0.04760646395569028 0.17165680626520674 0.10559322989306112 -0.07688336924132509 -0.05294559498424276 0.0956198927124248 -0.15045882216670203 
0.053113846932193974 -0.08324066502871125 0.13140247824273837 -0.053921620708958194 0.09332801935934278 -0.12967219535492264 -0.007337972530418237 0.11505841032875072 -0.0667640995887509 -0.1359754056926705 0.059337824505572956 0.13290710645717832 -0.08784978277368559 -0.00144347183657017 0.15538408240058638 0.18733087722403433 0.1171313049882734 0.036095364508618166 0.1274059842961417 0.16408088279137006 -0.20114260841041723 -0.040835235901677314 0.016051018568291203 0.09355321684463092 
-0.16625085371038456 -0.006479236617645557 -0.08808054742529678 -0.030349476010389558 -0.0007986613214132547 0.0325867799054109 0.03588066599166118 0.04375716194713532 0.07386119272783467 -0.02842860353085076 -0.20012626144209997 -0.17183886589606906 -0.07957950997084604 -0.14192671795690007 0.03919429183590006 0.0032932049039597075 -0.01465962142114429 -0.07146096417427943 0.0610539968504822 -0.12428759014043164 -0.19975388911057088 0.06329299475532546 0.01404104171660803 0.06607438691480695 
-0.11166878813759379 -0.24148665046282672 -0.048480566301463246 0.10620938967129288 -0.159968774723966 -0.10314209015195419 -0.047942527784178984 0.03175381094263522 0.0929311618436208 -0.12859415154833487 0.0522723197893086 -0.018885961660513772 0.05564626993399128 -0.1310941442151027 0.04831005831361785 -0.14260556448427059 -0.2194227941193868 0.010683133361934228 -0.12677122178375375 0.08211982419446681 0.03434543066910611 0.14909093776258114 -0.0710083136587667 0.22949877060379345 
-0.011830483665956208 -0.06504051084439749 0.0998314009136027 0.04734766231486398 -0.05474655047238004 -0.0066014656501434035 -0.11815058059367084 -0.08688111423413507 -0.2575123859422415 -0.01792789710192995 -0.06669437809123431 0.026317385607629088 -0.19013211214438122 0.023466672059478264 -0.08268170303972223 0.0724403784840799 0.08002155652118331 -0.03327799866664732 0.06502962873282556 -0.06206969264187646 0.23015125248145807 -0.09623401590229877 0.19355680319184598 -0.14688964916990374 
-0.0009623580956274387 0.07076176931770863 0.08215468575918512 0.06689281403652202 -0.028805869357996512 0.20185568288238656 0.08676226728519268 -0.04872039791712089 -0.08517625047933916 -0.17503703340531515 -0.06491026790609741 0.07907372826569899 0.08344109348283975 -0.10257479666022741 0.06163967864287525 0.11398458132658315 0.10910007093148315 -0.1899221374469495 -0.14202085090407635 -0.14825423531509574 -0.1388832841379006 0.12885394878980963 0.10841280881244146 0.059319547558632044 
0.017094958754820377 0.06657585055318524 -0.0789787588479419 -0.05303658651841387 0.02973187526218449 0.14140086237706734 -0.11968868414134612 -0.0960257960286929 0.08660875207245425 -0.06339172089876968 -0.1825979543576276 -0.13179541159329664 -0.1228313065551623 0.017952088720085725 0.04666399763642989 0.19098153391165099 0.20366458020757544 -0.07697228827239268 0.10142557100750198 -0.10261413908668855 -0.052297420593311786 -0.08279114757383432 -0.04344928227586817 -0.11436055390766427 
-0.001029414952803539 -0.19577202468839233 0.22373729423953573 -0.04199377725931461 0.1343378436968738 0.14766326795180937 -0.11332519113303292 0.030192217512646023 -0.001407958925652095 -0.0810266698744961 -0.0014159156983307006 0.14223398283580174 -0.12400886675339813 -0.14335848588461184 -0.11822787421590421 0.18160599562816188 0.1872128012814075 0.018833040827451325 -0.1477104272245122 0.04340144000532974 0.0897775266472957 0.17740931536264495 0.10129870949293993 0.25061461905775706 
0.12494566405955934 0.07396047973707566 0.07607640986096802 0.071656076549502 0.1093546619026296 0.24864023362251989 0.13807913101926322 -0.11266845687742526 -0.26050919654923604 0.2374407463425384 0.022659031141605217 0.09446637072443761 0.05791102691012715 -0.15802819827095183 0.14249453607863768 -0.13330374784287932 0.15719985732962644 0.052372925599366585 0.047363326434297755 -0.019606150353935405 -0.010553435543458133 0.06672823843843523 0.10325907466641751 0.0921316625590509 
0.050333872123280374 0.047709824053299134 0.1907122255083001 0.09703100098839976 -0.0577792176955004 0.024370310630126246 0.016877549086346144 0.06149676583703123 -0.037044807376836845 -0.23157870208094092 -0.07113645329178069 -0.11207328369444741 0.14235014999887455 -0.14596239721604543 0.0502690385607931 0.0008801802645829972 -0.1052688451845209 -0.2351450755601014 0.0979662146117482 -0.07569053292914693 -0.09371048782756712 -0.13536724760424243 0.1442921878082248 -0.16856958119708584 
0.019766173888194856 -0.1958277344294341 0.19519454541395412 0.06358880403237198 -0.05342013077658029 -0.14202062613522048 0.07061837609600666 0.20156827477318745 -0.059148306161613914 0.10673770603362451 -0.08490067653433744 0.18175924170530583 0.1124871320289541 0.03537691268633532 0.16575237742681312 -0.12444566049484912 0.1571305632305858 0.07103116464820908 0.1087122507853829 0.0555684345331425 0.1320620180709095 0.06709421556975334 -0.14207742536271095 0.02994186739624349 
-0.1901639274340383 -0.0498373741156851 -0.2752133238477192 -0.16125154390306617 -0.33344513504623957 0.3378102927758948 0.05664499926291494 -0.06900493129782485 -0.32956364458170023 -0.07753976407026682 -0.03208944853995839 0.33776107844512954 -0.19180251027413847 0.07842520135527804 0.11282557552385805 -0.21669524503611184 0.00483827989005322 0.20902991603764792 
-0.2780762879292161 0.07209223925300891 -0.3846011286389217 -0.34727207193054555 -0.30608664554247605 -0.012546463285882041 0.32798615635064954 -0.06828813726212418 -0.3208656499405874 0.2630368192827064 0.013018216840361006 -0.14507060676907765 0.34495935522869403 0.34257559946405663 -0.16480976429010846 -0.20585251203604046 0.05942714102351424 0.2691012567025506 
-0.13027508827955164 0.05866474766566358 -0.24783686077966138 -0.2106273383802221 0.1797300972495089 -0.24195449476803466 -0.1888936567978592 0.1528304574551853 -0.3377141641932167 -0.3552082157555349 -0.1456423966484978 -0.13123968108677747 -0.0912086005445856 0.22298538755740097 -0.32283330319570624 -0.09655349629482037 0.09426047739068702 -0.26298949882365324 
0.22967792395269604 0.09928423845207031 -0.29479635265350435 -0.20784760547392167 0.1686614462453377 -0.06562063532507864 -0.045933749105758016 0.27209044587728815 -0.2508869812878531 0.3967800116310426 -0.31810201667538673 -0.2731401453060856 -0.17504328434121427 0.18504317547657825 -0.029838576326275502 0.10458956254092625 -0.23271896121826857 -0.29218050843375326 
-0.009433742319430557 0.16502793605198196 -0.042561526200657056 0.2558728126286125 0.10953683929996062 -0.17244157223410764 -0.2160548768689897 -0.06968266273230239 0.16854076759935036 0.3451272676504786 0.2720412750735744 -0.16264413511209544 -0.018021241913817095 0.050888306135269366 0.03167715304019001 -0.07531010936710766 -0.27636555367241566 0.12304434614344967 
-0.3741952897459109 0.2533739884244765 0.26841077121826945 0.17517131811544312 -0.009152919431699342 0.13637754476728314 -0.13662100014804007 0.25788598040647176 0.18958761049851797 -0.2082004297109889 -0.12460628564151464 -0.07039772060898744 -0.030006676344447727 -0.0036191238949732337 -0.3187723883915717 0.10923118263765756 -0.21593657375649977 -0.1180565925604706 
-0.051947563084063404 -0.10322389344179075 -0.1343196264847551 -0.22208986183065565 -0.29997654959999787 0.03468227584213238 0.11103787085909136 -0.20810429602953356 -0.2100857674953688 -0.1619609091426228 0.23258325441795885 -0.27823290914017 0.06243195022222875 0.05570406962301179 -0.10688876335823223 -0.1019189761817433 0.3366104171170688 0.040790164197226475 
0.15531427306085746 -0.00624061275464067 0.07937088797082235 0.07840667194358097 -0.24542977388931148 -0.11293009314706551 -0.01755106838751156 -0.3036671192127775 -0.09332923124256245 -0.2407052317334598 0.2522150352924745 -0.15237734750997203 -0.2573384999690645 -0.03627479599753915 0.12521740861048006 -0.30175776559896966 -0.22936699302648397 0.18203201395231333 
0.18412342180715774 0.0801374291809192 0.24317576190117512 -0.22536528864099004 0.13943546656532657 0.289607355476732 -0.24090888994261303 -0.15501743278889793 0.017256508651766908 -0.13255779219949199 0.13847204774590388 -0.3471538693302281 -0.22399302638149074 0.1848953095810503 0.3275318572713189 0.29832949506895695 0.2915740300072135 -0.2672881557677179 
-0.26593520840925533 -0.2970408215123581 0.015811184515988633 0.3033502900526418 0.021472647578762216 0.19400112287707913 -0.2774707606615949 0.2247829155173811 -0.2156660013525877 -0.29656055263815584 -0.0532520419462454 0.08578630909272505 0.38034636902865904 -0.3484268589655466 -0.15511710130743703 -0.27375484897693186 -0.08173495936043651 -0.20104577617768432 
0.05638079706948156 -0.10354843719169747 0.30834924739581077 0.21529010795261994 0.24979586334806872 -0.256498203485727 0.07817078504015866 -0.155662406577721 0.24990770761278483 -0.38135728428532056 -0.2733036871571127 -0.12734111388073155 -0.08268035261650908 -0.13744999555693074 -0.2801613935083662 -0.26411322808275733 -0.13261418894191176 0.37218383263957755 
-0.24121154298068037 0.16990596678045314 -0.1932082467760279 -0.3234453848833482 -0.33702783692108407 -0.2401152247649832 -0.07111317190941416 0.21998528750323018 0.14779668212355745 -0.0961473601002595 -0.013762639389175043 0.24862385205040957 0.30824029919000806 -0.14974556981149045 -0.34543242535504315 -0.31504245202198183 0.16720143953646432 -0.18863267787248955 
-0.0286255407044 -0.21242796018070395 0.1865965016251694 0.01794652773136414 0.01833623068608995 -0.14525722643279695 0.019258446617030526 -0.37582242392122334 -0.15276445565706392 -0.13085471642418103 -0.14813014505749503 -0.32349685569421327 -0.023484112812735717 0.23442901031491173 0.3075981977830985 -0.0018253307547452275 0.06367624465802504 -0.15009908461120247 
-0.28965566744705296 -0.2548229471698711 0.1252473374121994 0.19796813545683786 -0.22134536732588003 -0.0586717217809971 0.05953251689008445 -0.29339988041260845 0.19656271294726166 0.10937697216048271 0.08344684924537 0.18663336356965224 0.4240077488713772 0.04963703648528903 0.2522005474086278 -0.05515266171983453 0.10664567144109317 0.29300551037364475 
0.15682203641003495 -0.13483068143066337 0.07599386433907666 -0.10143508535879577 -0.12145391706989418 0.0749532030029535 -0.21361264963124904 -0.005423949885518916 0.30975598465925364 -0.1180281079895407 -0.21458486368723886 -0.07282249646370319 0.21795910492253606 0.28795940502750744 0.22638015119252572 -0.3402903635351319 -0.15991149222020926 0.4097101955666283 
-0.3203978381594253 -0.006679521443605354 0.19620101803914433 -0.2551320907119454 0.11091754592308903 -0.008035179527826923 -0.2838699182642223 0.29362864302653147 -0.24807746596534405 0.1448413207864015 0.17466329372560627 0.08646459788173814 0.1269789756192468 -0.3068235218934358 -0.13138993164825657 0.05902909235121198 -0.07734686073111148 0.08098072662525053 
0.23332661669861357 -0.21369951531254086 0.2921214395789929 -0.06794138085284217 0.30797195360716717 0.07988185523219686 0.16472247052847636 0.03388415350481066 0.005919064275486697 -0.07356730951832581 -0.2565944849301743 -0.031029333671244008 -0.15632203334343855 -0.41397132100821915 -0.15444211081476208 -0.22048276141372491 0.27803217025047644 -0.3768417127629026 
-0.2616948360183348 0.13977112698010077 0.2961636894529147 -0.1642645380453433 -0.3332873458612509 0.3203320349410923 0.08172150085197337 -0.13053255116045864 -0.03578974787489136 0.13720918734347679 -0.08589695347450482 0.34341273588630267 0.2229481689191364 0.2786002794468341 -0.10160955011565834 0.3037439276952261 -0.01410101190389292 0.03467274790916658 
0.15549487560444714 0.21339028821998093 -0.07051858903667317 -0.03522438209855133 0.21897248220852733 0.14917987997052068 0.30088022810826615 0.33392789978131265 -0.22165262747086853 -0.18057813655022248 0.14808652885305715 0.18115572415030048 0.068299991876048 0.25534842839524746 -0.17041531245156574 -0.10960642497721222 -0.0036063098200691014 -0.1370423157758402 
0.04818123394043193 0.12481120831198318 -0.20622531394381755 -0.001327170619653676 0.3434684278507743 -0.12021080961134509 -0.4443105208608907 0.20626296653745144 0.0022272585572592906 -0.3434153658506737 0.28432737107289036 -0.07443162780936352 0.2826812343591859 -0.07392527550910628 -0.2937988302133027 -0.17508955788557823 -0.11501023342038832 0.19432595238587969 
-0.2676471013607552 -0.046780919547876464 0.25848097787027974 0.039778240301472007 -0.27513744605299245 -0.33099239988109913 0.11776655333744998 0.3976395563598272 0.1879810410454772 0.20064152447320763 0.11993988307715817 0.2540506796635495 -0.2888150348529215 -0.17053516557236884 0.13377401021874605 0.25401751392152605 0.13221824050613143 -0.2644594015510874 
0.34486667493877915 0.279765777787529 -0.3251871603424225 -0.22031793266050745 -0.1542287735620071 0.1637147471181807 0.2248362969047802 0.065006276282524 -0.22005318638986657 -0.06590757132564373 -0.26947237020203785 0.33593450671243236 0.21179853528454573 0.021700420889510116 -0.03139899440538553 -0.278900786745451 -0.1240117203841686 -0.3066277190964052 
0.22359662580160286 0.03035225682876137 -0.2774471087754283 -0.1955312006200638 -0.164545109021352 -0.13080993620974357 -0.13471703025528006 -0.1699525553380839 0.11345363398805476 -0.3519760700644543 -0.11747640362435283 0.1815410606266459 0.34350347591644054 0.2439942005881196 -0.17821834139953713 -0.18375298333023743 -0.23957211061148193 0.29643830349259104 
-0.24142434696538265 0.17752381088509528 -0.19560351603945467 -0.3341563388911424 0.16025181709889694 0.15520065179737105 -0.3888199192902008 -0.16784089394250254 0.31169750213511555 -0.23017428257244704 -0.2943973324018416 0.10146651966848393 0.3300009238646852 -0.28688483336919157 0.008772755686162027 0.12586573921556982 -0.22663855205106928 -0.3970083038569633 
0.34460069255714193 0.0790496964727721 -0.31619276886845155 -0.30900907581721293 0.08965684787251563 -0.2403666490690082 -0.187751952512951 -0.29283657188099016 -0.23292945295005033 -0.009835107524932142 0.007747347906494736 0.009087622289482915 0.45937225321541914 
-0.2994591694995568 0.2055487003484238 0.2363297310501816 0.06713310322455371 -0.02932575425815301 0.3185065552270703 0.2646254288952535 -0.36521963719219197 0.37626611445092156 -0.40099834452358324 0.057772227238680016 0.05721411113137032 0.2697313775375962 
-0.1064968201192244 -0.34417730384194445 0.03125623782606914 -0.40370846356104007 -0.13171064716167002 0.44088191349572775 0.36171378626181677 -0.290917696662195 0.2861066494898531 0.19498947519152102 0.34734973449106127 -0.22145790979484398 -0.053319637678049016 
0.2755696634231454 0.13334000200950766 0.07435907984229646 0.11764302287153386 -0.2104980358071754 -0.4291888280051978 0.1885071272291082 -0.16887663900852898 -0.10004468497796008 0.11384650405747106 0.125128809355908 -0.23907447385893832 0.29858109433595736 
-0.09505885510582007 0.10465592992959806 0.379120128412062 0.05113584293967784 -0.11217242712921524 0.09439840630732775 0.0014056091535963504 -0.03752238356466779 0.18604414913200096 0.3442800599729675 -0.016284131782786405 -0.33370851126175294 0.0550048766135075 
-0.2046328373175719 -0.374133618349542 0.23172231486680495 -0.18193877547321585 0.22264945128306665 -0.009253564286635924 -0.14525564751167708 -0.1484229530000448 -0.37209706560236977 0.027064914540339303 0.2608151591234856 -0.337304228605658 -0.3168625569744954 
0.07445283975079331 0.1205377559980226 0.12977693398802273 -0.18121290280084346 -0.39091040041157327 -0.09208837934400697 -0.22335975751535886 -0.4630890278681827 0.1642579933568431 0.43067926568463705 -0.08628582675281926 -0.15955447381070614 0.06342820662209234 
0.26753983791163044 0.23732905041573454 0.12031682203119837 -0.018127969247055033 0.13000246421674516 -0.20815388499298154 -0.11878711447104279 0.28521524470893017 0.3482859025576262 -0.35253906634729504 -0.16299289734457006 -0.4019407576806098 -0.13109112906156234 
-0.22785972212771616 0.10649280547477924 0.16758497719776339 -0.3033623557125956 -0.3534685547293805 0.35253865973512305 -0.08781804024806203 0.03635500012033576 0.37648075523433233 0.2003670205272192 -0.13910123724564746 -0.33568327580501595 0.015795041528236214 
-0.1534256742151097 -0.42576468377335575 0.19633634745306022 -0.06516868246944796 0.027056310832885712 0.2610354309147826 0.44019435844507165 0.13842122609497856 -0.14242361094769435 -0.34972224688096265 -0.34558432289325325 -0.14383481006684745 0.1043804550029224 
0.15586294084565724 -0.24411957758709427 -0.33821638713446867 -0.13603398050728766 0.014711905801474412 0.2408618280666264 0.041304951024783945 -0.15162787505297007 0.09857909794996744 -0.21558318287800354 0.12152144078108335 0.2759275685336077 0.08950142862473 
0.06291078740469462 -0.18049744744198812 0.2857151628768893 0.4787228017238919 0.19660813046249406 0.11337647231381559 -0.24562728099836614 -0.10652710616547457 -0.11629729575900412 -0.19442994345836845 -0.042612147618054805 0.08771492045923251 -0.3043376096348138 
-0.21445441462537035 -0.3408240525048339 -0.2002122237285158 0.023695636180728938 -0.03543821536905778 0.46192820135963153 0.47077591893028553 -0.01775838919815901 0.43403513460038895 -0.2508391277372672 0.03237637185269873 -0.03668383387612946 0.38428163611693283 
0.30250347710437936 -0.23922284788357628 -0.047700644711361616 -0.3112635034486801 0.04497353666458921 0.23854471795938192 -0.3955283254633143 -0.29538261939400356 0.4615062563021156 0.42799322053500716 0.0446301137232492 0.11620026387797859 -0.1807612970858469 
0.3672010493205308 0.13531289201491134 0.13291513599338695 -0.3978591266289371 0.28506015195320045 0.2236781214410453 0.14757188037810318 0.1929839586860862 -0.2771886793442613 0.1750545525730967 -0.3265881885371509 0.16544002315806203 -0.4049266393329714 
0.22194117920782414 -0.006623341139932192 -0.23785316928918424 0.18358002413762814 -0.1471035792845938 0.3105521256090112 -0.2577005770499719 0.3559424560129106 0.38273372284393137 -0.15615715256094287 0.29291713104241207 0.2761593280246443 -0.05956716172953341 
-0.10374841354307908 -0.1753495599738909 0.4014794399884183 -0.24229366979004968 0.38176364328322177 -0.09130057826403215 0.353146526789586 0.2581170786000989 -0.2831598836054555 0.09362345555698226 0.13832742900579903 -0.07455354642052339 -0.40344714194873804 
-0.1585874367376941 0.2797013507855891 -0.3548001051285911 -0.34336461917733124 0.1732169020642966 0.01615669412662116 0.021088825800127813 -0.0978030041299069 0.12390831213118671 0.32348326376225983 -0.17855563180991466 0.2782885163374194 -0.07701262544032371 
0.2932081705857346 
-0.020028625809783172 
0.44943694724031674 
0.6742476083075818 
-0.017415961621336094 
0.37865293358504293 
0.06849124851732083 
0.29328620097203845 
-0.36829283611532254 
-0.5428145024589692 
0.5858164612945143 
0.38104861385912897 
-0.2673536485728098 
