98 24 18 13 1
-0.03454370057031197 0.06932496656970355 -0.19435020151833587 -0.12862638908867555 -0.15421355760469868 -0.2074467448501823 -0.11381242995016835 -0.015111020259786577 -0.0654506842819402 -0.02341796910881955 -0.03153684052341653 0.09367379211417387 -0.2031301693447387 0.16241548366190864 -0.20997432783242026 0.09052072857936011 -0.06732932375869438 0.031481506895699556 -0.14247499172272882 -0.19119099855474433 0.1367883949061958 0.2519885431489659 -0.07389132502629567 0.17917960492107898 
0.20711852430381472 0.11341104604875968 -0.17841388342491143 -0.23187594480767718 -0.1166868708826197 0.1990744484085992 -0.2516460938118674 -0.10871321459715708 0.13982947159546877 0.036339132368066185 0.09494425443246726 -0.008122815190478715 0.07193825887107742 0.22058547443939489 -0.23211558756362052 0.16067191562779742 0.27109824377159025 0.13283829400569475 -0.09705003366812635 0.14032522298688516 -0.10893172488494851 0.02440613613515515 0.1228926762121919 -0.018362305778092055 
-0.10363080861708011 -0.18552165058517373 -0.24212942118135455 0.0929494730499481 -0.13917510763120702 -0.11935710350880396 -0.09041910547392237 -0.2583069654491746 0.04553228922631457 -0.12230559860103618 0.07404894977037829 0.0920778860676511 -0.21407449298670725 -0.037441101749326876 0.04479653949588449 -0.018967416216388606 -0.22631021256357334 0.036530596236814296 0.05524484108482599 0.03131964144072862 0.21297520024009114 0.002038666249143318 0.1969217312291862 -0.1101054839841011 
-0.08914887598028651 0.028010539501725194 -0.04664027594780779 -0.22872527393910055 0.1291578384954157 0.02103289888240973 0.04647560946989826 0.05091129024271359 0.072433866103931 0.11401631132120842 0.06667776249525388 0.04436257871381051 -0.21303626820074448 0.2644708167376347 -0.07127750865296577 0.31651249144336013 0.13030115045861929 0.13017886410702495 -0.16499391874086813 0.15752808632163232 0.0784660474331448 0.11058694055930117 -0.10116793326340531 -0.03760087772868024 
0.18149248091957737 0.03354307701120397 -0.25556050877704006 0.07308474403454475 -0.11833101802183754 0.02296436427486945 0.16973612765273685 -0.05333586003112011 0.19702098586412117 0.07453721775703645 -0.22710061660572486 0.1781829582769925 0.11473398841409115 0.20477481375880108 -0.11087079550007993 -0.16216209128747058 0.19697121346552263 0.09243980473297204 -0.18476081034819067 0.13389684296360835 0.12996948087711951 0.24792099315640012 0.08237656067049477 -0.09444510194183947 
-0.12035347213760539 -0.32264400927402287 -0.19618193098134695 -0.18854011168219775 0.10450591098309506 0.1281816603456472 -0.06270966758706155 0.0778519436464913 -0.287961897779846 -0.020864967706478492 -0.05804242041333661 0.3351752949332451 -0.09160020119802723 -0.09754742118606519 0.09531299739530105 0.011412599116601637 0.20846991763982453 0.05529142703112685 0.13672328227348202 0.1274579740155549 0.13717570543829077 -0.06116944260602297 -0.29282641946398574 -0.13230632785942412 
-0.1412269931901495 -0.23775542001940145 -0.09851088786431235 0.027143881419956814 0.02325465507035065 -0.11460368597067042 -0.22743748495643915 0.2471724926913929 -0.003624260484459357 -0.19315145124538602 -0.1684605984867837 0.1540480898531582 -0.13829181959819084 0.07187080779209948 0.20711804456802096 0.1915312026518456 -0.10305566414106715 0.025101897298149697 0.04694890795220533 0.12986410728432315 -0.0933559331403602 -0.12184351336074943 -0.2886274681697829 0.044122011685870335 
0.12134416059217422 -0.06084365052667711 -0.07172895468901512 0.19694760740728884 0.0485828414391901 -0.036559128146302224 -0.08090186345381413 0.05209794812444301 -0.028183767053718518 -0.0802455739115596 -0.1723779673967884 0.014743661972821941 -0.04650078294716096 -0.14150606648539837 0.09962822916958433 -0.1435389468944598 -0.01450387549689961 0.1548815006810713 -0.12115740399319715 0.044488170567138115 0.08428836833260178 0.29678182877596115 -0.14413644069407053 -0.14230437437541388 
0.07768302464544208 0.06954200027852042 0.24032074314898527 0.1570086805950798 -0.19362549387586972 -0.10356319068874666 0.003049341427546125 0.1512692837430315 0.17873424439571817 0.022091223850175753 0.13324494242673462 0.11212005065892497 -0.03254530206440693 0.024459497589619236 0.04078908618869373 0.07072140100232198 0.19016879685072124 0.19313767169195828 -0.04110927835789645 0.18237432212151497 -0.13142939435289136 -0.15559701644070892 -0.15552508925740696 0.03908339833432294 
-0.19054903572175322 0.22010220008964781 0.12940482791434388 -0.19319179021458915 -0.1280747743051981 -0.0659030314844212 -0.14625772146136443 0.11111467844926515 -0.04598423046823404 0.17290209556292713 0.01823811103321469 0.14590379984599705 0.17553467416410284 0.15380076227361322 -0.015628468492867382 -0.002322544058450462 0.10896196887330857 -0.08429711084647873 -0.003789518421976142 0.0703706910502772 -0.1929828354324904 0.01976314300021975 -0.0064535031171453735 0.11369819146189605 
-0.08977790398847531 0.16251073851957126 0.030397958144279192 -0.13219032790151541 0.07572434886837662 -0.01407340184550417 -0.2561917917612493 0.023619918738984887 0.11616912484808052 0.18654184192455897 -0.1679930078906726 0.16505145082763795 -0.10403478608964908 0.1515070562195445 0.03190929585306617 0.09488854949407098 0.0013059985483629634 0.1440062421408794 -0.09221149127781782 0.0883698737189178 0.09028718177219203 0.19058040354557357 0.16395972873960013 0.1603947347140801 
0.11696915057219315 -0.06863988475459434 0.037727487613880804 -0.026187396810202046 -0.03323001323075479 -0.08188795533287789 0.010671502605720463 -0.03058499837310801 0.08931161441610229 -0.1026712610964264 0.2620810000402219 0.04569305902971203 -0.12161256340613903 -0.06761764101658134 -0.06712001494511265 0.10728070062646176 0.07823522480004237 0.1481886494890579 0.06383777900807636 -0.07044696219647285 -0.13760714746488945 0.11949876999329975 0.05844877401442193 0.2003690254226418 
0.10228958668234646 0.08363050080893539 -0.04069616397952199 0.08652110606706245 0.07119152196584741 -0.07986815135560385 -0.09174999617978441 -0.22221964198801453 -0.11409394135995592 -0.14743186742304956 0.20805945312138224 -0.11686582208603302 0.1357682174914866 0.19108538520860038 0.06764134626922964 0.056989701729109 -0.11427237393985139 0.03828928666959322 -0.06071545215250572 -0.1712801052294517 0.11804362241183586 -0.013057474506075225 0.17692011858445822 0.26369030397411947 
-0.06317729011654404 -0.25211446169822127 -0.12134650089785724 -0.022195822602688237 0.08018234066321415 -0.2159035106920445 -0.15505594770416634 0.2003099884844302 -0.08513047927464515 -0.004793995872072814 -0.10505146630340433 -0.17447823576725982 0.030154027675888727 -0.012872652667137413 -0.13753031163536372 0.06755276606368746 0.004274029724356166 0.09419292126323178 -0.1408005993822095 0.05554565025678862 -0.04232122404886179 0.09952316433382376 0.0809327641546572 -0.12596898383838834 
-0.0793423262021852 0.13251989026809907 0.19613000935250707 -0.020092774183789377 0.15538136659920976 0.17288016509979562 0.06910639359487973 0.14570022250085807 -0.18402235034348832 0.152953142031431 0.03372632292312404 0.06379719502917268 0.08836211724274999 -0.20428847136399078 0.10098907361440454 0.12066132370080412 -0.07785781745105322 -0.09376521967902443 0.05181766101260422 -0.16644855439303138 0.1372087125690592 -0.0440182493520001 0.10834193831016123 0.21909948324112521 
-0.15036768046296406 -0.10978712388321778 0.15021774873712798 -0.02684738144949439 0.219470038481843 -0.02080435630032377 0.3014858250918301 -0.057105181434207744 0.010974122298430193 -0.09051236145559484 0.0003316208387515785 -0.2653646445833668 -0.23601848098376307 0.08004905121810521 -0.1869457735793037 -0.09458265366289606 0.0907845808886647 0.051837385683723786 0.07502366698146581 -0.17020604845072548 0.028384690676649272 0.08034523527985218 0.27821701620125927 -0.07963139317244027 
-0.12257062564577899 -0.11527149623780314 0.09859724475877414 -0.016763058504932156 -0.17618736420202227 -0.053237467675428495 -0.12350726886817033 0.1813385144899661 -0.1170534821002174 -0.18807979568735686 0.036512379288712565 0.10546424833448098 -0.006213197387031742 0.06550348664677969 0.00433228952648938 -0.030393540681510074 0.2368809847996679 0.06411635063797534 -0.18616515119610857 0.0716862605366154 -0.019295496014054645 0.2075899637044339 -0.10994302588428888 -0.09172073079622556 
-0.18874028001101684 -0.07589911279023699 -0.13940045775647159 -0.0110693542283207 0.0906184036944382 0.09904045163748497 0.12675499177868407 -0.0769163481520846 0.13538866877802253 -0.05546311162227739 0.14875894120239505 0.09225215565571283 -0.1715485142680683 -0.155397856135005 -0.21479872700907962 -0.15685536822695959 -0.032718541738230536 -0.19541799194166762 -0.19717688857013463 0.058577116281055636 0.004512408435783506 0.1387946375788587 -0.046361944596540326 0.05711543664201977 
0.016685363195019745 -0.09407535977190289 0.09832445698314235 -0.08849710355394029 0.184765987052034 -0.11947995327308802 0.08619450308679467 -0.1785664429023425 -0.014258116713965499 -0.19902517215852505 -0.023487379880637146 -0.15148619144824685 0.14939878274302465 0.24181171264323947 0.1268872373513412 0.2585126262176014 -0.10411762351682687 -0.11440652896366259 -0.12348482253038233 -0.02192493807659765 0.23490708927167875 0.29222348815486143 -0.014510906857277676 0.14273727347183032 
0.17193584745307686 -0.035938459100064345 -0.0985880287241653 -0.10613890861682262 -0.2190870415065979 0.1088865757724562 -0.17829578128398513 -0.16142511865965056 0.106982869952811 -0.06057006180280996 0.2151448463910776 -0.08821994366894635 0.044440706825709324 -0.06345955116289523 0.15079536880342895 0.022800030063420886 -0.028421393560091178 0.007467836263533967 0.16790009276891055 -0.23567546260393718 0.11853548155412946 0.19666108436783236 -0.13978602565681472 0.062115587213321694 
-0.07326274915457634 0.1182176148752529 0.022820384020180388 0.05809229609654352 -0.0806357602316435 0.05976749318842785 -0.09776855842685413 -0.3019335036404498 -0.004791533683825599 -0.04517149435024234 0.009281509790322707 0.21585293749973586 -0.06013053382745 -0.11369164504993053 -0.06902752472286047 0.232913460404969 0.22820371798785832 0.15980988184560074 0.16228659414369956 -0.13412723242807223 -0.14217242812676953 -0.08487293570249678 -0.07341435688430005 -0.13849812078459667 
0.14701252726794245 -0.017164363781426082 0.1152814240205543 -0.15147464999663746 0.09258805990140972 -0.13647783781316813 0.007349383044265297 0.030936744085628378 -0.1037077948920018 -0.19014361272284885 -0.01051591873180523 -0.08533105272304244 -0.03022420493899445 -0.23454417576708572 0.027086400729313072 0.13712746168895423 0.09295752591118953 0.015332127716645045 0.1895394374180809 0.21377619891048397 0.019879687441405277 -0.1969120360974083 -0.2716954221257095 -0.15335887730854578 
-0.00837631104445892 -0.06580161670536772 0.1650129880071977 -0.16936466833091546 0.22990304062235725 0.14236055648046364 0.09985719882138214 0.04772002499623302 0.0624906878323679 0.01140935802818477 -0.22114737424848158 -0.051061822514496376 -0.0477041891503401 0.11894821919563847 -0.01221410503291736 0.010865269409199445 -0.1566034049460611 -0.2151745472345918 0.10183324413681764 -0.10666152688386069 0.2595476401574104 -0.09884933301847268 -0.09764704632444456 0.0481168067257821 
0.13361631591041495 0.049400629900440224 -0.14874646445595163 -0.013003439807584137 0.0017565113148676954 0.09789029347262623 0.05435749195814275 -0.12731195762180236 -0.20976719493393925 -0.01698891868795574 0.052552391623169006 -0.22473345286748594 0.16559380749422262 0.10326639922269232 -0.019783544949784328 0.17464264259653206 -0.021357016668036282 -0.27790999661846755 -0.00605658653889213 0.13728268042736774 0.13790085490590423 0.044894899549501405 0.09449073741584477 0.04619207206272668 
-0.0901650456329376 0.025460572305907026 0.145656930461177 -0.0653778413031237 0.1304749261027604 -0.19847954105769228 0.04929092271921737 -0.14809272367198945 0.039573120792873395 -0.02820431279187751 0.12414780287694634 0.008735586922108752 -0.10790240534743098 0.20262448470907973 -0.07518874303112001 0.15836900669575965 0.13969786128685427 -0.10995744153456713 -0.11287263735291371 -0.1123811517024815 -0.14161675200084228 0.028565111731693325 -0.15183735951600522 -0.1582476738403501 
0.07783382521188366 0.15061810845184162 -0.16663355051764073 -0.10583636059581092 -0.19120693935668817 0.15333917313205472 0.10666591588166385 0.05319309556313941 -0.04477896614961688 0.06340620319178597 -0.025238856900457223 0.15340986287927344 0.13199242970649228 -0.08367258303437987 -0.1481870641756509 0.1747263871577931 -0.167746661240058 -0.16116240471164547 -0.026854435916748846 -0.10274471607196521 -0.07556100755369852 0.07889994520078947 -0.12954711062061278 0.13766936272980396 
0.04648023253801858 -0.2255325742262507 0.039469034727228305 0.1457257746782937 0.046837276346374676 0.1490871466007098 -0.10216393523719726 0.10043827204204296 0.19699165028091226 -0.09149198274364569 0.07957014973129013 -0.12198748685081585 0.11713651742122899 -0.20453988632188616 -0.041022232830427 0.015576195875246064 -0.17366487087852112 0.2515074683147157 -0.05084814636578401 0.02468169515436074 -0.02470091085477841 -0.13903150790350866 -0.21336257679783646 -0.16838957411684805 
0.07012158404151053 -0.13355983147429223 -0.056016206211445735 -0.17060546527013773 0.06629104600873001 -0.1498811646193847 0.12078643597498338 -0.16417066368055122 0.0027128283124602916 -0.18108533125559378 0.1429103520534374 -0.09917965668085935 -0.08393001116766033 0.09994498118257891 -0.13863283688561331 0.05247242017752966 -0.0979803537363109 0.1070958018845531 0.08773288613081574 -0.15141687490624314 0.20495819658912304 -0.19439958748987304 0.1724381592966106 -0.007021095009380927 
-0.037196281243282336 0.0747588344658378 0.06999015718620336 0.19853236897717536 -0.11945175196027154 -0.15819176476022032 0.12709539731092528 0.20320247203503217 0.054046405024615114 0.095721359074584 0.12279541100389771 0.17190362139928878 -0.1048954514483303 0.10205674058427375 0.06143699782904853 0.09692384260836236 0.013700277134501811 0.07755102468277242 -0.19803113869406838 0.06447610122847917 0.12103234959530182 -0.16208078057219025 -0.2147689964919843 -0.15866913970391536 
-0.08046758751722108 0.12504655397091488 0.016818435303321666 -0.15231301558451263 -0.14329343792488844 -0.12320848582325457 -0.01917004468073548 -0.06904259897573399 -0.07030410949760539 0.011578030196623654 0.064674761079259 0.011595604517787106 -0.06134500517323766 0.08727215622545952 -0.10992329426571526 0.057297099051764444 -0.021849170348475524 0.09913208015623624 0.14962667454214781 -0.017856738511990766 0.1565375341732943 0.04799496997281694 0.03054918155299194 -0.1459175590990012 
0.008359057314315832 0.16181851722609383 0.04124879336251861 0.08970151685436081 0.011540639591638563 -0.05717546528616561 0.10646627699698677 -0.17178195989394854 -0.01246832798407141 0.20157336237667436 -0.006260275218070107 -0.12282058746631595 0.1163686028011366 -0.0936108050128417 0.07890866838412271 0.04699630811397248 0.14630773528104143 0.11235894317655104 0.13376988415435026 -0.19607154730403814 0.2547107783437521 -0.10788813863582164 -0.05977954152962179 0.20674039510303488 
-0.19566254084153017 0.1264055294380615 0.13230467402915594 -0.01430416837982934 -0.09623629839235777 0.17656052717442855 -0.03219882435474789 -0.11397791947191989 0.20974114344114633 0.18887193668607716 -0.0032870531717692757 0.14701559226067312 -0.06373074607544878 0.040977380706403325 -0.049596446537878904 -0.03881205244722704 -0.12121962796649692 0.19791039491579313 -0.08091863469727303 -0.1691657903657469 -0.18053597178382508 -0.19820873243972362 0.032586158331100554 0.02516220555127091 
0.16720518053730313 -0.024307431772880937 0.11524835243111271 0.04702549738182612 0.1096554740665887 -0.04178857115637057 0.027591305074171017 -0.12663013256095887 -0.028773789281087796 -0.17504809866798002 -0.03569926657295058 -0.1260358872728236 -0.05627016449146379 0.17013837347282545 -0.07055648224755391 0.21162448587130248 0.012278688099497406 -0.08902494628108237 0.136663105469339 0.1583053147965417 -0.08202662746708674 0.08207798127980424 0.017838719576056254 -0.059334425435406936 
-0.06661060668780994 0.13324938196199024 -0.09109196883212192 0.17830212906881404 -0.08049214270688164 0.01525182584270177 -0.017152924664741394 0.17084989756572264 0.18265221360230155 -0.1247877640568472 0.0028547283675080287 0.16401943048585824 -0.004380121188248887 0.15322266910966267 -0.08697415532671328 0.08110570515288856 0.031697053850219654 -0.10723418717136286 -0.19370028343400153 -0.03252403018173384 0.1734626845443528 -0.10971833906328424 0.14545850374800431 -0.12866107200442312 
-0.06198879813935165 -0.24794386638008706 0.06992213353786227 0.06536163532334774 0.07405344275236679 -0.014804042770593297 -0.00421292582919391 -0.13321401423997106 -0.1248128488550716 -0.0501508235700229 -0.05670898018476327 -0.08438896621427945 -0.029849399619422075 0.17169801880773292 0.004969435055259769 0.17851535594124213 -0.08425396050682543 -0.13882787869155383 0.0055129261952027685 0.12129926905830579 -0.12285644169012856 0.018338700372519983 -0.0786272504630866 -0.0010535181575457863 
-0.13397542801506176 -0.15296231561574672 -0.09378985460594375 0.15286769191869876 0.11206153145599237 -0.007733131720290834 -0.033913788686444415 -0.14043022083972193 -0.00834622345321349 -0.07983316157417462 0.14008737086800044 0.09869334671056697 0.0396166242807372 -0.08317786938990936 -0.011449796974319155 0.24440915914795683 0.12562082281883075 0.0628867389329899 -0.1379112268375882 0.0699007840246477 0.04811958615201143 0.036982203571567014 -0.09808294133054181 0.038806684517491426 
0.16817431655869342 0.10952138729953015 0.030987656336068713 0.22975829635230463 -0.17302374225574413 0.2053574789896027 -0.24831032783505927 -0.12845232321270136 -0.056917184154181844 -0.1804355055376543 0.0039525417246061845 -0.1911065590043123 -0.0835001315779214 -0.16564437636053053 0.08001849848429607 0.08329353176810401 -0.028954820353958115 -0.12325912120672536 0.09733331950825248 -0.12643819740697126 0.14334180111225933 -0.027772555141698806 0.0002771920895109467 -0.18772059562560506 
0.03493483200991245 -0.01754161071376632 -0.10683465636451765 -0.05880674522425872 -0.045994179774673356 -0.0601323859551722 0.2587013421565257 -0.025688360478723204 0.16641533086682805 0.002178254091256267 0.21696017657815395 -0.10928310441568984 -0.08191932840826442 0.12905265922960224 -0.18161698217507982 0.12633709640851012 0.01565001374821075 -0.04839971471912811 0.19728511548504038 -0.1788961318826799 -0.018960199985259437 -0.18666272080499857 0.08147744827720546 -0.12635947818806081 
0.11985075079242678 0.15912472374371628 0.13135773565170272 -0.018771207439010947 0.07477511078930281 0.09826065347687353 -0.029149245698573228 0.0004178740251846821 -0.15224248920921593 -0.05226749260261942 -0.1417363691506286 0.15275707255226662 -0.030317928944306863 -0.01992740354579837 0.1472018556987328 0.0589554306598426 0.014667498813274695 -0.09099559759423775 -0.17007978426460219 -0.03196984014533467 -0.1888318992374649 -0.08784981660225827 -0.05144465017160481 0.2595781277166828 
-0.1549749298676842 0.11146114076745457 -2.6278547604928957e-05 0.10935535600373107 -0.14117844107018301 -0.15445655155899993 -0.045365524946087386 0.1746913493883192 -0.09804683935438757 0.1011082802845996 -0.08247603591006902 -0.16355913779666362 -0.19250249559027952 -0.07622540122295797 -0.04654021839001977 0.029313834594717557 -0.22442929088852984 -0.19234416183666928 -0.1925592522286147 -0.15319378240654036 0.05593300054142849 -0.038049283764725245 -0.11068677216659861 0.022583795031758502 
0.23736429689383007 0.07930988653368261 0.07847056411560624 0.14875916114954638 -0.18316043777092958 -0.19653717980389893 -0.021998684946371163 -0.03465314815506858 0.1584143360047416 0.04933580279342734 -0.0273337952093575 0.22162673780266048 -0.07165450553339416 0.12351927893795579 -0.09709930289223975 -0.056543929661058756 -0.011461578712055193 0.018536890983199238 -0.11046476090650853 0.11054944069583117 -0.08692266214920118 -0.1241432900343759 0.12343602587956853 -0.06400588042042289 
-0.07539856334179498 0.10539318305326624 0.010042153998086101 -0.16845630651689916 0.14832253433203269 0.14144838749894467 0.2123529254335864 -0.04413752990053152 0.0846074948543881 -0.06299223743226116 0.021314297153873476 0.13740417781817948 -0.020356136821411224 0.014546116246027321 -0.06831793601672527 0.05299996283363724 -0.1536742979421696 0.14492161683671792 0.09920998912514743 0.052004100878443364 -0.0882004111492027 -0.11421292438222184 -0.12899179783715153 -0.06995807835473455 
-0.18422168136322511 0.13649282255566464 0.06685893933584672 -0.035884540969654634 0.10563302809043125 -0.03699914941047526 -0.18310721103050095 -0.14472809451661164 -0.08830221930782133 -0.038965676685462615 -0.17805805555251614 -0.0015046912482584978 0.05481552176538312 0.003385519212620167 -0.02639452802351478 0.10127730690207805 -0.019417799226465058 -0.19303555372426276 0.1478961119767769 0.09715080686589886 0.09420868488895186 0.1663331073426457 -0.22812065373051224 -0.10448971465351144 
-0.17358927759304668 -0.07307888751142633 0.13336907907574214 -0.1661908775580484 -0.01046556363474181 -0.1617962482512301 0.08858962707915338 0.12612238770485165 -0.23469168013907407 0.023953127468010076 -0.10275613808399466 0.23031777399372885 0.16569176016760936 0.05363272752107352 0.2041791348919654 -0.05713506806778566 0.2070589660287064 -0.0003241851607496878 -0.104192917591749 0.2266110179291093 0.10560326842635329 -0.172954255073931 0.13271088514023843 0.06870504865614546 
0.07309438399586839 0.06066619423903538 -0.09715623495475463 0.03928606719525746 0.12438793436279084 -0.1853722277811294 -0.14645364652386855 0.1300879205149682 0.05628726045266071 0.03340165066072925 -0.09921060780878717 -0.06265742567391945 0.14093826507034563 -0.06527843709133611 -0.1731491632337793 0.20967072923322866 -0.12192803738872589 0.15923711705524152 0.15140532109041693 0.034279929570996015 0.06334721751308783 0.018815091661543618 0.04618000991413809 0.18948236135523713 
-0.09450893077837076 0.20476450121210962 0.026412520128031882 -0.15266655123409237 -0.10771583503448166 0.008509447560274101 -0.12821523607584823 -0.14608894697091443 -0.13720263284654835 0.11886407197783856 0.07280265262871834 0.17459778749963048 -0.0689703386010213 0.09730326943843823 0.020474758614635873 0.040861243202403766 -0.20119533277558266 0.11781883629460956 0.17177537264480555 0.06305423734657364 -0.12150960233485693 0.07210142980977037 -0.20584556066519122 -0.06741108307930661 
0.2365006862784853 -0.011569411100832153 0.1406942514140231 0.04093132510457148 0.12758264261255844 0.20191742981844707 -0.09545554412838275 -0.14949955583424074 0.046175870659691844 -0.07306877705752428 -0.14797517967012738 0.09253447068262449 -0.1846453926605207 -0.08427539788460307 0.1271988417981323 -0.1355111208022971 -0.07295685936120398 -0.19060948556799953 0.1982742391471248 0.022404777839835046 -0.08125227721794694 0.22192550364273844 -0.04991305673472537 -0.017655052071941867 
0.07732489780003331 -0.16326735232920844 -0.07652005733184657 -0.06598296720325916 -0.10074461410444709 0.06976108007348383 0.12745272792923304 -0.17010601680178003 0.2495943780270994 0.08701060767431175 0.17446646391101864 0.0720212253232298 -0.16273015919070374 -0.07410211038408725 -0.021181193989488808 0.03939567284496943 -0.02946545594506543 0.026449143839678835 0.07133547013431979 0.114730540750988 0.013473085385090209 -0.15218804662298885 0.15332898670679726 0.040164060940989496 
0.18583569122622387 -0.12478669706536387 -0.12788096728635834 -0.042595331100444944 -0.07045922028205198 0.14584168793897084 0.0239380665460006 0.11359062891610902 -0.039331725319719804 -0.15898951932785035 -0.1526939988039562 -0.04915347758467827 -0.12099159810943273 0.1491077034424111 0.03895068637367465 0.09067855070493185 -0.028068108143887556 -0.16354245329145414 -0.10448740796748679 0.008246090483902518 -0.11908978262556769 -0.18894446584123584 0.09506332470237808 0.07722227547609227 
-0.06656513393563783 0.15086308258719433 -0.027927921123605162 0.13864233722078462 0.05446296703610908 0.03152661316129423 -0.11823368665241285 0.011489797727997752 0.1715007569317364 -0.07663691683878254 0.1579895542169604 0.1874674636279219 -0.06678186172160751 0.07175124136885008 0.15844888551160047 -0.20210868055287967 0.1380811746268945 -0.12219808559360648 0.1385122769067152 0.08127109057498903 -0.06614322014571863 -0.13805176822296944 0.060152971335271664 0.1479511919152154 
0.13917540797320532 0.08325863567060596 0.17442125959743704 0.03513378262649229 -0.11939391103885302 0.0442475327083942 -0.0732922058201119 0.22077930596751 -0.05093602353594873 0.21627684244627407 0.00731543513813872 -0.14757732686264394 -0.1690429490187474 -0.059784480981977556 -0.14931242411050252 0.05733985143941075 -0.0503297327341501 0.21725993286070397 0.17087620693348596 -0.13891269528766864 -0.04942690681523752 -0.057775807715047346 0.03125726069086959 0.11714188586080003 
-0.05987886993938279 -0.06312947406554459 -0.09374229631309947 0.18506852141635827 -0.1902457861206166 0.151394126724977 -0.12314914435082609 0.010487435352848906 -0.06436662370929976 0.2305390395456013 -0.1495732033803724 -0.12220084361941637 0.16187478856270132 0.044682192992571534 -0.07494884233563559 -0.1989861382476282 -0.1301096897837228 -0.14045516877972478 -0.11714921393792267 0.19702834630095287 0.17560725384122183 0.08940385049946589 -0.018906364985866817 0.09252040390602964 
-0.04209333558917367 -0.02610032543107958 -0.08832278128675 0.21583366560130213 -0.044213267819380925 -0.04311827427572369 -0.0967576811799228 0.20396976199497668 -0.01803114454553274 -0.07958377761625639 0.09578903651774523 -0.1701403702263276 -0.16084867304763997 0.10530798189906378 0.09618887971548698 0.03536843437767215 -0.11837186701557328 0.03393294336037878 0.054206319604185225 -0.06768311371096326 -0.17191053753256677 0.1363793978821908 0.018193989543013035 0.07971907434656775 
-0.09697688074915616 0.06216867870095146 -0.027789690119621204 -0.04613868843795873 -0.1479841793766744 -0.10081701581959157 -0.1671140757154101 -0.09349691454598037 0.1299692523594456 0.03715915750137807 0.05515924012338979 -0.23998375054176105 0.10180021103436261 -0.024347977701437724 -0.10615368492251867 -0.1669946780171746 -0.1629902245540311 0.13629601559837717 0.1922203083147792 0.20977307216493182 -0.05984653112711701 0.10249565944755973 0.04353961101683435 0.11772477292956314 
-0.006329713345522426 -0.06870508656117877 0.11342333202513778 -0.15866877287089584 0.01441320410220043 -0.038351902086463205 0.01666646490581049 0.09521555992368239 -0.15569632713139026 -0.04185788314201874 0.036716917571969744 0.17215477394144926 -0.041499416936225976 0.1849524593397448 -0.03752071936971984 -0.14419631780681202 0.0762684038531417 -0.06497023190655485 -0.11132896974061791 0.2694391795630759 0.1921016752303026 0.038630209392602595 0.0011273805875742903 0.016351501102444946 
0.08713514549774243 0.17654272650687414 0.12935484691283808 -0.13159147605166027 -0.09328814108965029 -0.22009524326313548 0.1975747205181191 -0.1039653853116575 0.05099475572138367 -0.162953465406358 -0.12740571936978123 0.015400800024663631 -0.20553420319897334 -0.028009076691775908 0.007226374331618932 -0.05655895345981097 0.03401204330303949 0.014319989839992671 -0.042787649817081164 0.07078669818093998 0.0933540138938622 0.08282718968789575 0.013534635242169477 -0.06058608437249052 
0.044253261741089095 0.18569233191483994 0.023468804889911356 0.21684148487030402 -0.023006999340949907 0.09438481855833564 -0.18402239738541207 0.1041861524044015 0.023295556915668956 -0.197135152558823 -0.10493437410304852 0.03063903938172473 0.10570253529005245 -0.2060955542236676 0.01911898911311897 0.1497960479142686 0.024816615406407363 0.1820725149109611 -0.1689792672450188 -0.08104691816330017 0.1994513349362233 0.10371259469788585 0.030775942136850025 0.11347157453364289 
0.22370730600453728 0.1948600639154226 0.19869532650579144 -0.14277203210476722 -0.17067476200781898 -0.16949108866361742 -0.1933036010353076 0.15579756311058615 -0.23246469553533336 0.09449921607205024 0.01890411509761245 0.04655557633739116 -0.06011324816371654 -0.006305909526992254 -0.0969967230420755 0.23305548759712094 0.04193402002830226 -0.18876193949064338 -0.01498771825712685 -0.08605466981721226 -0.15154406359407666 0.19602459628676575 0.09307587369460048 -0.06682522718894832 
0.1424695119004469 -0.1241628913410392 -0.07549020943102586 0.16380320230630338 0.267266240826374 0.013251359759685485 0.18535845226473222 0.15993463874125538 -0.0027911102573297355 -0.05593132194291459 0.09663217994450929 -0.006003782369158239 0.004452493563767074 0.21048262275494184 0.10808269797770016 -0.07465361008111746 -0.13867838949797326 -0.12457863180020425 0.010451461293906608 -0.0323755010320214 0.14498554886653514 0.19561397207111023 -0.15554815731173258 0.17410682832540525 
0.14707693091660431 0.25562375933736764 -0.18391744261757198 -0.17592237180076253 -0.1969396580733197 -0.08387935989124592 -0.17668614125632545 -0.08105901996344762 -0.0065070663327272266 0.14662795201500164 -0.008969185816838946 -0.15226065430859936 0.05412770641124418 0.08704726682413141 -0.15422309935298023 0.05940392816017916 0.10454401601926079 0.13392900185444614 0.15493042745978017 -0.0462404291795901 -0.02869633613816912 -0.15812479996173287 -0.06559179542477042 0.15457376364441722 
-0.06317834979101195 0.12870057140947277 0.15494877434260662 0.15533330721774888 -0.1361312817489215 0.20362539864523466 0.0341234555433156 -0.114267512243344 -0.08245437956837504 -0.13461550248907891 -0.026763411786112756 -0.13632143025069737 -0.13244481728640597 -0.11964903877884456 0.07505748237689736 0.0822098173005013 0.23586188739518477 -0.08841968561911091 0.05075431843137069 -0.18530963259423341 0.006300671477321902 0.17667676938472032 0.16522019528228568 -0.19528296819922367 
-0.09739463602031752 -0.10897619967719306 -0.17999374488238318 -0.19516124909580299 -0.003812165183686506 -0.1808271158072318 -0.0872379565469125 0.05484567405049459 -0.08072930897545091 -0.09069176351110364 0.035378636899037835 -0.04675590918173102 0.07962261659388956 -0.0015064813436028923 0.052175132766732954 -0.057465050148236156 -0.08377005543365265 -0.1453670872097957 0.17376091969991714 0.12046376969490383 0.17414492352864747 -0.12438805237177654 0.17217171910607468 0.17322345599781594 
-0.09799964114300883 -0.057576271495944395 0.020048781479773743 -0.12442468232695245 -0.022578666718317496 -0.13021705669805617 0.24046937057322687 -0.0024004854169425217 0.2479914802530187 0.02131114642317614 -0.006100453957662892 0.16449678748604457 -0.14134641422600502 0.014636451056766768 0.06350871043610584 -0.02581309794462992 -0.23887152785922466 -0.0028290757683246065 -0.013577531210906367 0.17843778910164812 -0.09587103484578217 -0.04246496347564184 -0.07199812751626593 0.07323853214510276 
0.2152340130780716 -0.13869128019460797 0.12712837151783027 -0.10612166258187221 -0.17576343581679454 -0.1676104300286194 0.19643143771747656 0.1763749551855217 -0.09396098625837837 0.19144223965158363 0.16166788306144825 -0.03361002614035765 -0.012439893424012883 0.04760646721475009 -0.13537427765055188 -0.19328804114830603 -0.08985389333312516 -0.19301925656474933 0.06850260913712694 0.020063352172752423 -0.08313001269414552 0.12467557891141794 -0.151307316653696 -0.10057187974159398 
-0.08167463641674888 -0.1229653830730066 -0.1636374549420204 0.13778116254683515 -0.16353640376587264 0.05704869628782263 -0.1505294651784403 -0.19494724851978595 0.03965749324966131 0.1669960300231251 0.1740499845991446 -0.08529487331340997 -0.18826133767422648 0.12120565864817287 0.12092451296231149 0.14931612287586482 0.036365890677954454 0.10956451128321776 0.1577531539075009 -0.01799200179621372 0.022549870675892078 -0.002450943987064758 0.0993822724434958 0.06417790913786031 
0.07579970726254409 0.061960366202537545 0.002246512600989739 0.12793533859436262 -0.08583827076314032 -0.07911221447452317 0.1250592512207013 0.08988231363611031 -0.18596075357662373 0.10561304910026839 0.11884790172445663 -0.10414095256286748 -0.16541833449504512 0.10711065327041963 -0.10871869622204622 0.1998861503131117 0.06819991271112968 0.14533840839394 -0.15560828179637837 -0.16511551164010732 0.13650552766793683 -0.019243168312061052 -0.1639148557137146 -0.05048929439030413 
0.0675697502789765 -0.12270025943296102 0.15703873106705846 0.1789332637818193 0.18368828894213657 0.09058709827799771 -0.036622052532966146 0.09603463316777304 -0.08339504414168392 -0.07289711205697683 0.041413001385063715 0.03706827336282308 0.15015111570718634 -0.09669279743395846 0.10499332061079494 0.17535390089774008 -0.19887692696569573 -0.009305043896012015 0.061590504654008484 0.13591923456740077 -0.12504662162126065 0.14108432891032552 -0.0531322633043615 0.15564373767091383 
-0.18803687419048856 -0.16466784960276315 0.1917412423794749 0.04283190066223601 -0.03216753527389424 -0.13087932144814618 0.058767485411104305 -0.1842775048498678 -0.07400930620622714 -0.069303909501215 0.04202114731827361 0.05913515687887931 0.13701788552039146 0.16991505314626965 0.06294255688068959 0.030522180582231488 -0.039598888491822866 0.18573318015952087 -0.1369640730284652 0.15677938224017612 -0.07424772695427558 0.018898378442308027 0.07150238443785065 -0.10393120312874707 
-0.13147300179765364 0.013711432891342194 0.15227157751617085 0.08845327221242018 -0.1511052350796221 0.18040624771555153 -0.007883433339177705 0.20457607784835877 0.03225336103565221 -0.16490573726735777 -0.11753819655371878 0.14977305178610495 0.07995416677377488 0.15654641648877887 -0.06705856388549795 0.010899663983846614 0.05376846370705302 0.02083196715371489 -0.10593204204106167 -0.028563376684970335 -0.09928215825240541 0.1514985856002476 0.22648832620563367 -0.17228242686904188 
0.12692686033134037 -0.11009511382576806 0.04910879561390215 -0.09528532545220031 0.05920487329692423 -0.05045646283620213 -0.10607385738738649 0.1494455030794615 0.16351760271515886 0.04442561145541879 -0.11273027099890581 0.22692533889280236 0.07852419926818402 0.13156309784959788 -0.11382980028832432 0.1306264853556881 -0.09132032803263425 0.059263692364081445 0.08288859631554095 0.07467611372092739 -0.01637392376185437 0.14653841489144942 0.14553983759436567 0.03415079492664096 
-0.1626385793793009 -0.07093951824709412 -0.15663833222770746 -0.12946791724085432 -0.1480980586488926 0.05794803771229781 -0.18328910330662582 -0.10189846903115442 0.26052837068226276 0.13373537750090064 0.041226370246189324 0.1192852660094094 -0.18165052829214398 0.10792416995916707 -0.07413542258741074 0.03995589348377279 0.04392472247050827 0.10140524657943047 -0.016147668432834317 0.28332251542113485 -0.09537970347902675 0.10265980484381063 0.1456736178106396 0.1917548995827336 
-0.18603496125039135 0.15709939809011744 0.025575757906365536 -0.0029451937844736753 -0.09485128491927093 -0.06797580505931917 -0.09874306108884716 -0.11080917138472421 0.1906098855125958 0.0009307651986595913 -0.16555757777064145 0.06543685266686408 0.07384563437978006 0.05227779456917607 0.005987340025031173 -0.039115067665348474 0.1600688466982824 -0.18782136225487042 0.1720130689101689 0.24688638434233784 -0.06129909132531035 -0.1127314357502093 0.11292648738266564 -0.12736161209886107 
0.11018267442159001 -0.09473651312379508 -0.08227399530297635 0.20631818073897812 0.15994183291249786 0.022217062262839125 0.15085092059945102 -0.057805596483297576 0.22523844419217232 -0.02587188847845499 -0.08068162837415598 -0.1918194377527758 0.21817372972686833 -0.018969235952444402 0.09238103759249124 0.07347599862720289 0.08739926204400293 -0.17854524390485949 0.1668661065201273 0.19368306372863392 0.035208273942515265 0.20275065845862886 -0.10615063590599982 0.03993795763428697 
-0.04048494411290999 0.10794750125714656 -0.07836908589366799 0.18447793389491504 -0.17098080332218182 -0.1822888539435128 -0.17924020877156363 -0.1384221667566836 -0.003546161989261096 0.15327985675490738 -0.15440480898469242 0.018412970694863934 0.059373266552978234 -0.10697231559369443 -0.11924702117009184 -0.11027855153445669 -0.17892734385055797 0.08385275088908097 0.06032483543729484 -0.021925727587133532 0.05114512980415718 -0.1547355535663537 0.24049547062084345 0.13765034509550494 
0.06237987639444142 -0.0749550212126721 -0.03258574001611489 0.0043131635849551 0.17303336086406437 0.18327552603020253 -0.021530962230464346 0.013712691115538736 0.188135160122328 0.17621319745564668 0.054533805696881515 0.08754031900864678 -0.06377990559186476 0.1427149674734754 0.13327706688985988 0.020292914237026016 0.18505816452970475 0.112913793908862 0.12189756714207725 -0.14638023906148984 0.0035327806655684312 0.16027007070505625 0.14342702501804988 -0.030958728814404073 
0.19030747596198436 -0.09821990741353993 -0.06529060020435293 0.18069844152716047 0.12201948871246672 0.15890088382655315 -0.19458531085591899 -0.04705918385132471 -0.10430986451264529 -0.08023531698936626 0.09374038328767359 0.08819854045962054 -0.014879119892810246 -0.05277350395620652 0.03307964449800915 0.01312552705047947 0.01971563388625313 0.045184520526226096 -0.04080531132955784 0.10720388643530426 -0.09804831227698643 0.061084381865185486 0.1832114887309795 -0.19785145647197303 
0.06124831564536726 -0.1438297589311974 0.017061060345195007 0.04969262605518142 -0.10134389961920764 0.1511716988359078 0.07711690415364056 -0.10583940602020356 0.14655587385323923 -0.1565395918554842 0.021532585951882597 -0.20285609384942685 0.06515206124133338 -0.12654307967772685 0.05859580002610918 0.08899428243283482 -0.015458610423163013 0.028850312454428047 0.12385614880358875 0.15608866496762855 0.027688013372536215 -0.03145828602551518 -0.021162180371021314 0.13923617263764335 
0.0628383621003755 -0.14240916877748885 0.025645442355401362 0.20547673094853666 -0.13832762176615823 0.12467442433311053 0.16956634618582664 0.005123332618719946 -0.184030522211152 -0.1396103529282433 0.21323565886665663 -0.2279819370737437 -0.04992340807805019 0.023183707878164126 -0.11974858098878567 0.1854082183983658 -0.19784365085335293 0.01545644044893239 0.046182799537608156 -0.10612110719591418 -0.042440144505119085 -0.003495797984168137 0.14742191823892623 0.05259796694114019 
-0.012634764652718579 0.04305723399065171 -0.018168847228972548 0.010006922236468855 0.06219486797508662 -0.1260676999372707 0.12467403764941122 0.05043920670565136 0.21587729543975795 -0.10956279797877537 -0.01313558305576279 0.17137068014422482 0.039657465639623635 0.09359015264356957 -0.03372275835137896 0.07700159725998243 0.17340047573257614 -0.11845067262356626 0.12147803513346007 0.2277884634779317 -0.19337472936964845 -0.1124333356535219 -0.15174919099996925 0.10548695902425373 
-0.16635565274229194 0.2065552067668382 -0.043180676469353016 0.24633665899084237 -0.12310533563289791 -0.023059609088739157 0.14331686522604611 0.03403236800583125 0.04943060177837512 0.004919238121621187 0.028840497734266557 -0.018069944544581103 -0.12110740915265436 -0.18298914871145033 -0.1381111734295668 -0.17798590844368734 0.03587567293892995 0.08828158890679055 -0.055203488040877 -0.16874480619564722 -0.05164426271208062 0.01725746189532869 -0.043049303389647714 0.12282406318535904 
0.17570755291240536 0.14662349207852235 0.08020930779795128 -0.011562490914206159 0.07175292865125388 -0.1938421777117498 0.19217494369876487 -0.1297290674107654 0.161292806181637 0.12137562844505008 0.11858122829744097 -0.09097805424132978 -0.1108548290266696 -0.027787521732348507 0.13835220425101502 -0.01934061516613695 0.1730885716631066 -0.057747600257598654 0.046726846853002615 0.19145226287229156 0.05622324388680337 -0.18082059970586933 -0.014192968325717113 -0.06483881164394571 
0.012530052590992154 -0.08468402044304532 -0.14977922079317377 0.06604264967275796 0.07122222747035208 0.14550666574224805 -0.1456997557438556 0.11797231575414589 0.12926555675472653 0.057443033564609176 -0.1165529237421054 -0.09397311123117551 -0.031828308169454 0.016284324353399778 -0.008779397524351175 -0.012669940538964187 0.13451880108321648 0.14670070699996565 0.12524462789252436 0.14980448416086165 0.0277128419028118 0.18468777067169562 0.04166796302581138 0.04064639169256829 
-0.07096152291610253 0.14300349270845397 -0.17819879519899698 -0.14482748233890258 -0.14656185506641456 0.014745377975676932 -0.12842160432164335 -0.06230767781876739 -0.13865571423654321 -0.1050242024918787 0.2682655550250113 -0.05769906621223609 -0.13817289946774877 -0.04690521947969567 0.2606044968078244 0.09989982793620954 -0.11315973556305974 -0.08503358742573153 0.10321188622644677 -0.10232744551356425 -0.09683975694818024 -0.16519505186374073 0.22365844742812338 -0.020310591432760292 
0.024100251032840223 0.1294561054899421 0.11711823876434546 -0.02046341290243612 -0.12489085357857702 0.11539565898299597 -0.18670294875677526 0.22532951564542303 0.05472960301181886 0.15151788934882693 0.04246331047549208 -0.13768416744030104 -0.0635117302608769 -0.021709685556454146 0.2338329094503418 -0.12474315489176295 -0.023752976613034434 -0.06126281564512658 0.10640704336496437 0.16098863303591815 -0.055213152967085795 -0.11687328951343337 -0.17207243514932052 -0.11906703088898654 
-0.08959793490570224 0.012293367488305083 0.1888913990936382 -0.14737246165744822 0.220431984449946 0.041045604311937246 0.13412414166030087 0.240585437817658 -0.011085136358684938 0.012296730924389562 0.0647124670243131 -0.020765499847349624 -0.07897287467169357 -0.15658901455069427 -0.08461005344866478 0.09122230392515848 0.014522267902539967 0.0975628714727652 0.006659712750476599 -0.10567739430621546 0.030880667612082982 -0.07702941371457461 -0.1990158512466429 0.15073976521853336 
-0.03109353507827443 -0.022705832318147937 0.1302253414656749 0.20147754848806237 -0.16987600998423075 -0.14042029637232556 -0.06974850997652855 -0.10427742055225003 0.006628670061870636 0.12833815485166744 0.14020400821397366 0.03544472413436456 -0.12063820078016953 -0.15606598807540822 0.09589157566693088 -0.10363378969349367 0.0047145275997574265 0.0893666398763957 -0.10721684605677993 -0.1287555022712334 -0.1831576065055915 -0.1428025061165754 0.16666349282627077 -0.1568913411238358 
-0.10905804623308395 -0.1859889676886947 0.06923884410675626 -0.10583602844561187 -0.033753556861965295 -0.14291224617838374 -0.048063051805768704 -0.003365278599188288 0.029134886763832118 -0.030123789716193027 -0.15765023692442154 0.07981945415029193 -0.1437561039785689 -0.07325208402499866 -0.0897750613583403 -0.07821987278276321 0.033555890384446334 0.0069191440095933985 -0.12249983895530865 0.011943283301998195 -0.06294311229067522 0.050983474543478895 -0.10807811813104524 0.10257999650250975 
0.010208885102068613 -0.06600241872241862 -0.09705779021857576 -0.1240770216319175 -0.010969673280633906 0.25162247646024455 -0.15652243813037137 -0.08519474990926781 0.06759177147490407 0.13865152182547585 -0.08706668926152018 -0.016985962799409126 -0.057855380625091636 0.09196874760450845 0.08630937305508049 0.14154374375391265 0.14659418646750966 -0.04617378729620303 0.1691621643776024 0.11224579368949755 -0.07568906660801886 -0.06590829880468374 0.10349614429858824 -0.14824012611263448 
0.052274403382501076 -0.08748292080729506 0.1294389115547941 -0.05306991372170499 0.09189530403531858 -0.12156499742086233 -0.007218006495530574 0.11996613326745284 -0.04027823499662688 -0.13394999150397932 0.058404264993853344 0.09985586028921105 -0.0864958605372439 -0.01895664152180021 0.1589448748579241 0.14745975550668522 0.08147642227222984 0.0355177172926489 0.12549679689575985 0.1618522110706571 -0.19827726758173467 -0.04018401234326416 0.023952822183251038 0.09211727583823003 
-0.1638258162633632 -0.008768035852820861 -0.08672329351661491 -0.02986171721263141 -0.0007855402510074113 0.03324848698956652 0.0331697570955326 0.042212015519136614 0.07094107835984369 -0.027971066167036263 -0.1972734522623457 -0.16963518349753573 -0.07722467576666037 -0.13982140787179775 0.038568482012047746 0.005601692454250668 -0.01776313614283837 -0.07034653137315189 0.060094637129142855 -0.12242104802183115 -0.19690567562933883 0.07069621800863497 0.012553758528266274 0.06450249080629958 
-0.10098045763275883 -0.2655604441628145 -0.047711746590669964 0.11222824975200474 -0.1576252784794119 -0.09944794759546909 -0.042149788604173524 0.03353823011033543 0.08516342229850485 -0.10412886519531966 0.07741816705794562 -0.016132145202900742 0.052041329777941965 -0.1301462168943952 0.041622816059425825 -0.10463754638192857 -0.18775861798454002 0.05531722132652716 -0.12487069975505528 0.08831463182615527 0.027993662467087732 0.15414140059011464 -0.0669364893895229 0.2540220476878309 
-0.017603189288843447 -0.05569125687716753 0.0876727977975159 0.05308131406374989 -0.053882334618032025 -0.02366439663273495 -0.11481364550131726 -0.09213854304184332 -0.22210294047211057 -0.031228704654742638 -0.06546855801815898 0.02909795102162407 -0.1853444942065145 0.03880821617864978 -0.08140268750205877 0.061712327878019384 0.0685927624193057 -0.034927746439071546 0.06401074973785853 -0.07369706927066133 0.24898692256261945 -0.12914743981384968 0.19101573909674974 -0.16133020026693892 
-5.096123958173377e-05 0.09548157320586048 0.12164496761627731 0.06312628302248435 -0.04985298040389483 0.16277032407825093 0.09746169087524097 -0.0875239154634215 -0.09602294366295917 -0.172499132097729 -0.06076452669097272 0.08776267173088512 0.11681046306241014 -0.0781051469063353 0.05556722459272346 0.11710914343264023 0.11019051450119717 -0.18719610754791238 -0.13991428244912715 -0.1351016256469522 -0.19527955759104193 0.15206388769983661 0.1368326307519877 0.02427222836772772 
0.016817504500496815 0.04528253708941749 -0.07775376046095529 -0.052198316682549685 0.0292538238842854 0.12222052534123892 -0.11788537902421665 -0.06770109561382197 0.09570442215406912 -0.06239732108657062 -0.17996401396056216 -0.13604787934328633 -0.12098474434305236 -0.0018997719149647819 0.05293114489756735 0.15077986683747563 0.15978820195899313 -0.07577668114618434 0.09987752307726905 -0.08560631420511815 -0.05147038666192784 -0.08151053991371841 -0.03371468171078164 -0.11263103179006038 
0.01436301043958485 -0.19529114226384964 0.16146082152274718 0.010013578722070416 0.18292862881251168 0.18620874610267743 -0.09934741951488872 0.03914888425464275 -0.0114388682373157 -0.06660010787397802 -0.01877581184473207 0.16730629647564277 -0.13562331173370687 -0.12374104540063971 -0.10035709100906552 0.205154045515523 0.20209371804229326 -0.0045116185283656665 -0.14552810785648762 0.06203170917205714 0.09133152068546663 0.1769907709034637 0.07869918030796476 0.2448006679509536 
0.11136178977329479 0.07726497545930126 0.06993262463493051 0.07050641739452862 0.14350299190957203 0.23376816687050916 0.11443392804330275 -0.12736484941214604 -0.27020228415269026 0.22774322647876327 0.024161097149658084 0.10044317641901757 0.05750639454603651 -0.17053886591800316 0.16372375811877732 -0.13371942263370723 0.17128840612925453 0.06063874791451802 0.04718657174593707 -0.006950976676503326 -0.012706618909628037 0.07982516702122161 0.09428111280166276 0.10123096898320431 
0.0626509327689551 0.02150833070781025 0.18797631640648518 0.09554537763718864 -0.05686914597787148 0.022993042606272645 0.016603579121779757 0.04299060986757517 -0.05763667080011777 -0.24614957220026415 -0.0691150300692492 -0.10218385900451482 0.22364031886981367 -0.12191845886261068 0.04947290052077145 0.004384841815939488 -0.12751722155795492 -0.24765287060134353 0.09646727354536762 -0.08086975263335892 -0.06786416479378693 -0.13786171644224507 0.1420641213445933 -0.14768094506396212 
0.01944600181070341 -0.19302811757820412 0.19240279021522538 0.03847544253205653 -0.04534549538250902 -0.13991406068478487 0.07738038108108075 0.1611101638956857 -0.0714329838514396 0.10511472354819701 -0.0835894302413 0.18192503093325216 0.07954025824288871 0.04894328679294819 0.17119158700517342 -0.09093569388397388 0.1683104959926429 0.0699230896626046 0.10706155986344416 0.027958419636009646 0.1321326064278649 0.07793776714305699 -0.1399701006999751 0.0439968510213472 
-0.1871931732675534 -0.049047823018548126 -0.25794183754767036 -0.15262868157291118 -0.32908352191019047 0.3334034888442551 0.04036019607005198 -0.04272825383283313 -0.3252134106846924 -0.047799657457317124 -0.03157438875526242 0.36801077833730417 -0.14582196221198748 0.05277341863918015 0.11111741364352902 -0.21364026479162707 0.0038191667962193866 0.1819095693354154 
-0.2622616123664011 0.07096847553041921 -0.3692222773596986 -0.3731534825306329 -0.30201393465434995 -0.012342141059558224 0.3505238716352288 -0.0481818500237315 -0.3155857771407846 0.25602955150556755 0.012806286519610204 -0.15373550538193823 0.3376856433887255 0.35172640205490974 -0.16240336951134465 -0.20292932178119985 0.059411521546974974 0.2784755318513658 
-0.17400360697796494 0.0577413246533145 -0.2407597246411365 -0.20764587499195467 0.1771324673258295 -0.238599792214915 -0.23971376957561427 0.12418010078821233 -0.33330835281592236 -0.30248040282376837 -0.14348754121610197 -0.08108769466470764 -0.0526301779205689 0.178385656069185 -0.3185825776019576 -0.0950746796669535 0.09281441253890663 -0.3164641394834464 
0.23924151215871153 0.09776655873836207 -0.2646757175183283 -0.2055103216477027 0.16620530701585698 -0.06459293789930236 -0.02127790684242574 0.21952261283102964 -0.24742865933389935 0.38815171833328305 -0.313901205426128 -0.28492954091446676 -0.1988275001878661 0.19218116215985798 -0.029358847189634565 0.10299681368465098 -0.22173131570624244 -0.28376034374336995 
-0.010475677190734506 0.16261871650476134 -0.03415569929960112 0.25235717884826653 0.1078746002223575 -0.1699368691345304 -0.25939286405822487 -0.061044220074339836 0.1699633932264991 0.34305928284503756 0.2692206381339898 -0.1646867516825047 -0.01123616140915342 0.016352274764660224 0.031168555992098834 -0.074138915289641 -0.2726182214610259 0.13510891195716146 
-0.36621518564100525 0.2498870317880478 0.301058036693775 0.14889187678892823 -0.009003484109058718 0.13434671080531443 -0.1326300247274133 0.25128980531549133 0.19096518687206324 -0.2024903250850273 -0.12273537658684062 -0.06254162966613452 -0.01925592341227883 -0.011666078263405492 -0.3145644868400908 0.10757322261691737 -0.20276293821656424 -0.11978419223956369 
-0.020769448967763306 -0.10165041389219252 -0.11705337791350169 -0.2175698651058716 -0.2959697291010836 0.03412666394086447 0.11475897103300742 -0.22496778628028308 -0.20638722130317183 -0.16597314037692085 0.2284119908136228 -0.28250572407777796 0.04898832769242007 0.05597829400272991 -0.10526365834472141 -0.10036394404921788 0.3151272992357533 0.047045138029676026 
0.17490768149956207 -0.006138503394791091 0.08955227345317197 0.049098491540243414 -0.2420346125724135 -0.1112204753505722 -0.04810459803643411 -0.2905282098234332 -0.08969690115954713 -0.24269052201178123 0.24984732435123086 -0.16414721070043164 -0.25450839029435396 -0.03704388316607381 0.12333813113796029 -0.29773168407494927 -0.21727573544459128 0.1939094775703772 
0.18656093982916608 0.07889549731500746 0.2937766735770772 -0.26924825507749106 0.13736352004162855 0.2857135307868045 -0.25270389693564393 -0.16215720877549403 0.020763220407560155 -0.12257180661513621 0.13762337845334846 -0.33923854425057537 -0.22418155835881345 0.17315450167634458 0.3232318537270616 0.2943405235992838 0.2743608996942522 -0.2717356435642099 
-0.3098136797804191 -0.293065841358732 0.03224205159568006 0.2765081717281046 0.021125274637431166 0.19122420355224345 -0.2721327262758641 0.23644928440098692 -0.21262344902157163 -0.28754748234279776 -0.052410499317822434 0.09287961202855188 0.39334621578208306 -0.3537454448394893 -0.15283706774268932 -0.2700366939320104 -0.07335131348480477 -0.20497452530973184 
0.05608159810510896 -0.10197037497780656 0.3357523151610775 0.1969258031356378 0.24635013365808964 -0.2529754071851457 0.07177337878049031 -0.15294029929092784 0.2470941709696783 -0.3936937157864682 -0.26959058424392557 -0.13459197855130647 -0.08995115069027099 -0.1311522488168302 -0.276371813637745 -0.26050368431474846 -0.12264841280560508 0.3782331687808202 
-0.2293090871549497 0.16743381104656696 -0.17345141409064624 -0.35662356017695257 -0.3326291154947442 -0.23678200978259367 -0.07969633881916885 0.21997886279718187 0.14951023310269915 -0.08605061975552168 -0.01247217296323691 0.2535437320252117 0.2938045625683535 -0.15714711123093805 -0.34094729466914075 -0.31087407654872096 0.16090622739229246 -0.1919246233784441 
0.018482550764576392 -0.20942461854105493 0.2741247211287577 -0.0021246188065526233 0.018038904963506852 -0.14310749493734348 -0.02833785080094504 -0.3431483602658931 -0.1505153505892738 -0.14009298356165872 -0.14594226142676978 -0.34260686187154343 -0.02434282351804828 0.2426108322676518 0.3035092649057767 -0.0017953657546684386 0.06267758831143061 -0.13236700183885558 
-0.2879715074786264 -0.25131935051447085 0.12702379026905428 0.1500147400591956 -0.21823445055784743 -0.057748193687519676 0.07140768396413744 -0.29200901069229107 0.19711317465139805 0.13338795811740917 0.083249745029953 0.2023573851762326 0.4237612626203367 0.02127649783390845 0.24872708982582445 -0.05428229334683482 0.10382626785719831 0.27430941908674134 
0.1733426934328368 -0.1328207119163352 0.08291124759586394 -0.09988690270512013 -0.1196262903798009 0.07378725865196785 -0.20816116943138688 -0.015841402592198205 0.305643947924128 -0.12789791874829418 -0.21155538434432986 -0.07850024043934507 0.20167746362179512 0.29542737866905383 0.22320906088806253 -0.3358579929200076 -0.15756874277165403 0.41538719096153487 
-0.31150825450381076 -0.006570266468821555 0.19651058237109148 -0.2580679942772173 0.10923600084798735 -0.007903883482029014 -0.26707897310079987 0.2711745290243285 -0.24128928579059522 0.13739692944929266 0.1732234482783229 0.0887842179312702 0.13845942430157876 -0.2988799576566929 -0.12942653519865505 0.05810018108544142 -0.06995561001910428 0.08592458351257035 
0.21955989211415214 -0.21068075561498462 0.29768887965216195 -0.08620938986840353 0.3038790143487962 0.0786436560220038 0.15990956860117894 0.028683052882317567 0.00948741880182784 -0.062483892153969295 -0.25307058644971664 -0.022878827155628816 -0.14117244547736418 -0.42153562640033193 -0.15217094048904145 -0.21738219473041154 0.2564911618982287 -0.3876112229498735 
-0.2783776311631416 0.13769467838849297 0.3086399851595465 -0.1683034608883917 -0.3289273708385511 0.3161076605311399 0.07387792395382342 -0.14638148041295934 -0.03467960371456345 0.1433131261683093 -0.08457126986468555 0.3490913220124492 0.23320980668418087 0.2683998319660016 -0.10005889736316388 0.2996964201485007 -0.01387163931806442 0.03366478014700264 
0.15368085639729795 0.21037527559066255 -0.06941810154781701 -0.034660311284637285 0.21589006553743048 0.14697809412607624 0.29725366536608555 0.32956127673748337 -0.2185380268810658 -0.17834561168452265 0.14589922329696348 0.17812044790459394 0.06688984311535812 0.2521801425983403 -0.16793660955756143 -0.10794321199247214 -0.0035471867674553015 -0.13460829985912157 
0.03886716231508746 0.12293749233918654 -0.22618634334462623 -0.022424555658741827 0.33900340927689054 -0.11840030423819892 -0.4647001498235298 0.19197591609023923 0.0021907064291313747 -0.3294667416139017 0.2816219772585377 -0.06624845096015324 0.304999227033209 -0.08188786793071551 -0.2898591503310344 -0.17255098596678375 -0.10060664669378645 0.1863350579154239 
-0.24888745154065178 -0.046038128226611186 0.24895307830187258 0.011799499063442504 -0.2714038269127493 -0.32665628650332285 0.11358784284184587 0.4096116023803673 0.18910349267787682 0.21544998628861764 0.11813311318964916 0.24549908084604802 -0.3217069390473707 -0.20164404981526268 0.13177831948769453 0.25052316307120365 0.11755897275600286 -0.25679290895677703 
0.33862535754104084 0.27598059149823606 -0.35212589109481285 -0.24508055081348273 -0.15196040628105076 0.1613225429096026 0.23181519786623506 0.08243416743164017 -0.21636555685400483 -0.0616354268619037 -0.26494640515658335 0.32524760066574504 0.20278261415782137 0.01082559357657422 -0.030894759731782913 -0.27512521455265 -0.1221489599737975 -0.2973287779230144 
0.23834977724943854 0.029864454342362026 -0.24412903514169482 -0.2087337884451728 -0.16214214199864077 -0.1288544127153124 -0.10776686418813639 -0.16100427301859732 0.11539445309976813 -0.3472311113733624 -0.11570366585019848 0.1804025130834436 0.33442619886472624 0.23413875882668303 -0.17563990960605205 -0.18110445910625392 -0.21060110684003286 0.29464623758329883 
-0.22985211780353645 0.1749542124466036 -0.19420687488796098 -0.32062463017356435 0.1579046316822447 0.15291952171774825 -0.3806064962357596 -0.11715277639839944 0.3110381033028409 -0.2264490191937479 -0.28759187287565857 0.10356681413129701 0.34094923675321476 -0.32403068869152984 0.008629486460732399 0.12397759173970327 -0.22346438432313295 -0.3977527123675264 
0.32425655040178203 0.06609549083665209 -0.3120121837814774 -0.30395698208192223 0.08473516442527707 -0.23530209102302607 -0.14650594382171067 -0.2793083752864858 -0.2447860220145222 -0.01598923897032948 0.007620727856540693 0.008939245809933122 0.45436317189509057 
-0.29545795180050827 0.2026292305796471 0.23304090510706413 0.06608287289753201 -0.028854091126257166 0.314301464593594 0.2610100810955695 -0.360534556795791 0.37147148682901404 -0.39596366374054986 0.056862260986492656 0.056312568705005 0.26605838158863593 
-0.1279137342677489 -0.3415357979402209 0.024956818833786854 -0.4268802379044677 -0.11930834448164303 0.4178639617400314 0.3260315260507792 -0.3121175599715317 0.30441005160479123 0.23991369010779917 0.3428450166428776 -0.21834564355057903 -0.019100334011070075 
0.2740275403515136 0.1313501821896787 0.0732018804875641 0.14325306352392717 -0.2266507746204873 -0.381458795100311 0.18657566239891696 -0.12993151187522284 -0.10520290838091437 0.07745572793775012 0.12325074466895193 -0.23575344071844018 0.2560039243375251 
-0.09360137453896308 0.10306224560441576 0.37429743466104415 0.05032649062353915 -0.1104733684371538 0.09295036832078372 0.0013825271354973162 -0.03692253058367729 0.18336676383501138 0.3398067240661503 -0.01601967790295278 -0.32934416455804855 0.05413674673544018 
-0.20172459245934377 -0.36936002467376333 0.22848781647207303 -0.1793131684484853 0.2195229099045954 -0.00910249713316017 -0.14310593702637 -0.14623118950267455 -0.3673436101830529 0.02662888476125845 0.2572430802183584 -0.33290265125248364 -0.3126748707817622 
0.09583668074257026 0.11843426588112214 0.12465275952801984 -0.19290309566792604 -0.3789666254276163 -0.10394812155105931 -0.24618391706222897 -0.4763526073128407 0.1549570659021558 0.4345450834530181 -0.08495451352593604 -0.15721638017429568 0.07557655883735936 
0.267939111746531 0.23415801495898445 0.1144850687690284 -0.026281962262914228 0.12948109513566267 -0.21531340640806026 -0.14667409143193078 0.27529664541432075 0.34831948716358807 -0.3191519326372814 -0.16061005951747137 -0.39689706916235035 -0.12079701560744487 
-0.22540744530232923 0.10556504068945903 0.16514271391902924 -0.3031874630600735 -0.3503496113082853 0.35020753232642743 -0.08694331788403771 0.03661402078840125 0.3726491952514309 0.19886510388516382 -0.1370337757053284 -0.3312984615372443 0.016423425470069093 
-0.1650378453724186 -0.4237889403788081 0.1905134817183067 -0.06276263456207976 0.023732291948206898 0.26334123506422596 0.4488907125518467 0.14094011925932515 -0.1594239386876294 -0.34990372062057096 -0.3410976387417425 -0.1417040250085676 0.10206178017870791 
0.15357312340728266 -0.23900172759119107 -0.3338053914677229 -0.13517070385366883 0.015097492697221866 0.2363621260246562 0.037019820926059654 -0.15054237441844331 0.0970714389616832 -0.21206934999968752 0.11969288495233657 0.27218512438346526 0.08922896901797499 
0.07064505049136467 -0.19233499120307695 0.27971126472389146 0.47611940681361914 0.19835066503056006 0.11070359337775552 -0.24757994667737618 -0.10537253680523169 -0.13884637151536458 -0.21008005254697412 -0.041933474026303354 0.08636294581688504 -0.30072477842032697 
-0.22519251585131245 -0.3513760487683331 -0.20635238727956232 0.02595041631116776 -0.0373985501434601 0.46400221253906976 0.4796412795008822 -0.012388197354791205 0.4182959162005165 -0.2547108234072542 0.031856816874863414 -0.036097023832540986 0.3824550265220755 
0.2767350253049807 -0.2584473049024481 -0.046943760618970654 -0.33008521192313295 0.06339473312068164 0.21964537087887032 -0.40644875945438264 -0.31043049015403695 0.4552929559654901 0.4435847488073253 0.04392035354505746 0.11444520249129507 -0.16183019816771235 
0.36249621131137977 0.1332964134568881 0.13093106689792122 -0.39285452384258995 0.28121635243755716 0.22053927442130272 0.14539139846337104 0.19021970309907346 -0.27343216822847094 0.17251642758251778 -0.32229805894007907 0.16302547045779942 -0.3998544776851385 
0.2188231204711406 -0.006515000541866271 -0.23454645269432403 0.1809336822948227 -0.14492931076672072 0.30643158028604045 -0.25416402652439657 0.35135051927204414 0.3778756314008075 -0.1538634784640854 0.2889870767127354 0.27241429701728875 -0.05863015069816499 
-0.1066861886740492 -0.17154255800044846 0.3964401595591324 -0.19301359451269431 0.3366564830620388 -0.05571230442578642 0.34878112511603215 0.2696964917699903 -0.274080484145027 0.05776461148813123 0.13627035919445696 -0.07339348384718201 -0.3979988102742554 
-0.1664685426178741 0.26644358900495874 -0.3502197107713216 -0.35862792261022974 0.18774912839210875 0.0007790157888722676 0.018418174678107992 -0.11576326087628924 0.12644082781303168 0.33906305363576367 -0.1759729132390352 0.2745197557967806 -0.06168913542510618 
0.2260367218421533 
0.00968194658804988 
0.44285658098721686 
0.6791213251198538 
-0.014857128191468675 
0.37644093939083817 
0.0834010753096991 
0.31259285382748514 
-0.37331790813263543 
-0.5567299523607449 
0.5791885459087274 
0.37620701009653335 
-0.2655617319807374 
