-0.09672322054862224
0.187469473244823
-0.14570985011135196
-0.1036648620344666
-0.18832657991379895
-0.011943782767235251
-0.0048134739445788105
0.06673736320347831
0.15382770248810143
-0.07672994757475388
-0.024948851588218888
0.16435088490476
0.040642313492944886
0.08383749873961766
-0.08580853741182069
0.010894704462004924
0.06352642253261111
-0.13646659041397843
-0.2194805179500899
-0.14829951844479827
-0.0287978905303375
-0.15907534511497817
0.08042563735733542
-0.10493773719551458
0.28923450065325296
-0.35133213571734223
-0.20265177205049684
0.09269630473787982
-0.16193288140754367
-0.37062621976205373
0.05286612545757678
-0.09610223148240393
-0.23971193598803556
0.3680977779653668
-0.24980101111189656
0.18403455833187382
0.334265910346804
0.26730740375165135
-0.23867922243569092
-0.19895404772556527
-0.3640836245517176
0.31614301311198284
0.0015284232910438454
0.17037914682495708
-0.20472811628692308
0.39101224066404044
0.1572039825603364
0.12451791049874894
-0.15478132115897716
0.2058508788539043
-0.19697532353689165
0.2726565270256468
-0.42984693047613143
-0.29340775519553985
0.030972021536050522
0.1322482224723629
