98 24 18 13 1
-0.024355230133152588 0.09364081544026977 -0.2094191960547482 -0.10210098071785641 -0.18865545803629716 -0.15482855718206764 -0.1089989047961427 -0.03477150401631615 -0.08126908674058923 -0.00479001197261648 -0.022285004552735816 0.10605620386487535 -0.19482269535076446 0.18811443103431058 -0.21871336831964314 0.10622216160740204 -0.06056057852818501 0.06299805144017522 -0.14303325900713773 -0.1932864068366296 0.1671924179024611 0.26407641287347544 -0.054764886027536264 0.19630438416594417 
0.20356537077579437 0.10872100500233671 -0.18544213932635184 -0.24143396392611727 -0.14379336779737847 0.24942556591134876 -0.24717837277955854 -0.11030409707878587 0.13363450697631044 0.032518588365539516 0.07127837728709063 -0.014841235196477247 0.020799108324324578 0.214801770936079 -0.2332009213955482 0.16768771664732715 0.25784194822883283 0.12210905227999139 -0.09740651042141983 0.11661700901565306 -0.11661423888739982 0.011633216103610311 0.13793006859260762 -0.007912963414165388 
-0.089325071066352 -0.18835621169109454 -0.23621770546302978 0.05400851963756528 -0.12031067590107464 -0.08452805348971151 -0.09277908353330754 -0.2616475548094288 0.04635501181707303 -0.13371722648619502 0.06356536855684115 0.09923287467441194 -0.16355429352065387 -0.030492275417438434 0.04907462513580438 -0.01569995986087111 -0.2368004832876699 0.03160923088519502 0.05602461120388484 -0.005296778333049308 0.22262282905017736 -0.007958091491206978 0.1942185593998114 -0.09630864365572779 
-0.08016494050194138 0.03417277923654738 -0.04458570311412651 -0.22152006992634649 0.14891185054594525 0.02819921956742007 0.09149637636106905 0.06307279189423204 0.08283320076390728 0.14058592089567573 0.09705574597671623 0.024735769004893698 -0.2029624809649978 0.26397063602261556 -0.0600248316237094 0.30105253388337827 0.11075952461808095 0.12008028714382354 -0.16500067643081476 0.15133500917515688 0.07671835591852565 0.11422834092851226 -0.07404778065264458 -0.011504397081217727 
0.1801494968547121 0.022558890492945315 -0.2506938518506228 0.059099123356386084 -0.10870728849829435 0.02464626217145461 0.16947931160517407 -0.03945095288361885 0.1993408633899168 0.06135929367400099 -0.2431609201448567 0.17868449133420264 0.12608410517649535 0.19999713515544806 -0.16859178128537888 -0.14233965549251795 0.1750059792232897 0.08211316320470782 -0.18492162726544098 0.12490263941614851 0.13104181980761226 0.23518842948920185 0.08738730682274437 -0.09887624238756022 
-0.10630033770899171 -0.3212146471778206 -0.21612034866250318 -0.19844419822725018 0.12721888037623363 0.1256382483272019 -0.0027785379286857153 0.09884024605218948 -0.2847142573488416 -0.004752167731327232 -0.024542321637583544 0.32208872939061967 -0.0864736671743601 -0.10103388790997231 0.0982323464037744 -0.008315926328329904 0.2017891862850556 0.029886067630397268 0.13819233282287355 0.0709012641621262 0.14079129677593422 -0.05018343481741434 -0.25686133411336104 -0.07467054383171846 
-0.16648452346036346 -0.24458532904283534 -0.11504007932359069 0.051815018271701346 -0.006385876654120122 -0.12231011620379767 -0.23488055060798685 0.25247660170203157 -0.01765361536249093 -0.20491563558116319 -0.15049729338412177 0.15704921288003085 -0.1240123678855573 0.0758713146835258 0.1738691215928388 0.20879233969643632 -0.07810731462346365 0.04999314624608193 0.04718580464300015 0.14001715134474993 -0.10170467495314452 -0.14601230513937113 -0.27241872888368546 0.04314907704429632 
0.10615790116899564 -0.04245775814769172 -0.07206815471223645 0.22061174613523374 0.010335019193028787 -0.033383378794076754 -0.09596522312107843 0.08094764362386589 -0.028800694304801634 -0.16280374233336806 -0.1730006970881476 -0.017678070959193323 -0.018805846829133173 -0.17906220292652872 0.1000659470598127 -0.13918495606948414 -0.0912589893840435 0.09538814719145802 -0.12166008844833127 0.027700468771635824 0.09118985043499073 0.3137685467992068 -0.06592918023229406 -0.1434586915994838 
0.11192559993833728 0.07654388018100408 0.1625233034940224 0.1670710406922039 -0.19428518941516973 -0.08738349561759215 0.02685471405540303 0.16078780015716643 0.1842597897591165 0.022210148325259343 0.13687696772176408 0.10251528191390116 -0.05466539847539738 0.010090841267866005 0.040998235585599 0.06234480027663453 0.23614154308052954 0.19413967982695518 -0.04131989365779498 0.1928555902188862 -0.13209701786867595 -0.16899020265019704 -0.1562586244515588 0.0337041217433557 
-0.19120380977531568 0.17880632684030165 0.1299300136852221 -0.1938508005807327 -0.1285964178240243 -0.06621948178197541 -0.1468249899027597 0.1228364322841089 -0.061183882878410076 0.17561463188554607 0.03219684652548499 0.15079650787046986 0.1370303442794814 0.16154188343286052 -0.015714026544508004 0.018159333187309987 0.11845924558962566 -0.08468278064753577 -0.00381091156263527 0.03894372013147025 -0.1936415146791734 0.03672102493465812 -0.026015074367054518 0.12197971425200349 
-0.10217748538137666 0.2070269465998976 0.030558102827275585 -0.12481243071648626 0.07491591733498394 0.0006182119252780146 -0.16324326437689046 0.03129791255429581 0.13448298939666578 0.1676362095692385 -0.136368147320241 0.15744359415600326 -0.09596616228176484 0.15075001651159128 0.02203935408213247 0.09138326522543483 -0.04988516610060742 0.104495532119311 -0.09260769855004854 0.12215317469690344 0.08859643868528909 0.1785308443527449 0.17716862225745317 0.12143267421374633 
0.09276223823205876 -0.03599081041385583 0.10362878715176542 -0.030208872870013993 -0.0844102380487258 -0.08190208833520453 0.011973928586236249 -0.032374167075041343 0.10320720624162287 -0.12259150828542822 0.26651787954249206 0.035157006598619256 -0.11911572696037957 -0.0879536866614084 -0.08558480977865265 0.09525816499872695 0.05262959870095267 0.16666673031547838 0.06414597633462489 -0.07809788371309338 -0.1547539837551352 0.10989424415835251 0.08336414537463609 0.18735034061194625 
0.10320426704353447 0.04362370044865585 0.022496077458596133 0.08490230420443853 0.008500884403883682 0.004351719240109792 -0.09178092715432783 -0.17826187798294726 -0.09306438855698915 -0.11166703955834109 0.18279219371911404 -0.09664018478331957 0.13356396714424879 0.15888884667122372 0.06426904465804978 0.0860264128605485 -0.12448781748453196 0.031476933710343345 -0.06101098267149718 -0.1648941443572743 0.1087696918603386 -0.03146328068726094 0.14431890013649146 0.23695121244004544 
-0.0642802481028968 -0.20980241204163452 -0.12184971570185298 0.009779312997914305 0.07185103554790903 -0.156521270315981 -0.18303315949309246 0.20241878776570532 -0.09450174156855544 -0.037684488574478384 -0.1055064220791506 -0.1815262051408676 0.04308943302172199 -0.014819914818085698 -0.14821329194899432 0.07219520892408168 -0.0007796717089373184 0.09992647373377561 -0.14135480128171987 0.05604750911981154 -0.02798075050678201 0.09225756291152369 0.0806477401264719 -0.11688903847618581 
-0.08200083172174488 0.13895024981682272 0.12928151514416908 -0.014821059283113457 0.129550254983929 0.24509999307768923 0.11071822748372048 0.135358179603407 -0.1840858447649671 0.19754623733253776 0.03198393628633817 0.06047652935759658 0.12506144659890328 -0.24165580534864248 0.0973168295016987 0.12224883021457544 -0.08274163860835165 -0.11113154414832006 0.05207582092133837 -0.037967149662248144 0.12022400490231323 -0.0590495711957085 0.122466140837905 0.21965473749610742 
-0.1472608151942334 -0.1075993300610856 0.15988845216690054 0.013615183066613128 0.17978354768127566 -0.0339574662875582 0.30275919331173984 0.013167836784440784 0.03332433729911596 -0.1547523700386139 -0.0009969793558397937 -0.2886443626930527 -0.1434185929156317 0.050609893178538375 -0.18759460086829155 -0.09590997837837964 0.06749347869360713 0.0781257699888233 0.0753753898825861 -0.11566065449519963 -0.00959315570695335 0.08597179156550187 0.2871611029828648 -0.09857806279131945 
-0.12725389914609836 -0.10229841107179048 0.09903161740904852 -0.01685455781185919 -0.17681724150165043 -0.04691672422867046 -0.12395812809023138 0.17034213409600957 -0.10685478916594675 -0.18873051591357257 0.03670169801298624 0.11504570049063409 -0.00983905511279163 0.07491671130463706 0.004356712383384033 -0.021539141954559315 0.2157294424797535 0.08395166942172222 -0.18681266399215835 0.08199621963219308 -0.0033996877220329367 0.21038201940803655 -0.11041301897326757 -0.09213222491234985 
-0.1946226661227671 -0.05196744147363667 -0.16046457388048635 0.023321128004136632 0.08882840293351563 0.15191924045577798 0.13510597971869934 -0.08663226452919674 0.11320819167868645 -0.062058545144951134 0.15722163004704803 0.0954152221368738 -0.14972068481657513 -0.14006822882117728 -0.22237342296147547 -0.14140378563661044 -0.03250501840272405 -0.15734099040661356 -0.1978104476329824 0.04700116781661014 0.004399797067500077 0.13205144230532656 -0.028773672755788002 0.05589193877600238 
-0.002074439275036111 -0.044848871603600335 0.11238592534908123 -0.03363761964604123 0.1405688701922232 -0.09655477428142095 0.10933673526099111 -0.16293623256259016 -0.03276676742868533 -0.26751427237519587 -0.01266916455556044 -0.13818173169522327 0.23499501001934886 0.2466449529109855 0.10197864726221557 0.26893648297394596 -0.16246788738094367 -0.09485507562073936 -0.1239939870819828 0.016111886769516796 0.2387504835887573 0.2784754185690328 0.04537914002842717 0.15116520784255416 
0.1640212618248507 -0.02744454589326361 -0.09902237137209023 -0.12770131583444538 -0.21825232141719392 0.11273385156348466 -0.14226097481541022 -0.14708031243419106 0.09535852885946194 -0.031027452908550072 0.1844621954139933 -0.08748794842669814 0.08269285280931613 -0.049510982176246734 0.15009936728330703 0.01033589019802949 -0.04927433315466032 0.010517725463722497 0.16802858468199824 -0.196069484262393 0.1309387682300773 0.20199534950694117 -0.14508065448619203 0.059392231362007164 
-0.08358823850868137 0.11570374309044888 0.02294300116461836 0.0963245460348117 -0.0793144503069051 0.07106693633609197 -0.06969497828181642 -0.3089790836397345 0.015419976467027445 -0.01993437390695637 0.0039006699671052837 0.2221784526493376 -0.08689681606212017 -0.09723361429895158 -0.0748919761525923 0.23001670674944624 0.22552160820337028 0.1661916338892152 0.1629414169442309 -0.17882159257760688 -0.14822238359218295 -0.1293680193720653 -0.037559354475957006 -0.12957486074579944 
0.13688479627472927 -0.024158623330839398 0.11669341863945394 -0.15166279148159134 0.08067028056567276 -0.1812057766609713 -0.012802755944965038 0.028517735470759496 -0.10854572493485494 -0.17868075935181443 0.06636489400371225 -0.08363367488521718 0.017314519339192078 -0.2364537447851138 0.009717379429113698 0.13583916521610856 0.102505941842527 0.028586525003541686 0.19019256519530572 0.23210009613021673 0.010098940813485793 -0.20485991246237104 -0.244080027647574 -0.2132172106315503 
-0.018845586020127758 -0.08166895804668574 0.23328772643646747 -0.12789786856155722 0.1977981118850743 0.09616977794805122 0.09731225759620203 0.0766652766291608 0.07643053022547346 0.015662911135710333 -0.220646328575478 -0.0670881989757259 0.008099567609977534 0.07863693244658812 -0.012281566660474502 -0.006199864557470956 -0.15776822622105277 -0.25894802639059794 0.10227804321008448 -0.038991224383937345 0.2483969549205991 -0.15879101711268956 -0.06967424471088222 0.01266657314617084 
0.12344977588180044 0.0918236581674916 -0.14931951766096346 -0.12524040930761274 0.0017664798601498034 0.07110238663678742 0.05241536099934328 -0.15042640580423264 -0.21275526589729704 -0.04408681104324554 0.0956767883826262 -0.22750205561620568 0.12100926205246934 0.09504237291641252 -0.01989068711198916 0.154139549239462 -0.014869374688346444 -0.22917574045765596 -0.006090577542324014 0.1277009307936051 0.14170870193471774 0.04345853754004555 0.08853871411899232 0.014070581940460987 
-0.09553533988211478 -0.06283162140517647 0.06772788480409367 -0.058129963907064604 0.13817318782088725 -0.09968765597221312 0.05814309386682724 -0.1345865870432039 0.03967692102063277 -0.028353751367138608 0.10037280978877398 0.010274569460023562 -0.16397430378527827 0.15326561800795918 -0.07554108692836617 0.15911714074247962 0.188064706668445 -0.11042747823196969 -0.11335140809976571 -0.11944335391009282 -0.14217294174921308 0.04582727667273978 -0.2548482518928661 -0.1253935831908678 
0.07557918322399755 0.1338711619171244 -0.16724505923971705 -0.10629376162899594 -0.11595637176971353 0.1836690454016065 0.10629695387453261 0.05968126560360126 -0.03932160366654965 0.046918445011418265 -0.025373618728277137 0.14952413598118497 0.13126086883882998 -0.07062534317493588 -0.1487588265597267 0.17682003048203898 -0.1972305445083361 -0.1910918512090674 -0.026997222809021355 -0.06142981276630706 -0.08787872478704013 0.0663902105308232 -0.14953998848279168 0.09251728771188433 
0.052168763119525154 -0.20167463147177908 0.03967211311639809 0.16434294090913884 0.04660766929049702 0.1348743554582029 -0.135991236473122 0.12863882858306946 0.18405302636322482 -0.036976948632908464 0.10003365520349103 -0.1412650583970625 0.11395512271807186 -0.14180136845437946 -0.041232449876458896 0.007085308489717767 -0.17024107896206733 0.2219494769941039 -0.051102118617312474 0.0059749431728747734 0.02120668442879378 -0.08439682472043565 -0.22644784864075668 -0.1690045699825232 
0.06299278694613707 -0.14342304778952913 -0.05629223711417379 -0.19988517533269187 0.07833281471524128 -0.12398118617532836 0.15971116255711065 -0.1598110356966462 0.005030418422339448 -0.16314780435591691 0.12601467782483466 -0.11635269581062739 -0.06664857819539129 0.09345845573502094 -0.1391817009455979 0.042057155123106794 -0.09145718445614591 0.06818944696462133 0.08813065497291632 -0.15449022103356114 0.2277259225239754 -0.22193376420950248 0.13308811447514257 -0.013422730036824324 
-0.07439767286802292 0.1215878724741948 0.07913288815298933 0.12589413720360215 -0.0972654431914668 -0.11439337629371947 0.13349703241391161 0.20898568190197298 0.05382450352476453 0.012913696171621965 0.1254941649740187 0.15489429460599227 -0.12419399013280152 0.12920882308287376 0.07369690244482305 0.07079133020015846 -0.01043507865603062 0.07791218832086379 -0.1986976350702182 0.05479778803228884 0.13384186063612974 -0.150195715884541 -0.23145518539279678 -0.1642952834291951 
-0.09577703533370113 0.14495494158062777 0.016910223673424103 -0.1800833227162928 -0.1438536742079197 -0.07806323710173425 -0.007935805241712212 -0.06937140587742738 -0.03653516072184669 -0.01623397011160829 0.0723794876800662 -0.010578596574226998 -0.06808416055276918 0.07083440778277507 -0.11039322765836708 0.05620376382448788 -0.05488546388254133 0.1088151475725823 0.15020174780594672 -0.017883634298063986 0.14558096238803056 -0.01354847516053303 0.04986278957565225 -0.14648402844446223 
0.042453674551825415 0.18023517101616565 0.04146004657532182 0.08388735503781733 -0.025932161583063093 -0.05293072125923137 0.09026708085877103 -0.16274172775802523 0.041040406898507784 0.20434474923965043 -0.004519620220753724 -0.13245198165268784 0.18023534821908452 -0.13249127680007372 0.07927484456560137 0.04370122473919403 0.15219068379698936 0.10905235172576364 0.13430646469882848 -0.19673505442633477 0.2632508876210079 -0.10849881938112305 -0.05138475391452932 0.18568305761038195 
-0.19632541684711738 0.13293585858786922 0.13400761877033932 -0.024888129401291415 -0.09666292750946978 0.05945812139779381 -0.04044644643619442 -0.10559642029365215 0.23010577625192385 0.19262256210501666 -0.008100026058149346 0.12314056469261285 -0.08172564025129357 0.012989088318950258 -0.06191935056277664 -0.030336999435433273 -0.1354900759769875 0.18268616879640254 -0.08129215689088869 -0.16349195873459882 -0.161240281986481 -0.20423904412892996 0.05592630567937022 0.054867932557893226 
0.1580145356754819 -0.03254034706206509 0.11573411711049013 0.11209410510567398 0.11012459642603567 -0.01951929028568437 0.01136143543057614 -0.11070874198764555 -0.04180913490599627 -0.15889573079884103 -0.03588476177144221 -0.1210381482890594 -0.07428340946871351 0.15443880226987977 -0.07089116641788298 0.21320651875875427 0.040896824784206705 -0.04503531850330731 0.1383111108860285 0.14682559137562948 -0.08823752844205637 0.10687252390149583 0.0047302438557768715 -0.10780490878804515 
-0.06692986172022039 0.11132643477340955 -0.09150132138769483 0.16228193500835955 -0.08086411361387112 0.04334878677858337 -0.021937498453513143 0.15414757012347347 0.19148506550197772 -0.12530051136652068 0.022592636814568943 0.159749753843867 0.004934977339933901 0.19025068929875139 -0.0873692742381679 -0.05073671285142188 0.009762424240534388 -0.1076959122374915 -0.19436009684177966 -0.03269442992198135 0.17040988505174673 -0.09571087567365773 0.15197828542102151 -0.25054128670763676 
-0.06228952212673989 -0.25051976846405305 0.07906680741732205 0.0017449428450322393 0.07440150339777737 -0.0774761058988974 -0.027258942833712524 -0.14267607911288055 -0.1228088026972378 -0.050401769613987235 -0.0569879189342658 -0.08367547844671439 -0.016752429640443777 0.18670831722664924 0.018133795269057076 0.17599038123970126 -0.04275591188184201 -0.13937722647595494 0.005543909722935799 0.11475246697322641 -0.07119655487218093 -0.014552699685489778 -0.10075168278251202 -0.0010595079908659413 
-0.13451253647257883 -0.1566691522427736 -0.09420833710473472 0.1546427007431263 0.11206577705174448 -0.034900261744536865 0.03392064642167793 -0.14098351670265963 -0.010566990313901192 -0.08020272767168896 0.14134069530919316 0.0947488158509721 0.04475925011708101 -0.09741265944962811 -0.011513162746694967 0.23330140716983372 0.1258601524291013 0.058328606145022964 -0.13845829526234638 0.054780614164746 0.04080408612529129 0.018828850343166503 -0.10450033473402581 0.03900669995752355 
0.15374672215409227 0.1255224187244678 0.03115065733532684 0.2347277939173592 -0.173647699982773 0.17633947397491376 -0.27839339062502294 -0.11922323471727378 -0.0381495649703766 -0.15837398663179827 0.02527197590801727 -0.21092505279356386 -0.06892457316367755 -0.1684139990127717 0.08038874189770376 0.04852739240741048 -0.04510267909947108 -0.12376766186652083 0.09776356108441038 -0.10138873507636056 0.12537930359091162 -0.009416369185872594 0.014750721759060866 -0.18837071839655017 
0.013945003084852605 -0.01694622577653088 -0.10729514953489842 -0.05706783193625924 -0.04622683812754645 -0.017482571852254984 0.2720625518424896 -0.05339107403126761 0.1800106616243838 0.004395623840174139 0.2425748325068374 -0.12275862256972728 -0.09442969888096196 0.12331340168140877 -0.1822566491497511 0.14020356676790618 -0.016504451672891118 -0.04864300865016734 0.19795048055754902 -0.17623552495376332 -0.04119329466130384 -0.18731107254184498 0.08929036354865981 -0.1268765046345057 
0.0690994683338112 0.20166617149110136 0.12985484149674903 -0.01887313483871938 0.07362810014830314 0.175752607637046 -0.03773913024302262 -0.025093738506558307 -0.18690061701587155 -0.05216070231890106 -0.14229284924302588 0.11558343475291631 0.017875941070654086 -0.01949559431446526 0.14587464419614576 0.03423050406831576 -0.07308410847176472 -0.0914046211682248 -0.1706980890700193 -0.03213757821185745 -0.1581887730433168 -0.07880308680256047 -0.002554947666465098 0.21918477609266282 
-0.1555619893811206 0.10441656903494305 -2.642835426245749e-05 0.10982356782650458 -0.1417335647334608 -0.16616175914338538 -0.045932610819447835 0.16876507660198473 -0.10574822509157675 0.11743911474550402 -0.08285518890808066 -0.15577799548482632 -0.19316041117780738 -0.06795341807324988 -0.04677530355755932 0.03778983370380119 -0.19470039374461873 -0.1746770496873823 -0.19321725823055286 -0.15377690472863476 0.03993795810592724 -0.03824578294000026 -0.11195325088221242 0.022705215607957345 
0.24623566663180776 0.09535337759804556 0.07883512725104393 0.1493300292674119 -0.18380280324372286 -0.2803067754344702 -0.023614055039773523 0.003869829741977927 0.15383300726686167 0.019591083339488086 0.004171021400253647 0.21533837585168983 -0.10404436267038093 0.12932126086904358 -0.0975287759597871 -0.07390440960629924 -0.019381544935246065 0.017005187317637404 -0.1109363296527181 0.11223523397748536 -0.07843084186966028 -0.16174734699623447 0.12656499021385204 -0.09140542895768879 
-0.04282546452468093 0.09756960318377465 0.010097933008606964 -0.21521278496879884 0.1488946098154454 0.15185553512361083 0.20401935467631527 -0.04546206756690076 0.07553021244693066 -0.06329702714401496 0.015096482841662378 0.14564139874465934 -0.022732525475348837 0.021364050139719797 -0.0686439109945775 0.021502383323950665 -0.14614942196431782 0.1496004844223861 0.09964635259561042 0.09037738080027524 -0.11505697839865296 -0.12291355164475502 -0.14236958547898187 -0.07029044564365917 
-0.18486588078063365 0.13714558506803898 0.06717917597603952 -0.03424378232608159 0.10608979685617319 -0.03490509536506755 -0.18374948406150643 -0.14529175360373994 -0.0850892990202495 -0.07690314402206387 -0.17869135822061813 -0.0025614779054400957 0.056732532997018456 -0.002067661495104604 -0.026535037542884613 0.09180538000247246 -0.036452817861763985 -0.19369431657271577 0.1484672008276851 0.0491649046048602 0.09271266059073918 0.14207748471415355 -0.19365370665976023 -0.10494291270090458 
-0.17421430526636286 -0.07489067568525087 0.1350749723643345 -0.16680149923905618 -0.010523630612474804 -0.170739227254058 0.08250772260080369 0.12190289134374391 -0.2409847531117313 0.03248821113222426 -0.10320387137022 0.23816923701359488 0.15924834804493088 0.06665020230755797 0.1782060425981208 -0.055290311302450525 0.2107880519507718 0.002409831999594084 -0.10464518437584028 0.25454782743488563 0.10844857903826914 -0.1735780809827452 0.12841984288091762 0.07218671348058106 
0.07132242708223947 0.055476400027278966 -0.09758589509150913 0.05582130304976727 0.12489958566090459 -0.19877885105226073 -0.14702137430191073 0.12600759328908814 0.05217201969480985 0.017390191667534843 -0.09964697328544767 -0.071090454561987 0.1445528275568535 -0.08146990370304376 -0.17377335868994864 0.1836123512004215 -0.1561035986488164 0.15696865894274947 0.15198443527108685 0.018663040838871364 0.0652167125157954 0.049122418564546175 0.041509602275886945 0.18020181177180555 
-0.09876633088777405 0.22085888514993185 0.02655311884720967 -0.1532484976931613 -0.10817904093280446 -0.01480453711533374 -0.13326671696023823 -0.14665581918819443 -0.13821253703337844 0.11439296883499152 0.030005882066394877 0.1762930422326389 -0.04591168052489409 0.09323360555842106 0.03173489016243818 0.027688036433376178 -0.17319918687593588 0.1106611186285208 0.17250806513040093 0.029491651545135996 -0.10852461085689662 0.011780779104855584 -0.20759233530571752 -0.06773349711875633 
0.2721093114278032 -0.05675211366685822 0.1412481934117425 0.04114112602083969 0.12810296709602292 0.2560254146355913 -0.0816542586062784 -0.15007433819631683 0.0003778236462226148 -0.023389998977694778 -0.14854645170327738 0.13642556714271867 -0.18529031942446728 -0.05286170156572803 0.11432044741717927 -0.14409473449255014 -0.013331249301373553 -0.1912643577018123 0.19894110239254337 0.03220307505900469 -0.06939946720388021 0.27670204197492726 -0.09224629666388685 0.006239242593466584 
0.04821922321987406 -0.13441248626318048 -0.07687738712991564 -0.052761865556706665 -0.10118592962951627 0.0670491253975984 0.13219444702591984 -0.1707243725970273 0.26212159442127253 0.08651518434356795 0.1708899132372546 0.07279108862051678 -0.1159448263684559 -0.10182968807460957 -0.021295489509755506 0.022212043732925322 0.013713248396500413 0.08070544527779945 0.07167315811796611 0.13784451742998935 0.014098473743238568 -0.1455939182303846 0.14609315562157205 0.03135800660218125 
0.18603650300673888 -0.11768873891879414 -0.12840209189477933 -0.042812715817693636 -0.07079352843350559 0.1487818289498394 0.0242026759286433 0.10672487157149856 -0.041036881838474606 -0.15958525503659454 -0.1532760065961136 -0.047421015518402374 -0.12149381697569292 0.15079000021908448 0.03915136868545232 0.09261777408741315 -0.019839068676553183 -0.16414770055792405 -0.10494059878405264 -0.015038181657857285 -0.11958662340961769 -0.18959661618613544 0.09223181866454605 0.07335274886725857 
-0.06688420906897326 0.15630725485190058 -0.028076001701915636 0.13602652689447448 0.05613794516842218 0.01853410506740446 -0.1187280837886367 0.0035879467081996437 0.17629709874935753 -0.07699468239264569 0.15941299047665236 0.18397674470093095 -0.06710179384263763 0.06360763094109664 0.15904346870757968 -0.19236885604086632 0.16472721239427865 -0.12270368031998818 0.1390608416222133 0.06350466626642425 -0.06293480727582809 -0.13859918710432304 0.05890626883089144 0.16073313248224694 
0.1397126476763579 0.06857326115710093 0.1753255211537375 0.03531660864120915 -0.11989161652770888 0.019558047881677913 -0.07398672643645104 0.2119242100497531 -0.059872240275907644 0.2191843381697408 0.00735635720511555 -0.13835919851225043 -0.16965922951317167 -0.05307241035239113 -0.14988677772456252 0.06437826319804824 -0.040999122125473506 0.2019134538752954 0.17149605482547958 -0.13946225321241376 -0.04075439141976841 -0.03840947975554196 0.02369544514387962 0.12505385448821815 
-0.012799981041791524 -0.06852622496780496 -0.09416061919942917 0.18828264811278192 -0.19090006731363943 0.12624355568658907 -0.1236573806579964 0.052458754809510746 -0.056199800557581225 0.20375180646601318 -0.15014815431359577 -0.14581456064908763 0.1814314912850291 0.01635362271614635 -0.0753002835537994 -0.19965407081705297 -0.1340255469125708 -0.14100852574859926 -0.11764049520347823 0.1885540372775682 0.15733393470324217 0.08146548562791907 -0.00372294048148509 0.147974373128748 
-0.023113966801885967 -0.028263065394118065 -0.08872260183771594 0.20776064561593915 -0.04443795932758306 -0.032088061261981084 -0.12224102113347601 0.19781263182838363 -0.025526270485193202 -0.07995243113942303 0.07860956941527263 -0.16403377885861484 -0.1648396353287486 0.1255190030758775 0.09661535211899598 0.007115580620177704 -0.13884087578545876 0.050728721734278545 0.054474699145812745 -0.06800659792383822 -0.17253237415031175 0.13567183567819716 0.010112843810993529 0.04501834503318863 
-0.09740595132976292 0.035894394751656594 -0.02793709076321951 -0.04637198976831275 -0.14855547225321855 -0.10125856377997228 -0.16772654368881165 -0.0778458904484272 0.09564256562732615 0.04523105211826861 0.06799885919944419 -0.19655177233945956 0.07037233143149098 0.001243190725806824 -0.10661207101733079 -0.12911977310828743 -0.12505967180022784 0.13683903063596986 0.1928777736520899 0.1649228147900967 -0.06013849566282711 0.11107809709920922 0.01820166967956169 0.12563324072724835 
-0.006365212034529296 -0.05806661564630947 0.11390373383704624 -0.15926382541264048 0.014492358626013868 -0.012346354110741442 0.015970215909240953 0.10345105020451308 -0.14661673107513934 -0.04207191555094631 0.05931030512346652 0.1617645602164472 -0.04171181484994645 0.17754179405491824 -0.03771475593963512 -0.14475871242954322 0.0793448031745946 -0.06528296694276257 -0.11180313654244164 0.16894841873748326 0.18139188620505736 0.03882940685334588 0.011505016403482103 0.016440849437874366 
0.08479335052463097 0.1778273738130148 0.13658173138825747 -0.13212241393958474 -0.09370493736760518 -0.21208834458861117 0.19987388047326296 -0.10441693695520002 0.049417208216352496 -0.1635575016782484 -0.1284169634955268 0.013435951609879 -0.18749073845262693 -0.016407710186319823 0.004100612212947356 -0.05924817313885458 0.027928943867828338 0.01439865148883113 -0.04300590652215355 0.05745748249864787 0.09150106857383984 0.07969483734188168 0.016926258283380152 -0.06227473223984642 
0.0444781330326443 0.18416932672036163 0.03806625026644442 0.22362204368534838 -0.02313055923542777 0.09261805835728393 -0.18466625374960186 0.1119698241971059 0.027320021689886807 -0.1978002892251848 -0.10125501832375473 0.022557197585260945 0.10615952028400379 -0.21041994734141664 0.01922271118891342 0.14073176905985665 0.01931935142155531 0.17642339568633064 -0.1695954228377964 -0.07992159564704243 0.19235968947972715 0.09565176142498011 0.03489045290080345 0.10369147404585695 
0.2147386957056698 0.1756335632905257 0.19936282315875456 -0.14333101537813642 -0.1712942205663453 -0.17010824624668283 -0.1939627883125547 0.17026547400530476 -0.21945039506815503 0.13582169066357397 0.06434098319254129 0.033195630431252746 -0.06040630918784253 -0.02543475810173194 -0.09742585887930251 0.2220300430955798 0.06298895549764788 -0.1894137888964197 -0.015069905182526606 -0.08644656072211192 -0.18757808819269176 0.20819460643245177 0.08055218069705783 -0.06714533065570157 
0.14151005223922133 -0.07319488964242706 -0.07584368582909333 0.16082724365248974 0.2677204616896519 0.08236290030955257 0.1913127229900816 0.16135991101635758 -0.0031360965516167225 -0.05670266628538753 0.11506768231139473 -0.008203410675382933 -0.0030895302734130306 0.21190837172200128 0.10854702868084713 -0.08036535844629904 -0.22078035136406693 -0.12509080621445784 0.010509452149298241 -0.03254518820377931 0.1454650227744908 0.19245838608102245 -0.16096676121360182 0.16803603614751864 
0.18263413497165523 0.18347746346817512 -0.18456111806232536 -0.17655175939075796 -0.19760449648417133 -0.07393213724565696 -0.17731693727610093 -0.08143305190669692 -0.056706817718919465 0.18112385551281404 -0.009019143980263137 -0.08766982330401735 0.0011745853705595521 0.056458653313680274 -0.15480850357965886 0.10219126570233734 0.13993903566577384 0.13683493962561935 0.1555173892621001 -0.04647418288335641 -0.0220298890717862 -0.15871868991618848 -0.10865807318662128 0.18829399828615273 
-0.07645356745470815 0.1459562259902601 0.15553577643210809 0.1560969674924626 -0.1366738807258811 0.17983069838178095 0.032665570227542046 -0.1147504028098796 -0.08257375657517663 -0.13515424994185696 -0.026905748394312586 -0.14753523918669084 -0.13297797595792574 -0.12014746827927424 0.07540933253730996 0.07078457030747513 0.1983254676942433 -0.10828585503159381 0.05100788418749887 -0.18595569401485865 0.0063360099548730505 0.1801398232941688 0.1784121830074012 -0.19594525627499776 
-0.09782507877121825 -0.13663581578557804 -0.18063053374460403 -0.19582334818251051 -0.003833684908798723 -0.18146538744588453 -0.08763399821099378 0.05511676551930849 -0.11710415221304124 -0.09109974859765986 0.035562619686615136 -0.027577170411888258 0.06166721706924113 0.002023582771514264 0.05243483091875873 -0.057747149281899224 -0.08415384657925104 -0.14593225909611118 0.17438627109123886 0.11970853782134289 0.22122321976990766 -0.12489970399382223 0.16370568776258787 0.21947408227844603 
-0.10051873412072403 -0.06943074837702441 0.02015728527406305 -0.12493643448461825 -0.022700061340810852 -0.12093941001981044 0.22799860457775148 -0.0024140859042807703 0.23488555450886395 0.034425769153864284 -0.006134687258644425 0.17614422480131417 -0.1419019468487673 0.026292769421684504 0.06381558357455891 -0.025950720223963646 -0.2260428553748156 -0.002845086720119242 -0.013652258372689212 0.16640712543652805 -0.09629645559500007 -0.04268175656497202 -0.08370121747269822 0.07358350038872534 
0.19584610684030251 -0.12809987131411815 0.12764747441833624 -0.10657994936265178 -0.17639252915500714 -0.14366722478813665 0.17360433008307152 0.15472266490918524 -0.08326920593172656 0.1787226269087763 0.13912604018254227 -0.025629920176516472 -0.012508561871158718 0.05110497070756812 -0.13591495835036727 -0.19394720381739083 -0.09275597221009522 -0.1936779935732884 0.06882930694889836 0.020171930711972163 -0.07036233585582634 0.1110691706172681 -0.14085446194804505 -0.1010126402930332 
-0.08205089859391207 -0.12065580045740791 -0.16424289699870992 0.1472180392084852 -0.16414163862340295 0.07249523263908672 -0.15110659634368553 -0.19560901479873788 0.022452025681823314 0.16223706688484052 0.1433738071296114 -0.06368058287195354 -0.18891235910784632 0.11936588770242354 0.12142654330153149 0.14661695280601816 0.0668994569032582 0.12214795062824732 0.15834624670272912 -0.018089896111130883 0.02267111955220781 0.002396795613537979 0.07579043533926953 0.07217535459860006 
0.07703634168938335 0.06796454457224864 0.0022592458054007687 0.12496652371999482 -0.0862293993088268 -0.09840723457913378 0.13110232159999896 0.09130366492865265 -0.18133937101162348 0.10077849363917792 0.12619732584239285 -0.11033441838470728 -0.1660274004157072 0.04802043605958322 -0.10918497051976733 0.1937029288901596 0.07223269984336268 0.1367546233627192 -0.15619672826086414 -0.16572396505002 0.13166035865682152 -0.008119681640798581 -0.16452086569372829 -0.05074171080368387 
0.06789278872562698 -0.12320725110048024 0.15763028490716777 0.213415980758262 0.17995365818854958 0.09099472517028154 -0.04460932461451774 0.1227844952199909 -0.07938677127192367 -0.0732407802263453 0.04162500478337992 0.02805265155013706 0.18387980190712022 -0.12234074429350801 0.09860017510205686 0.18059996491839103 -0.24129004400159645 -0.00935682762055219 0.06188960827275281 0.16962069687002973 -0.1771262850203616 0.14337307844579253 -0.05339606476945158 0.15878794612838715 
-0.18868752312941847 -0.16527539476946324 0.19239794058277612 0.04305035787193373 -0.03233622375831303 -0.1314083956939961 0.05905499668762077 -0.18492180025321583 -0.07435719974740022 -0.06963373462409071 0.04223592308281851 0.05942418865766473 0.13756271794037964 0.17053303749830132 0.06324714585381044 0.03068292772312937 -0.03980256605763833 0.18637996153159772 -0.1375087702960199 0.1573703752726084 -0.0745965226518596 0.01900096247566156 0.07184071425188225 -0.10438264724589986 
-0.1320036302994558 0.008179287458346746 0.15220819914731754 0.09083407156728154 -0.15168367133250993 0.19643418733499424 -0.007927467795247958 0.20386448818870104 0.031072407785061346 -0.1655137654863833 -0.11803059805075455 0.1515819754265309 0.08511076503326648 0.15166770714105388 -0.06737958856584453 0.010960071406492354 0.059611264940368114 0.019645792513167303 -0.10638974030945807 -0.02871457641475433 -0.09971875569148556 0.13575928255482214 0.2215889576900528 -0.17290497430637888 
0.1252410633759559 -0.09758679929129573 0.04935519724153212 -0.09570880273502297 0.05949419302459005 -0.05070873674742319 -0.11686034706490339 0.15029545960152732 0.16422505186090813 0.04465125704572321 -0.1132086191097409 0.2237209135941046 0.0798385615461011 0.12496321659617945 -0.11431140216779657 0.12455267395744272 -0.0905221409451582 0.051805351069643304 0.08326923202389062 0.07564397126527317 -0.018295778248491698 0.14447870717949418 0.14673884165884626 0.03432896130740941 
-0.16324196586351253 -0.08460290350599843 -0.15722901977930218 -0.12999327021510396 -0.14866961514857768 0.0685642884496828 -0.18393169205814394 -0.10234347604938351 0.24560747382283568 0.13510180872671176 0.041437520965739195 0.13227426896023392 -0.1822902543118102 0.12019629305239551 -0.07448379349798052 0.05371609689934899 0.05767399768800449 0.10185894642408914 -0.0162359497093958 0.26906170577292676 -0.09580349440627728 0.1134100428893484 0.1298821983660485 0.19403958268613425 
-0.18668225390793022 0.14940242160902933 0.025712199004820916 -0.002961856877961594 -0.09527331736388311 -0.06830043881876594 -0.09917790820326006 -0.11128177730051461 0.18524768461539642 0.0009360587986147033 -0.16616692482740256 0.06931619131669307 0.07037271093764616 0.06507615124377039 0.006020948438673481 -0.03931651057734015 0.16063014719299956 -0.18847165282946118 0.17263510172622523 0.24292298908081852 -0.06023548227375471 -0.11320978732040382 0.10796115592887418 -0.12788134269077742 
0.1027942438288077 -0.10773193929958406 -0.08265242082386519 0.2134757785465925 0.16053958678523725 0.026917309029522187 0.15030849122996467 -0.05808911463555966 0.22884600160745738 -0.026009803109481942 -0.08105428899523195 -0.1922833449912045 0.2172743607576862 -0.023050131617779794 0.09279477169289634 0.07254203096558674 0.08937540850566733 -0.17917942956250463 0.1674780799562323 0.19265608662096795 0.03470163552592085 0.21697927060477368 -0.10959063652522416 0.04014319771805805 
-0.040692698674072804 0.1213556077802934 -0.07873327479117735 0.19790502230051757 -0.17160085310910933 -0.18292970014404833 -0.1798756475199777 -0.13897050756195015 0.010032492578102823 0.1383933558785425 -0.1549906141619717 0.004630059766034134 0.07296653345631308 -0.11950734221521019 -0.1197443092407633 -0.11074955854278545 -0.18213995912537398 0.08423683719743294 0.06061876510888748 -0.022043811929070053 0.03720091857698929 -0.15532208709838857 0.25174817799377375 0.13251225511322107 
0.06268218776285918 -0.061162746752031066 -0.03275643563928331 -0.007374294605169428 0.17365733683162435 0.16231351386530277 -0.024546817674654827 0.01745897460264236 0.15574810291589958 0.20714571865025297 0.05480357555966245 0.11948697436493493 -0.0640878702165675 0.16913299686009775 0.13381237854163414 0.02040266961823792 0.17327750210882592 0.14311641299177222 0.12240232359081024 -0.14694779481832757 -0.004069429661335691 0.18644170472218394 0.10974919324343774 -0.031121589911521412 
0.1909618575302769 -0.09865305022316437 -0.06560461352197014 0.18133648493232313 0.12252458546157706 0.1594964309212433 -0.19524651270187174 -0.04729656863038569 -0.10476249845558992 -0.0806063518059073 0.0941586997526197 0.08859792951053626 -0.014960734321944268 -0.053035769997544564 0.03325270467523998 0.013197851337931922 0.019822427106124356 0.04541356673561145 -0.04101453507101742 0.10766551818582829 -0.09848089483805604 0.06138142103882314 0.1838539428254203 -0.19851768112317222 
0.06708957876435159 -0.1554763099467675 0.017154114198275058 0.049941577133692 -0.10178713582530115 0.1550603463420261 0.07079046545288938 -0.10629681651687012 0.1398951965238095 -0.15713006535804813 0.02164867153840753 -0.19554024160109534 0.061203561020329485 -0.13564665070018025 0.05888260019668063 0.08613420459865975 -0.009928819080304204 0.054237849968927596 0.12436633768504965 0.15277833475408256 0.03474493047809152 -0.02747079460551811 -0.023718280399568924 0.14724170807776438 
0.08015439960832589 -0.12507896324925766 0.0257822304125433 0.16292513580529783 -0.13887572748380797 0.13734618864611933 0.12714658859770414 -0.0002574965309003907 -0.18467439257367718 -0.14016163444692037 0.16852924997248775 -0.18200456839225843 -0.05017336461338588 0.04682324001151993 -0.12024729263445494 0.1922633908119283 -0.13674417544464373 0.015541094549109237 0.04641629703236475 -0.10657939225403855 -0.013191283078391305 -0.003515548014645266 0.10571830293058539 0.05285948057545809 
-0.01270447351312581 0.02736272531924688 -0.018267658347470628 0.010062510636121442 0.06249642884545813 -0.12658393550774266 0.11704331795492023 0.03384279564692229 0.20043420350230448 -0.11003163935706575 -0.013207960863903122 0.1874120290688521 0.03986141335364985 0.11199122189642242 -0.0338988878610643 0.09259489134568127 0.18654511611671154 -0.11894569046491957 0.12198161844047316 0.21467210340050802 -0.1940340290909628 -0.11291080098204126 -0.15232908010960663 0.08848608422332994 
-0.16696660498060326 0.20636788473195053 -0.0434007122855282 0.24677950247126915 -0.12361345063874596 -0.02318343458827205 0.1439174872616823 0.034359173113120506 0.051898453892105165 0.004946927646185271 0.02899305435770216 -0.018810020055922957 -0.12486994265288162 -0.1893064445975117 -0.13865874033756065 -0.17861908003239704 0.036071249704831804 0.10022102333931587 -0.05547609292581187 -0.16936050136134786 -0.030627490312711714 0.025065042264807266 -0.04254060389360234 0.1233313985108309 
0.1728557562240674 0.18644051560185612 0.08058024773383768 -0.011626461641714577 0.07209222068516785 -0.19450221451453864 0.2374627935112349 -0.13025511171470985 0.20500971811948282 0.11219591757059443 0.1160646081727997 -0.1269363498496772 -0.11132757226082973 -0.07088863179644653 0.13890037110891865 -0.0194454791733149 0.2222361021376897 -0.058030876941970344 0.046962759769727545 0.16560185863155502 0.03931042208022609 -0.1814588597929453 0.007481234986564761 -0.06515102161705866 
-0.0068571992628306665 -0.07636463503213746 -0.15035464277724783 0.06635965431796878 0.07155947964431343 0.12447452601186312 -0.14626571236576036 0.15135906139359956 0.16348129440607892 0.04155840314437682 -0.11704248205083961 -0.12389759452014724 -0.015532738619533693 -0.011579459745560381 -0.008828322665131892 -0.012739837088541392 0.11428330774268801 0.13975213091083322 0.12575862385759937 0.19999419207363908 0.017767878798629927 0.1852545501772449 0.06406178066244872 0.02577618214458982 
-0.07129777066882076 0.0714975546687037 -0.17883235333118763 -0.14539137719733333 -0.14712983624513637 0.06115923789736777 -0.1289441747121048 -0.06260969640498969 -0.18194084827566223 -0.10547907310627702 0.1854092571029663 0.0035734178407309794 -0.13872062011794817 0.009003257600744401 0.17699536306094607 0.14548524295221602 -0.042430514412185934 -0.0854218722334503 0.10366106209159354 -0.10277381799461173 -0.09726837633703586 -0.16580366630366378 0.14486258780969796 -0.020420437375596425 
0.024229314894011953 0.09364493922267297 0.11760943069833894 -0.020574041404349985 -0.12540388298679359 0.13058143164970853 -0.18735136815488318 0.1783020846251641 0.03021153110853401 0.1494048978298132 0.042680096060502395 -0.09829818746045181 -0.08052862946433677 0.012889848600328154 0.1845370604890993 -0.1252557800687727 0.003870339236645614 -0.06156058332964014 0.10686621449693427 0.12017272812311493 -0.02960555503403866 -0.11736377436460982 -0.17269458148783992 -0.11956380691314808 
-0.09000216507792463 -0.0068090455762250595 0.20832980871004658 -0.14794233456875702 0.2191355389692874 0.04381606426308961 0.13095737689640377 0.237625783563373 -0.013968461205960328 0.012364634347240172 0.06502363570755608 -0.017246236380683528 -0.07933928689520567 -0.1571795952122812 -0.08499683585430405 0.09573991889815205 0.01748121529224372 0.09857878881655655 0.006697030193892752 -0.10613430110096544 0.03471887218944099 -0.07738864061157737 -0.1999599159330754 0.1547794103400017 
-0.03125704795076792 -0.028310178728728846 0.12981966804482148 0.20417966160189194 -0.17049391832058894 -0.1250195917364243 -0.07008006392876394 -0.10559747268788011 0.005396217624881121 0.1288605024362295 0.14075674949663108 0.0370310966081589 -0.11912225488634241 -0.16156288868119711 0.09631706444337038 -0.10408429723996276 0.010459373038749642 0.08831170791236648 -0.10767851772063382 -0.12927896285240617 -0.1837999670622798 -0.15330548203001002 0.16165479977172495 -0.15748257639245597 
-0.10952535426952352 -0.1866361825132704 0.06956841584265719 -0.10629342844664787 -0.03392983309007944 -0.14347156688008267 -0.048304865890161315 -0.002962363734130587 0.03217908312961967 -0.03028260328622321 -0.15824310855607432 0.07787520900238128 -0.14431744807178568 -0.0772510483284416 -0.0901799013039992 -0.07858351098712836 0.02942469022325955 0.006957889073919492 -0.12300627367155599 -0.017009039855209972 -0.06324770350829895 0.047516423042770775 -0.10854243480895685 0.10336054607965052 
0.010265565681817948 0.00024212752720444372 -0.09748712683995038 -0.1245878185666787 -0.011030457656159382 0.19256636200241417 -0.14605377538324868 -0.0855836053862582 0.11927818920176143 0.0649635121308712 -0.08746213201890293 -0.07314904174858237 -0.03142313540368892 0.04039612508080338 0.08670215996546203 0.1420997561655267 0.07146065038581936 -0.10417727571079259 0.16977867851651307 0.11146772599186609 -0.07604328892465648 -0.07700597443392806 0.15174093786950882 -0.14881201117188997 
0.052534528154645356 -0.07580916320926606 0.12996418766551193 -0.05333344856680516 0.09230739126052223 -0.12835308431763964 -0.007258393762914708 0.11110146179715946 -0.06916713498334051 -0.13448703467304313 0.0586902710139585 0.13579751606998536 -0.08688930259242951 0.0014928970071942512 0.1536835894991296 0.1885659454771392 0.10649826093299183 0.03570235644989342 0.12601148037725723 0.1552808851389338 -0.19894413539193334 -0.040390384474856246 0.015877766720693815 0.09253011627622425 
-0.16443164409157623 -0.003670187659872595 -0.08711753354546577 -0.03001925653935079 -0.0007900095869931969 0.030376652213258467 0.03755255631187053 0.04145277233315077 0.0752498926644242 -0.02811935886418272 -0.19793879958274632 -0.17215656588577047 -0.07858291453838563 -0.14037320908712225 0.038767393172084316 0.001216865827535246 -0.02905755283396731 -0.07068040359429834 0.06038762169702328 -0.12292726357537813 -0.19757046213711765 0.061435624671540574 0.016223176691534807 0.059289709375916703 
-0.1082993243348644 -0.2736910848674303 -0.047952013474683905 0.10302075355444588 -0.15821809644960608 -0.0753807036331301 -0.04328941006646957 0.025650795585906168 0.09553179906230923 -0.10359093894121318 0.056122725510785294 -0.02045010227506922 0.052079945437117636 -0.1272043078408544 0.010927690119525163 -0.13192188655034798 -0.22292360912362874 -0.003546913899332504 -0.12538367402928358 0.07942554281422308 0.026377055264268576 0.16524659785649318 -0.05339212440759023 0.233698391292054 
0.009049528854791005 -0.014323770587994493 0.09873937600449154 0.04254413225666856 -0.054149336147120086 -0.005735727495258632 -0.1459724763119693 -0.05478469394583233 -0.21623788737261193 -0.033382673833528484 -0.1023558950388817 0.009553125982713863 -0.18805304933347244 0.011877080719573647 -0.08177796549901031 0.042268068787985114 0.09981085751867559 -0.040967594893095 0.06431964209143677 -0.10135820189897425 0.2129523169695037 -0.11972936804676242 0.20279438664313887 -0.16446239998962056 
-0.0069925885011949745 0.04067083163155924 0.07899045940946799 0.004516667486898553 -0.03483828461489261 0.13873995744603984 0.06677040976044586 -0.06137553052416725 -0.08976437625546842 -0.17312209271270643 -0.08450276246396382 0.07224413339827823 0.09877280048037056 -0.11895140496210614 0.06702957745573841 0.09337254091253389 0.13322306760454244 -0.18784535439457545 -0.1404663121031568 -0.14279529361268953 -0.15035926738516445 0.17190794411242724 0.09041946666089466 0.05729365025158176 
0.016909288012574485 0.07396008809220016 -0.07811567522072306 -0.052458114490047336 0.029408400526513927 0.14298170634506424 -0.11837877789656204 -0.09994015841037478 0.0841662245687759 -0.06269970317893149 -0.18060074972279277 -0.12885723826216358 -0.12148694395236477 0.020879037888013596 0.04615546782370667 0.19221539074841626 0.19294136024899083 -0.0761312318258733 0.10031604656022891 -0.10596140743170666 -0.051727049219628285 -0.0818862084217459 -0.04297476174787033 -0.11310908505819672 
-0.009853650154040874 -0.19162976102712528 0.2273506973684897 -0.0476367932318041 0.17316079804964718 0.17647496622005762 -0.10394924598625813 0.05905204600314688 -0.009349738941006097 -0.09983868951641785 -0.0008604273061572577 0.15781160038872533 -0.1281185632767872 -0.14145453659075538 -0.10268020834243603 0.20415607734883082 0.22257956138138207 -0.009907515736954017 -0.146093659819609 0.05653137370404674 0.09269700196027482 0.1722409177767322 0.07510509416365307 0.2640767842169551 
0.13583484457278958 0.06887532394288229 0.0724988390077445 0.0963803972200103 0.14804379018464656 0.2577205214645087 0.12832998932426792 -0.13740323577552893 -0.26800215187527693 0.2514675638366509 0.007310742681286931 0.10535069333443564 0.061938668106433586 -0.15175528699275906 0.13518379518880272 -0.11582289318132041 0.15283055593442024 0.0755916092212836 0.0474140527919558 -0.022111913909845016 -0.0038513810176854335 0.06084613750994568 0.10284353751318942 0.10793969740187977 
0.05151452517925642 0.06936420912146146 0.18862686471855036 0.09596971869511196 -0.057148755366657346 0.056367797614960864 0.01669424548118777 0.014144649441627593 -0.07467765998370159 -0.24643746773068895 -0.06805800944004949 -0.08545074992520989 0.14079200835015984 -0.09489285225387133 0.04972089309467634 0.03851770078075478 -0.09936835882019457 -0.25119986569049235 0.09689466533994666 -0.11386375393849581 -0.09297977460205822 -0.1804482319817716 0.15547380959658286 -0.2087717978372975 
0.01955140835004483 -0.19368686863679271 0.19306054685269317 0.057700047478783933 -0.05278894461209288 -0.14046608979353695 0.07149113412430844 0.19462437500328852 -0.06603367487642703 0.1055698768566098 -0.08397257616781081 0.18871117008654834 0.10570672385860207 0.041785056987732265 0.16565527688903292 -0.11731089882677463 0.16761930503168937 0.07025532123002014 0.10752275305153623 0.049193674221763406 0.10358138400258245 0.07340471120762358 -0.14052226757272815 0.038405296303805826 
-0.17674971267000913 -0.04929395790864382 -0.23349789273910307 -0.1635636648107391 -0.32983713575502366 0.33415670041110057 0.03384670388799963 -0.03157165410974235 -0.32581720308358675 -0.03138616823962334 -0.031740222612521886 0.3697488626957824 -0.1449623708463167 0.04031464310671881 0.11159094581612945 -0.21432857363506866 0.010446903247205534 0.17494174655290184 
-0.2768341005403891 0.07130475008970974 -0.3835302883716136 -0.3634349936018189 -0.3027658213773727 -0.012410287205374229 0.3339601127201197 -0.013548855415268178 -0.3179897166575853 0.26953656840768453 0.012876910245395579 -0.1365921184564 0.3677717533068027 0.3385807005579309 -0.16300626954917768 -0.20360304243930746 0.059692451283812537 0.262722727765161 
-0.1268195738366179 0.058024575204321686 -0.23139961821213859 -0.2083262219106754 0.17776408210685302 -0.2393159310021452 -0.18748837130761026 0.15881571587209173 -0.33406157518715873 -0.36848853559769595 -0.14404824272329664 -0.1490722741389851 -0.0800067629141205 0.20757583257707146 -0.3193364045609108 -0.09549745624285955 0.09322961178247184 -0.2750300006381597 
0.2424738354322323 0.09819822006595635 -0.2371157061606319 -0.2106536598206245 0.16681595766177812 -0.06490416445247532 -0.04125396945386184 0.20996117339015072 -0.24815267329425297 0.37613517626023696 -0.3146547710747502 -0.3234917459588714 -0.18909212163347086 0.2066018315037493 -0.029513936382610413 0.10344530930827715 -0.22242957201482327 -0.2628939999908963 
-0.01754658480657867 0.1632220619453863 -0.022772914732311474 0.2530851596324462 0.10833829322693328 -0.1705548959507557 -0.23413295142379206 -0.06693080342920667 0.16855707492043567 0.33048313713994826 0.24769823350932438 -0.18045808191244278 -0.006978900461620801 0.06429137948384664 0.03133243137622379 -0.07448729941550834 -0.27335939240532087 0.111903685914921 
-0.36678479348576454 0.25061306241171744 0.2815306005751316 0.16372333778523265 -0.009053628849096228 0.13488477089428194 -0.15537628704884252 0.3134063576493954 0.18957305541277286 -0.20624792950454174 -0.12324246576318065 -0.07101990329803516 -0.02374441488708503 -0.0007463808121091652 -0.3153181030745546 0.10803599053649235 -0.22756816153794032 -0.11000265955353741 
-0.019970478654652818 -0.10209462961631993 -0.10295354074096859 -0.21826311862355902 -0.29672019016566586 0.03430471561799298 0.08709384972456108 -0.2031238111440868 -0.20646068894590122 -0.16975603965385463 0.22596266400042866 -0.28472255461726337 0.05884405892368263 0.0602141515310444 -0.10571927641058025 -0.10080403571646886 0.33927324571119416 0.050835876793732186 
0.15819083020813335 -0.00617294681321138 0.10857862092734928 0.06274000111743579 -0.24275393375639032 -0.11169431679995866 -0.020245211056040848 -0.3118887683143508 -0.09230858983831197 -0.24589593367139928 0.23764190446986397 -0.16156331311783223 -0.2459847904261681 -0.033681818876528574 0.12384689030992835 -0.2984826012264915 -0.23457157334656065 0.18892933062545703 
0.19203530367642827 0.07926162506429556 0.2775101349779234 -0.24286797297998158 0.13790921928704009 0.28646066419089217 -0.23157786046655365 -0.1599521624850286 0.018741241077131397 -0.1274391578621746 0.1290431023278753 -0.3401357321904304 -0.22408514003445013 0.1780413656424822 0.323985721414879 0.29509053305261435 0.2906762099574665 -0.2733381899130459 
-0.30828689230222106 -0.29381547735283825 0.03208009401787818 0.2940417447033707 0.021239284981496857 0.19188006992653783 -0.29100526042099195 0.27038626381754216 -0.21189690557312016 -0.28452459322241547 -0.05267120857814843 0.09395415570595839 0.4048540600472733 -0.35721875653800816 -0.15341939502051155 -0.270776456455704 -0.07560958867717646 -0.20745241256922395 
0.0337142133457764 -0.1024156111401879 0.3246238114313076 0.1975906203872256 0.2470732388601978 -0.2537038641808493 0.005822018350546286 -0.1849438714351685 0.24925334666681037 -0.3595169686848231 -0.2703300954715739 -0.11632765519557679 -0.06597342555472566 -0.154268598295371 -0.2771148941950771 -0.2612375630623962 -0.1391748280775986 0.3541950322841009 
-0.2329119132580282 0.16804691519744444 -0.18969500753483673 -0.34101840378998577 -0.3333824124690958 -0.23749640255556806 -0.07815977116671306 0.2525552370054521 0.14825450410864108 -0.09319307567654167 -0.013922044601101696 0.25770694330710164 0.2989897922813475 -0.15161446136125914 -0.34169937397066097 -0.31162735402844366 0.16387087189455465 -0.18832600837616056 
0.0176280745050406 -0.21010738133368614 0.2724288143668894 0.00942799364055594 0.018137042518433823 -0.14366728492775016 -0.022625692173116628 -0.3747571501678616 -0.1510924496891815 -0.14604016637480915 -0.1465087888704591 -0.33772209070482484 -0.02779087623262115 0.2492166808724086 0.3042614441940331 -0.001805553779690762 0.06173473627281314 -0.13294848973109116 
-0.2808539770566722 -0.2520465212030406 0.11192773587267868 0.18371502905656548 -0.2189285190684083 -0.058031472843050096 0.06432024830896259 -0.290119190979914 0.19632078286934046 0.11675928480808859 0.07754089095561092 0.1960939447747309 0.4166449177237408 0.02983638691198293 0.24945217837917752 -0.054550995661310844 0.10684754967381917 0.28532126416472225 
0.08756173767022593 -0.1333548445817811 0.07515315672064765 -0.10032545647333654 -0.12012465537477815 0.07413431083791255 -0.26546345136485383 -0.014647473288127787 0.30639650394564055 -0.05476054158946221 -0.21224098178529113 -0.0017144233631550194 0.27138772296006475 0.21679008035625394 0.22390903647773175 -0.336610895656197 -0.1581614391493062 0.33028312254360687 
-0.3063306877639541 -0.006607091249585813 0.19746623550338843 -0.258800194699027 0.10970385005702206 -0.007948029823360757 -0.30314614672291496 0.2467996160682464 -0.24414804267698156 0.1396860919415592 0.16359017622834013 0.09020128496943076 0.1149461040904714 -0.3126099137146269 -0.1299517785079215 0.05838492450294655 -0.08214195130136866 0.0861859717843058 
0.2304320325643657 -0.21136519730052394 0.29392887350635166 -0.08054519782914403 0.3046312623309006 0.07900885696939997 0.14624240685738182 0.035193151213562916 0.007644073961487621 -0.06248200073642953 -0.2537991163396304 -0.02032746969726871 -0.1557198572722307 -0.42075319528634536 -0.1527517772493225 -0.21807521699514448 0.2771843898352938 -0.38060974962767125 
-0.24691124563370415 0.1382412061252901 0.3080366504962127 -0.16891828692407562 -0.32968099582626853 0.3168613770863623 0.07096590728238049 -0.13121594426379826 -0.033829003488389874 0.15090497882411863 -0.0849579144986306 0.3596601777688109 0.2232307937609859 0.2822834310451395 -0.10049800615233642 0.3004478064893299 -0.0139479268878379 0.030226191784271304 
0.154221412536761 0.2110593110506719 -0.06974837113897499 -0.03484089604962168 0.21658123172623772 0.14754704813056527 0.29794798113971677 0.33031485501175745 -0.2192324656364337 -0.1790887284715331 0.14646564951090077 0.1788561393957605 0.0678420959611449 0.2530361840022556 -0.1685507107437039 -0.10840711534803131 -0.003567224455078969 -0.1352955608462878 
0.07016428323343869 0.12344514226853141 -0.2038722377283713 -0.0042198628472779574 0.33975583208492666 -0.11889517807795925 -0.44375653866329745 0.20238906303148937 0.0022031251224180785 -0.36372246665431845 0.2675628615767101 -0.10324345445506895 0.26919430304682956 -0.062362648013756954 -0.2906077682081787 -0.17317404533607486 -0.1069177433612988 0.22353428311097867 
-0.2644346230555868 -0.046270982179020925 0.2826100846086745 0.032396662965928656 -0.2721443450153951 -0.32741004656940054 0.10662270644723049 0.4060924272700113 0.18800073056356698 0.2197616120981134 0.11862722231912032 0.2748015477209877 -0.29682648847290727 -0.1957686071086961 0.13230974477584287 0.2512497031899874 0.13649095026633987 -0.28184671922430615 
0.34274947018956053 0.2767234806246765 -0.3525384552917277 -0.22340221944044653 -0.1525407703643469 0.16192319580324985 0.20447832679664102 0.05990457078884798 -0.21654417036606288 -0.06225136668158804 -0.24786227463100993 0.3385598530846962 0.20994510244776168 0.020399147706833924 -0.03105731137700247 -0.2758676789853247 -0.12265441778507573 -0.29955357805553334 
0.22021574070202418 0.030022006986881598 -0.22644117629540592 -0.20092770342898458 -0.16274450070299062 -0.12937813659814076 -0.1469105002361208 -0.13422089577983654 0.11391382882130623 -0.3390484027509339 -0.11619075832632406 0.19336391162591737 0.378146020542678 0.23143185613010567 -0.17626877397195037 -0.18174322179602156 -0.23743528482868254 0.28125076309911606 
-0.2574737153894059 0.17558180136072493 -0.16713765604039646 -0.34052606132802327 0.15849804967018613 0.153502032962861 -0.4076632322232892 -0.12264578824022777 0.31043117497898065 -0.2322880372171723 -0.28370102129130115 0.09862429145154966 0.33016860155013183 -0.2881967039296324 0.008677594903224797 0.12448811506270469 -0.22416465394912272 -0.3979724471857855 
0.33247972942808107 0.06242418361969103 -0.3127655806605811 -0.3142972096200908 0.09396759749019698 -0.2456382376332205 -0.21313050942356607 -0.31293944526329925 -0.2224525794336537 -0.005772240235394823 0.007663323950406795 0.008989041077548273 0.4646353543812622 
-0.2962082741027083 0.2033025187363388 0.23375156853062526 0.06640003716328603 -0.02900671425579797 0.3150550613064879 0.26174429974884894 -0.3612812246925093 0.37221363956761777 -0.39669203333275016 0.05714184155939657 0.05658984496978758 0.26679582025091114 
-0.1571449443444431 -0.34041225957785637 0.030159175722402985 -0.43035498222205054 -0.11225706516361865 0.414756636249517 0.344389614677657 -0.3163415258801519 0.34596316089067675 0.22961144453840085 0.3435967262744725 -0.2190398478213339 -0.031488974674915314 
0.27286325896639024 0.13188048968411184 0.07354670929378888 0.12701793194764402 -0.21034163171301018 -0.4180081998075583 0.18722386762310772 -0.15879358978807775 -0.10991478748369504 0.10381850056979319 0.12375926215539787 -0.23646682644852113 0.2880637536825579 
-0.09401922419212329 0.10351094827888888 0.37503825255780654 0.050578200143366954 -0.11094496313305624 0.09336602638301691 0.0013903808620072883 -0.03711377149539447 0.1840094872297211 0.3405590092462249 -0.016107288561336964 -0.3300977592731799 0.054404830575614405 
-0.2023965688761769 -0.37010313008606716 0.22919369155787006 -0.17994873830935712 0.22021854106050165 -0.009153180297802752 -0.14366572327495086 -0.14679839568936695 -0.3680875894599898 0.026770555476442897 0.25797469586137456 -0.33365591871881495 -0.3134283310385691 
0.045620575184493424 0.1190039163060392 0.13431311851098252 -0.19220050500288818 -0.3781372363775719 -0.10324378522654502 -0.2750440093145106 -0.510873078454882 0.17893186732442118 0.4406235789539899 -0.08534251813042282 -0.15780831749951388 0.07528600135339988 
0.23645741122598316 0.2347634269347075 0.11802545831890648 0.012426978607563994 0.09895459535409344 -0.17738361828995192 -0.125922882908305 0.31490489605439703 0.3188990172048948 -0.3658891696138659 -0.16120922042349614 -0.39762481667631017 -0.15324247487861348 
-0.22622178813358107 0.10514538477524339 0.16485566761159423 -0.302561224621467 -0.3524619658323648 0.3527391800945105 -0.08753404358040948 0.03680030679164942 0.3739862528545021 0.19846964682814605 -0.13757864802417472 -0.3320518917375365 0.014179930864484028 
-0.15961510587468386 -0.414769550298399 0.1919544905137266 -0.0681980698143433 0.029251569040392795 0.2579234227463582 0.4387943838035872 0.13263565548746523 -0.14408697921564514 -0.3428253713317334 -0.3418496899908561 -0.14226042661793467 0.1072655635688934 
0.1541570888072366 -0.23255450180644396 -0.3345585564292435 -0.15362539903105268 0.037075243912726354 0.20208985154458503 0.02306800579721654 -0.16850658430087204 0.09750082044846299 -0.1863416784935499 0.12019143875507428 0.27292606447399764 0.10924070058392159 
0.07596572471083646 -0.1756623055088501 0.2806756725802877 0.482179881985257 0.19219446855695313 0.11677475400420859 -0.24504355537340167 -0.09984555789012008 -0.12808225055672282 -0.20509235689008168 -0.04214785069080266 0.086755921009348 -0.3084514093051448 
-0.22174986150988565 -0.3504716812306087 -0.19905243396253916 0.022647436845596152 -0.03451470206929002 0.46073909728541984 0.4700103416731635 -0.02295022569864493 0.43008657745502016 -0.254642674964129 0.03202401112191902 -0.036284391553579876 0.3853541908643305 
0.2913569660497702 -0.25248404368055266 -0.04718063451995291 -0.3136192083392552 0.04657599185536624 0.23615067015810365 -0.4065173517509226 -0.30116210393311654 0.4631587806951414 0.4289093718339274 0.04414372710107572 0.11492861513195349 -0.17837628430397262 
0.36324214641836283 0.1338317750057153 0.13146027687274908 -0.3935849153900179 0.28196165825828184 0.22123612206561682 0.14595662776379928 0.19087394183515743 -0.2741737671244416 0.17313942114109404 -0.32305193579495955 0.16362965508534444 -0.4005802085979075 
0.2195179057684664 -0.006551520807164644 -0.23525863903238203 0.1815721427575009 -0.1454934470052973 0.30718426321048165 -0.2548933857984246 0.35210016070801575 0.37861466176274444 -0.15444808750577946 0.2897353981411116 0.27315535953595904 -0.05891709320243524 
-0.09654752385286146 -0.17343974074119872 0.397168212451311 -0.22880692459577145 0.3762474649652119 -0.07812774177006392 0.3483441321751967 0.25015556442516484 -0.295460818607659 0.08032941249848242 0.13681330946528664 -0.07373904125264968 -0.4137083086385318 
-0.15931907860995717 0.2674596027122114 -0.35096966557742276 -0.34339173584380867 0.17249330948796182 0.016036608550088535 0.008165962029949663 -0.12020235914446846 0.1190243483230248 0.3195899077852263 -0.17660239431649377 0.27526191451285087 -0.07700599437205774 
0.2424277037409608 
0.004485418500381268 
0.444917691149944 
0.673452322421195 
-0.02024276719531304 
0.37389737877270035 
0.07348542022175099 
0.30843062156841716 
-0.37352136756299353 
-0.5424854459136945 
0.5796831633795596 
0.37694688751404526 
-0.27294004891903817 
