98 24 18 13 1
-0.035589367747414946 0.07388969289670197 -0.2123111124978479 -0.1033249263773501 -0.14626424579146344 -0.1757803942882071 -0.11693285956911788 -0.021541488214339866 -0.06466501336842632 0.04094179905405902 -0.040498967845961485 0.10394410829582021 -0.1857438809412835 0.18358252742983688 -0.21715258042539506 0.10365527516928552 -0.06356571161603423 0.025794815706977472 -0.14229271477871028 -0.1954823058757738 0.14045658229349486 0.2522141943755086 -0.09377262059956365 0.18306436913846422 
0.2077804896862386 0.0986792951758515 -0.15546987659034506 -0.23446717357243166 -0.11356905867765296 0.18264079049206539 -0.2577094952020611 -0.11776115016123918 0.1402671634909037 0.030523428771701965 0.0933892358246643 -0.016691444734670303 0.06582007174751131 0.21656450858499818 -0.2623818294688645 0.15187015810250584 0.26671068644441087 0.1082465280353887 -0.09671183228980694 0.11736041218248948 -0.1204341643264989 0.025131897095118313 0.12727718689896908 -0.01067999515858536 
-0.09339276361087986 -0.18694389033461747 -0.22271201966266907 0.04497405431453019 -0.14799038672746057 -0.11256972901775936 -0.08919041744044486 -0.29341850583822154 0.04771617882358456 -0.15259796824293526 0.07653933908903082 0.10419330820369543 -0.21815599127324942 -0.008333806202022787 0.037259639525587966 -0.022909757652211225 -0.22898531574579642 0.02540282790755826 0.05542196047675262 0.01007775529866394 0.21771059904030005 0.006695012221282873 0.19235681973661803 -0.11766282470163994 
-0.09150592426538769 0.02167656763711099 -0.03134059833724912 -0.23552119317469364 0.15623969104237637 0.04581353015985599 0.05010569998925141 0.0566182974182762 0.07766384772468803 0.1353586034817206 0.07208524308674011 0.037139178115008 -0.20337924089608184 0.2864342041460155 -0.07462399176542962 0.306387571764137 0.1089934651581964 0.13642434536865602 -0.16461605570530172 0.16009971108239238 0.07640330010901263 0.10168998402973975 -0.08834044097808394 -0.02821530656786153 
0.1827210038294394 0.03562131682423651 -0.22905319313729275 0.05829956154895662 -0.11439597538929948 0.0066362963532356975 0.17033575421256394 -0.04115410588527249 0.19485397850067207 0.0463778086102206 -0.2091311377236176 0.1813975868945246 0.10897129964862227 0.21519599689821803 -0.12010918049611795 -0.1723982559993528 0.19715402059770284 0.08221801337114515 -0.18428147595566652 0.1514917528161282 0.13048244532619413 0.2534588625504952 0.09020519549272399 -0.11368514241579493 
-0.10379473553337216 -0.3260447500026642 -0.17555198745131792 -0.2101007219526806 0.11379436463341308 0.15150037576990916 -0.05080228472429305 0.09684706473955794 -0.2910478943686433 -0.01350162125866815 -0.05121613656499119 0.3442829360524978 -0.09539366774238878 -0.07073395407836235 0.09310231057502825 0.003913835693072353 0.22215423713392976 0.05609187606617477 0.13748393881854112 0.11663805901997555 0.1417101133510081 -0.09402178566150962 -0.2588570484767152 -0.10802546441039577 
-0.13757934414506662 -0.24822457219719324 -0.11384671208630395 0.03665488944458233 0.02810859604308517 -0.1329645100742243 -0.20441803325597505 0.2442379248162396 0.0008621159625506496 -0.17674000025271028 -0.19969314768087154 0.151763536060252 -0.13458695826539702 0.057618837142010285 0.1743765156651712 0.19594394083915212 -0.10148680931368843 -0.016321759730923105 0.0468822822623613 0.13042121074703994 -0.09376052236437217 -0.13896145334063129 -0.27804792269204565 0.05364155859743417 
0.12010916276633546 -0.07332085611755951 -0.0716310253685777 0.1808526519556557 0.044825115062947285 -0.036376694371169284 -0.06600205755841766 0.06945359632070185 -0.024410627958989375 -0.054795445984227524 -0.17215994164047754 0.00910477914900748 -0.03873414542633147 -0.1560057358599706 0.09949661857300707 -0.1496212648592323 -0.0031878820728069583 0.12223762828501866 -0.12100031112275413 0.027473268644906037 0.11243107131139324 0.32211067659825154 -0.1637357885685118 -0.11119457236091777 
0.09244951615642283 0.09021188855936024 0.16171596511835573 0.19561804659712703 -0.19338149853576583 -0.10259095624207167 0.059604154600009014 0.15922265598461136 0.182547229692175 0.02205830705267699 0.14706731436803697 0.09903094438282942 -0.042963428535831745 0.009613558199105577 0.040730554930673346 0.05487288081139831 0.19985473227536982 0.16839292878891604 -0.04105032261474358 0.1712349529958354 -0.09641982449989711 -0.14521546568501165 -0.15594297717735828 0.015419518639273877 
-0.19030883715550773 0.23189556357223226 0.12923800239702973 -0.1929483309304909 -0.1279095186533877 -0.06581231031118256 -0.14607095922352537 0.11076482831713438 -0.04195448713124547 0.17086914268128692 0.021722880510398695 0.13601006855631992 0.1272205112861856 0.14676220019447214 -0.015604842792976172 -0.012648640198637139 0.10326605880703989 -0.08418386639311576 -0.0037836245974333937 0.02525279552017319 -0.19273963432055272 0.03531058828591369 0.0023195643853224555 0.10298762838833793 
-0.08664242302151157 0.15575961701851754 0.030353448457676104 -0.11526748959960137 0.08058669852073234 0.0005052383068919075 -0.250968952956664 -0.02125350913285566 0.10853819027191733 0.21844005509753822 -0.16078795612021143 0.1837250947047979 -0.08694989991221742 0.160270454216986 0.025679714133242024 0.11031215479486624 0.009530646443485809 0.12015413850980938 -0.09209123127145864 0.0575061076831912 0.08614053450019551 0.18714636261065312 0.15414444703937016 0.16258579758706812 
0.12630343283643597 -0.048163564828277085 0.11696023763008054 -0.01765774933396371 -0.028005262812589582 -0.10039120279480401 0.023340922059077 -0.03427223653075931 0.086186297512836 -0.06289813277399173 0.25053651834942586 0.05251908093662014 -0.1342072790663218 -0.05334052898857887 -0.08276790318856177 0.11035191643049502 0.06304559374693056 0.13584802172891405 0.06374963266255422 -0.06152175659927021 -0.13841006810367198 0.09041452315784576 0.06477643000025257 0.19718581499082796 
0.12416234611161674 0.07304810133871546 0.017094235460807662 0.10742020783355251 0.06916196427006155 -0.07901360103067018 -0.08947213353295973 -0.22987129705373271 -0.11349635311293922 -0.16512445788063998 0.22271773618987556 -0.10346974071110739 0.1307274463422082 0.20095727149054812 0.06478465616499159 0.06611094489591979 -0.10802200263099061 0.06543062745820766 -0.060631219723689574 -0.1793974540563423 0.08842643543702415 0.006668090054041194 0.18430639066148333 0.27239454088919923 
-0.05917306932438824 -0.24120243800597224 -0.12118918487478642 -0.022849075863877126 0.08268858512583714 -0.21299315605910174 -0.16510319979740115 0.1970570777538812 -0.11191738203100354 0.046513050737996456 -0.1049134143084441 -0.1706433683341247 0.04057728334942127 -0.02242742758983471 -0.14940489779839122 0.0731276406408447 0.001839028003237919 0.07295405189194708 -0.14062030546098192 0.05342136800525141 -0.032326769558163805 0.10948744990531226 0.06842940645062391 -0.13423408328096895 
-0.11161600194730677 0.08849210135074784 0.1272324944607253 0.014950153165675384 0.14748265390346504 0.2385866299279096 0.06293208695562987 0.1361425354169594 -0.16775344459891375 0.1893955609682834 -0.0017576070298931767 0.06555487582465669 0.10723380449820062 -0.23769060604811826 0.09767988934749341 0.14177766074621276 -0.07835163818283765 -0.10871256503071788 0.0517447375804877 -0.03640463491180897 0.1394132934540697 -0.07774476442650179 0.11276324484785141 0.1985444139969018 
-0.15722159072698638 -0.1019582592235305 0.1590897842208942 -0.03368654110405107 0.21086000504242622 -0.02444548491729357 0.30897646298993103 -0.04988794690142657 0.00849673406179788 -0.10159455698991926 -0.0005358610343896734 -0.2588100379655819 -0.24175420896117686 0.0652349966682811 -0.18671000534597507 -0.08896195083738603 0.09399187995403563 0.08766986836856035 0.07492169424697066 -0.15385649810452182 0.03141718692182664 0.12886657148329297 0.2699914668261716 -0.06267105136851814 
-0.12387117340374107 -0.12342218204341808 0.09846686133237616 -0.016737783160769324 -0.17596472360183024 -0.04983226266558427 -0.12324848869972341 0.18163231419050616 -0.09259327820669394 -0.1878426350305568 0.0364595595729494 0.10579899595953189 -0.006335398143861147 0.06515564976987935 0.004325560690442612 -0.02903285620639831 0.2538561190316221 0.08672379573853553 -0.18593034046345303 0.07267695176496554 -0.006746821757387909 0.20969070493466174 -0.10979918027933001 -0.0915985587372906 
-0.20003787349155908 -0.08880469382430818 -0.16407845769264856 0.00430718642112394 0.10616141842664582 0.10890164196288803 0.13303750512959714 -0.0754091895081743 0.12829488235356323 0.01626947903842887 0.13152256963037856 0.09607548264849618 -0.16083610108973698 -0.1445673681211934 -0.22099146962722663 -0.1400309652407327 -0.040914437094399035 -0.21902946223266623 -0.19693104141039905 0.052557947119950675 0.00200384984224637 0.12468323893788964 -0.05868787341453148 0.04986243529020082 
0.030414411913425476 -0.06419554502626891 0.11041074385443177 -0.09541720597325241 0.18343295359027093 -0.11220913233210361 0.11206208847367002 -0.1647082370447868 -0.015107935308445355 -0.160625038261187 -0.06862671689478467 -0.12734722671217533 0.14985547682777353 0.26232498096869894 0.1024995553302829 0.26792321420292764 -0.14066269250439214 -0.14500148879407798 -0.1233249832373287 -0.023121640381636326 0.22377056221142153 0.2819926945939179 0.0020770901911195613 0.1386138587035472 
0.16710252559220362 -0.03690666352655178 -0.10614640484370913 -0.1233969331975981 -0.22060963163217873 0.11982493522421998 -0.1328961685741954 -0.17146429851531444 0.08109339246465279 -0.07222893253535324 0.23349377379323052 -0.06779639606009473 0.04410615833392824 -0.004930898739454606 0.15281583118989633 0.004994680652899564 -0.03517726538839543 0.0056271077400425855 0.16773203372081394 -0.21176112947865308 0.1423909538718017 0.18677040518133992 -0.15135389900063048 0.03022892814832327 
-0.07111991119953862 0.1141514769356632 0.022786434500928064 0.05790426238408974 -0.07776972657915922 0.05790492283593128 -0.08900699223644491 -0.3303930649165569 -0.004631725031037864 -0.03401189075346969 -0.01246604251087069 0.22510243020769347 -0.08058224393791766 -0.06556044609927497 -0.07051149611911614 0.2367775874456084 0.2715504370841846 0.17416472088206986 0.16207818697781054 -0.13536699421267143 -0.14642557964119746 -0.040610029136958097 -0.0630350495615722 -0.14450692784372116 
0.16620296445843116 -0.09923590562815701 0.1154986280584352 -0.13084248382988461 0.07788362604376131 -0.13867899167209055 -0.004095843912382718 0.025280946819508574 -0.11115512957230131 -0.17894950283651181 -0.03424982315888451 -0.07636719578422599 -0.023766212566207326 -0.2254015630994299 0.0036214745652196883 0.14848727104931117 0.11216366756853614 -0.011147579277800702 0.18930048196810068 0.26879834025203514 0.022114307042542566 -0.197488183000334 -0.274954882218376 -0.15300554435946387 
0.010962764786572085 -0.036423043407269186 0.2335300874581439 -0.1852069508372081 0.23706862961293104 0.10138066922102269 0.10071573095819678 0.025942107182998133 0.061917453207935964 0.011767988341516836 -0.21689978707420315 -0.04988960851954479 -0.01825680964201894 0.1473930322819032 -0.012195493803308352 -0.006226499367670288 -0.1929661644301842 -0.20214913661560294 0.10169901190100843 -0.07869221813032685 0.24369935655434397 -0.09772840713906937 -0.07108598454486886 0.023856228075440834 
0.1058629519174806 0.04104523425335703 -0.14855674673342578 -0.057352513860422234 -0.0024539307192646335 0.0726993777604581 0.04171398580774156 -0.1678716697936523 -0.2177334532554892 -0.0010886431828794584 0.07520249543603426 -0.22692556390415347 0.11095380732149465 0.09577902752152509 -0.019753916863451956 0.16975465395234426 0.0007189854661539259 -0.23219680859022926 -0.006047219771282397 0.12030920892152819 0.13886908946786494 0.07445256846178856 0.08966285651565532 0.031129297504218084 
-0.09052540996380891 0.00898790901011342 0.06731290508926183 -0.057765664477671536 0.12299920633863685 -0.24441513203698292 0.0623980902580017 -0.10979915977932897 0.05027702665110264 -0.02816282898831016 0.13372728564821396 -0.016120412849609047 -0.12486066826024964 0.14459822309041873 -0.07508656828712451 0.11894042767814557 0.1382048746579809 -0.10981357887392051 -0.11272532743647935 -0.11879243593722198 -0.1414354916579192 0.03588132153571562 -0.13959949328716895 -0.13354758417685192 
0.06075448765048869 0.12451337308815683 -0.16642245368263697 -0.1056973780481299 -0.20147085802319561 0.13011404863579387 0.12336675585644834 0.059637734635462354 -0.01617815672329432 0.1138809619489394 -0.025201503465521406 0.1578175897332317 0.14128904971629724 -0.09075625072291808 -0.14799801109953675 0.17286180136487203 -0.16136108941276797 -0.18070977558451773 -0.02681482646259684 -0.10326389318059555 -0.06238179393178748 0.11811920733979284 -0.1293801171515306 0.1628628847278454 
0.060183811410944976 -0.21984367352016732 0.03941225801136004 0.14541920055529875 0.04586634488901395 0.13148232634737797 -0.14016084150243166 0.1263031943715002 0.18216531224676835 -0.1085641282821913 0.07078471104366084 -0.13997152178980557 0.13419495178086627 -0.11503323867407324 -0.040963392443265925 0.04313580689368992 -0.15132821281130884 0.2147239077478931 -0.050776470403006195 0.028849398840753052 -0.02777311836947596 -0.20125732260691237 -0.262416865071314 -0.1681763628463905 
0.062066826799857346 -0.1190739826091554 -0.06352885636783999 -0.20779626742766188 0.07347329792900173 -0.17851211105893486 0.13198469632942278 -0.15382201750341706 0.0010130098005915187 -0.1791876127094184 0.12975580136493484 -0.10071444148279403 -0.08684070921951972 0.08425488134766845 -0.13845510841002037 0.04528957912117212 -0.1109664073622794 0.07793859632373872 0.08761550061959973 -0.1612629103783894 0.23009947746165954 -0.20796761702001562 0.19311574167083123 -0.013839060927414853 
-0.008412930135553423 0.10100925938435162 0.07722767835358907 0.18288664596707285 -0.09931632532398045 -0.12449661153234823 0.09371833296884821 0.2083604411620008 0.038017000690023284 0.0009226145855556593 0.1180985838671075 0.16432663612032036 -0.11399578917237024 0.12037289157911024 0.06850124788744387 0.08226814108315311 0.007175721361985048 0.07744596487872502 -0.19778168266458154 0.06913987542083593 0.12183097027001544 -0.13928340745424478 -0.26823086742232655 -0.18547572131284057 
-0.0652911094163211 0.10892615379881895 0.016793079651275866 -0.13463352030386147 -0.14311019117425294 -0.1102255167903417 -0.04225452570228831 -0.06894798363977454 -0.0843097248285131 0.011038943636398043 0.16142973128505117 0.028186279354833074 -0.08691042372491073 0.06894288429807566 -0.10977947200611768 -0.008551265731866216 -0.008672797134265761 0.1266430900913019 0.14943591059582317 0.002808325697264662 0.17163014799691756 0.012294258142269856 0.0006687629875623486 -0.14573120052710475 
-0.02611069580542905 0.16004351367033356 0.041189652794083736 0.11150413170781773 0.002907658402467472 -0.08545060213542792 0.09971091690233122 -0.18189882416059397 0.007288748381444972 0.1742713114189663 -0.005321476908342604 -0.09562693510744023 0.1924543371220124 -0.04278876372461739 0.07880195518178837 0.081673948387171 0.11369263012853939 0.1537300228701203 0.13359790426353532 -0.19582452361566302 0.23036367230818808 -0.0991177031052622 -0.0345414360351134 0.1701682626194286 
-0.19541602412557174 0.15163994450621957 0.13433116769093564 -0.031876736083595994 -0.09610872880516737 0.14040127388626658 -0.021903415335024337 -0.12300154136441192 0.20518948295631614 0.19525227773336437 -0.0032819343631097803 0.15380923865821922 -0.0791157343660593 0.057362542519117085 -0.07156416195305679 -0.03331698057540164 -0.12737986647494018 0.19733585598723197 -0.08080947963548957 -0.18450920509506416 -0.16968297623887552 -0.18403718841468336 0.03811865224768568 0.05520458236225368 
0.1495365378655853 -0.049368870186849774 0.11509823549669612 0.10371007352642994 0.10951196869493286 -0.061693069473962525 0.01205990223845313 -0.1114564534471488 -0.03779115551994381 -0.16806035933248747 -0.03564754186746414 -0.11718975282988141 -0.07673250570649168 0.15569197103139337 -0.0704599973621715 0.18193576450756618 0.05162736972332888 -0.05987315422907291 0.13648828529734672 0.1821768549463348 -0.07505925831475604 0.0927890374082538 0.00023181829156213198 -0.10367925344084664 
-0.06651900580764243 0.12531463393077144 -0.09097055015358299 0.15529125823400428 -0.08038350520113424 0.02589960235577543 -0.018081140130496637 0.13924397074835698 0.18430730226074277 -0.12462638731998858 -0.006488690436871541 0.1649553517039962 0.014373335542765764 0.19013636690671276 -0.08685768285685495 0.04308984833149833 0.004933236791833111 -0.1070935483102165 -0.1934561956273033 -0.03247661077717334 0.1726529802308461 -0.10544569571097316 0.14939868284728983 -0.21798145273134567 
-0.061902966366150364 -0.24035031530386206 0.07716193586644714 0.060456303707352235 0.07395265841025511 -0.024327660657573424 -0.018204868031689095 -0.14795735315584702 -0.1253929616893095 -0.05008004683508954 -0.05662980999851013 -0.0766014755103309 -0.023381888140839028 0.16403122021562258 0.007906567281493198 0.18509170210777634 -0.062305131974172936 -0.13864991947445157 0.005504388747827292 0.11351520400779584 -0.04669262064178715 -0.015931992800637722 -0.05515878922340916 -0.0010518682121855296 
-0.13380320530067114 -0.1469811808255511 -0.09366520655342152 0.17734307587024598 0.11099803907317743 -0.08500146130486408 -0.011449072161699709 -0.14025036538941024 -0.018867239435246253 -0.0797253243619665 0.13513574397061656 0.09735009792544591 0.03474707592434075 -0.13479892380930983 -0.0114323188394926 0.23043060783396235 0.12047583902783202 0.05389962228735674 -0.13773435192095712 0.05443456879832988 0.042234465497739286 -0.012180889022450205 -0.09685634497714184 0.038750790944465374 
0.1654458764270016 0.10789500835410108 0.03094233736680322 0.2344650049434536 -0.17280493534043476 0.2029631208561182 -0.23808445049807755 -0.13108051761225517 -0.0453385691813637 -0.17696569361129638 0.00904766111065088 -0.19332925273154247 -0.07669250474598731 -0.18160306760791672 0.0799104361161813 0.0815210207540022 -0.03351697231267903 -0.12309954823764309 0.09720444181208594 -0.10232345925794617 0.14260204448607414 -0.03203352917813886 0.0005499664071579643 -0.1874838762037287 
0.05847943640040175 -0.020943625643698453 -0.10669449080003834 -0.050994241507650064 -0.04592879904904654 -0.0738557619495456 0.2664255915563979 -0.0626139572566601 0.18477790069894798 0.0036440983829962494 0.19248816508866182 -0.11889861409036838 -0.08852128451154731 0.1214275134899538 -0.18138773437735128 0.14650246676665746 -0.020616690009602808 -0.0483312036098374 0.19703658611947303 -0.17538478603222776 -0.029759016660890373 -0.18642729985373852 0.08907344041771344 -0.12619624680616592 
0.14381458571779165 0.12870123791605892 0.14660962661845076 -0.018743032007496045 0.08542412065151204 0.19875920757490734 -0.033230164971791806 -0.015086917634183985 -0.20258899688951304 -0.05107362311472799 -0.14155496714038365 0.18943737363265073 -0.0290311522791678 0.002630371343527141 0.14599008435013472 0.08798996010103785 0.016432267992776504 -0.09087429442914213 -0.16986453478181032 -0.03192317706840267 -0.13823019270434772 -0.034588312114069375 -0.044558870731192086 0.28335154070246144 
-0.15477779733540842 0.10840163852347137 -2.6237283109778364e-05 0.10921220577537363 -0.1409976997781752 -0.16534262589486107 -0.04535290119841253 0.17078063292802617 -0.10263727248911293 0.11350182582618869 -0.08236499347035314 -0.15912385854510105 -0.19225988772408834 -0.06970732554000458 -0.04647412521466018 0.03481000830054629 -0.20921019706290764 -0.17199095145887033 -0.19231657428183688 -0.15299877314316893 0.04588880672190394 -0.03799440238665364 -0.10940506440498726 0.022550180264915273 
0.24165000283840593 0.07441870688967887 0.07836438409263527 0.1659328764225112 -0.18292930512759206 -0.20923951226825707 -0.010101407640054906 -0.0033798823252703444 0.1574012043780207 -0.023259077286488766 -0.012043787451627926 0.2169828185760814 -0.08060715829507986 0.10029049906460104 -0.09697070414526654 -0.05362411626280323 -0.021322534494183594 0.018509052666395902 -0.11032029807771286 0.1392982365387734 -0.14132492228164611 -0.11873622982895872 0.1322096631592865 -0.07836871303316517 
-0.0707639076967354 0.10469943400846313 0.01002677315713829 -0.19493713170753513 0.14813332031657603 0.13961537895269963 0.2097266167812367 -0.023891189709111173 0.08009011882954448 -0.06290514842004415 0.015220568322488328 0.13981038637964432 -0.011983032337179816 0.015845393572821446 -0.06822421744384184 0.04277005260469021 -0.1526959622649714 0.14989400163756783 0.09907887624439002 0.040643890014182296 -0.11171692203641129 -0.13324687403191765 -0.1398687470854327 -0.06986233184346426 
-0.18398925098235794 0.1241867747124371 0.06676703000111635 -0.03304280619721709 0.10549428657238183 -0.021512824687575496 -0.18287614343723815 -0.1445431469440518 -0.08824556895276367 -0.0700932787750026 -0.17783314256710767 0.006746354897538127 0.049438804443720105 0.002183903143699518 -0.02635555936475639 0.09974815831227613 -0.02298109048062187 -0.19279228748254826 0.14770740451443787 0.03967116204245545 0.10299692274807205 0.1301770884106139 -0.24225930147077498 -0.1043523288988408 
-0.17336978619728446 -0.07120116027264507 0.13539468842986904 -0.165980313253541 -0.010449550504615115 -0.16971602251385906 0.08635228234251924 0.11741276807789752 -0.22329898635183726 0.016637533803205023 -0.10262080970103875 0.23454819926656129 0.16357135553898305 0.05584064934421736 0.17648904683684208 -0.04960062740443516 0.20744209998326188 -0.013812459191676767 -0.10405588392347247 0.25202463540580605 0.10784441183168575 -0.17273553223582613 0.1323916121036661 0.08084960162333943 
0.07269311953720109 0.05719158598178767 -0.09702756833966147 0.0933404775984706 0.12422702941749669 -0.17710427479916127 -0.14626665175366102 0.11699291166490129 0.05049080889776458 0.012162834435819047 -0.09907949419167032 -0.06442661331820615 0.1400202144981113 -0.07629878848345288 -0.17293020454953953 0.20498463662653524 -0.10722172089892759 0.16088446236837453 0.1512124414453732 0.03485898624806894 0.06566351981322757 0.026651250279574646 0.0400134524918825 0.19168066606367087 
-0.10232414631522471 0.20496574469438902 0.026373526379443023 -0.1524721700149147 -0.10757462571639378 0.03758886768481464 -0.12093642192156685 -0.14590238502386266 -0.09818783517597639 0.11824953550351544 0.07200291734272868 0.17085712621859112 -0.07077117505017802 0.08097964425321423 0.030439941862181217 0.059549171008901905 -0.1703632294838187 0.11715571337587175 0.17111489509882163 0.057448756828358316 -0.11492771748878841 0.06474286143675173 -0.1960737655460831 -0.06731848845898812 
0.22865986801154747 -0.008874624611016258 0.14051408339870888 0.04087260522517974 0.12741796776851852 0.20105311093984746 -0.09764184243629268 -0.14930894301354414 0.051208636459536175 -0.0565281540733552 -0.14778637829080654 0.08617632735883252 -0.18441244374019441 -0.11189334632944103 0.10873492242692306 -0.14190780242475348 -0.06393697477350026 -0.19036921252545683 0.19802448097604672 0.03198827139781486 -0.14764507603549049 0.20502141314585826 -0.04694044832580436 -0.017628485476752533 
0.06446781893673181 -0.12080500923871453 -0.07641625534665886 -0.05317518734337487 -0.10061167570046946 0.05521023798842037 0.12222965812207187 -0.16989073566153043 0.24379078109453317 0.08637054143913178 0.16976483114057644 0.0769525695706744 -0.15754341087408957 -0.09828452014212055 -0.021149570371958314 0.028018627770808935 -0.0043460025013417405 0.0639708336583021 0.07123802523617133 0.11068452449062681 0.017876725662690836 -0.14587584007977344 0.15038960135215332 0.05270343186047 
0.184288432106012 -0.12163747609401077 -0.1277159403664274 -0.04253441076861559 -0.07036285535456266 0.1430538985714466 0.024741108352178697 0.11451855617821421 -0.03803188068623967 -0.15878759183498806 -0.15249958489394053 -0.05061746070796643 -0.12083470090856373 0.14673133768517566 0.03889460063622978 0.08987012535022114 -0.026216471140816357 -0.16333507097730177 -0.10435002494898185 0.010074526300074278 -0.1189351300008112 -0.18870624232487618 0.09538412710274137 0.07182643292374448 
-0.06647358955351518 0.14881811338738396 -0.027886820322448297 0.1498262020318659 0.05636600825106375 0.0370509610220349 -0.11808004458466563 0.006537386047511246 0.16251184778805283 -0.07653297218045388 0.15572590607540343 0.19056619467480776 -0.06669004810915113 0.08067440221798423 0.15824760452358108 -0.19825736700491325 0.15533571387777761 -0.12203976465194262 0.1383346910502575 0.04772640006960218 -0.06850807964554945 -0.13787472708247603 0.05256920624170994 0.16133308097725443 
0.149366753485938 0.05223854636332597 0.16633533880973164 0.03508282122473164 -0.12708993099926805 -0.0010063376263697026 -0.07363474480821582 0.20569153366593337 -0.06780390503213769 0.2314703996121907 0.007304156443753857 -0.13301433930310558 -0.1688289502045759 -0.03625349227901922 -0.14912203374272423 0.07040508125216255 -0.035549932403010485 0.20006836014625087 0.17065999599781023 -0.13873463572463493 -0.03436708941232308 -0.035084710783959 0.015037989251987457 0.13523258322945592 
-0.04934105882450627 -0.05985375172579532 -0.09361770511698023 0.19358471753613846 -0.19000596109224752 0.14319339737967599 -0.12298970115310869 0.007558493144076706 -0.07049436000878001 0.22788783227891882 -0.14938250300477665 -0.12202229560206476 0.15747682814590364 0.034614135449598904 -0.0748469611844405 -0.19873549477703661 -0.10977378957417004 -0.14027528379685555 -0.11699685220194411 0.18853250398815688 0.17931653037476414 0.08403019784904167 -0.026040633241307676 0.10671067738264761 
-0.02512405997184714 -0.04128251815169946 -0.08820468644663725 0.2066216228317542 -0.04415021862205947 -0.027685026391936023 -0.1102522724060784 0.18905391610124844 -0.0319083349676394 -0.07947624346098776 0.09048414053482656 -0.15558799671311993 -0.1596594118117406 0.1275067379415295 0.09606136669755617 0.013854819709299526 -0.13965395098478742 0.039470449882100495 0.054130336038312465 -0.06759018173189024 -0.17169307691255808 0.1480586699037062 0.0020087966035162116 0.0882656962457558 
-0.0968484279507758 0.07381286422671549 -0.027748781017649958 -0.04607311905434074 -0.14779536730721105 -0.10068399133751682 -0.1669024005906914 -0.091864337246224 0.13393009488223556 0.03515472814370064 0.057714275351425204 -0.24993504891085266 0.06016375948901064 -0.03133007670989679 -0.10601432626990606 -0.17735646074955963 -0.16861715820580328 0.13612105052855197 0.1919780488137252 0.1641498058352269 -0.05976339266157948 0.1170289939123247 0.05231368338255637 0.107014929028535 
-0.006319930766784487 -0.09536506064491249 0.11327537127364179 -0.1584672289656906 0.014391354454253628 -0.052419951168370914 0.019145467882515733 0.06860503820036087 -0.1799005796138392 -0.04179793660582849 0.026998943088178157 0.19821279771825764 -0.04143994455039312 0.20900109089932364 -0.03746654585007413 -0.1440120007979258 0.10033733709706041 -0.06488067235164975 -0.11118348479647991 0.24206376123354947 0.21819004607972237 0.038574551440006925 -0.026098875689700266 0.01632682320513853 
0.08294075409915957 0.18205770782101635 0.1345034388850371 -0.13142206899849943 -0.09316409296523255 -0.23532314380066424 0.2031454137696594 -0.10382862160183352 0.05064074640617894 -0.16274678982296625 -0.12804213391379307 0.008407714478741581 -0.18875872279966993 -0.020165631201536065 0.004970471651986714 -0.06298957378096268 0.026965628526416142 0.014298276814502749 -0.04272647588979878 0.05196945827128672 0.0862145388251713 0.07488708745239775 0.020048706599818902 -0.0667794457144339 
0.04419016005059462 0.18611374344280607 0.03781594066626217 0.21673264879203888 -0.02297278600181693 0.09425945942685515 -0.1837902108086896 0.10776976992070186 0.022982656793953355 -0.19688680936920674 -0.08765462275622996 0.026418926079367328 0.10556371137556257 -0.2085005479469745 0.01909031393621134 0.1442361542729894 0.059198324231971515 0.1806686846908773 -0.16876534520914127 -0.08047863446939645 0.1974341226323616 0.12072202432161769 0.030131375379168338 0.11632340737969885 
0.22969722712262994 0.1683002929214029 0.1908925527480408 -0.14258940322610356 -0.1704587943238402 -0.16927654942665157 -0.19306000357899747 0.1546544634641584 -0.23404438775818334 0.12513855569660232 0.013351690179135492 0.048222139924592095 -0.06002977367796625 -0.014371601710927492 -0.09686824658724486 0.23574119586030662 0.07615315669602778 -0.1885239404214832 -0.01496502779816646 -0.08593930490986436 -0.14960367976792494 0.2141428024812841 0.0732294482178703 -0.06673335971938132 
0.15657421486042075 -0.09105273142560784 -0.0753876659096899 0.152813489929706 0.25045896680897356 0.0615036897249405 0.17636459538238064 0.14405534550657112 -0.015929067541725146 -0.04975444827822339 0.08087319266191396 0.007976174164476988 0.015314536564169232 0.2594539937379583 0.1079410542366191 -0.06143696023343884 -0.23058778318671505 -0.12441750183581299 0.010435469203181788 -0.03232828418607304 0.15597955843315425 0.1819022922775962 -0.16850993038808587 0.18519008689990696 
0.15788579490694968 0.25019711711235965 -0.18368538442197546 -0.17570005276129566 -0.19669155753669476 -0.0884805227673032 -0.17646289518127267 -0.08094969460830333 -0.011413949898574305 0.15203774000616768 -0.008955412877088854 -0.14651443713729537 0.04895990093778514 0.11684191697568762 -0.15402686335718116 0.06515461284483928 0.10991273813967269 0.14388026515742797 0.15473334800754684 -0.04617472701912643 -0.031246550948852495 -0.1579239064047132 -0.0712662938616973 0.16034341697640617 
-0.08461887852324972 0.16154654657839818 0.15475167300740023 0.1676483240877663 -0.13595651141042978 0.15038718402302348 0.05162322535317273 -0.11411855400097802 -0.06065339273726057 -0.13444252353195246 -0.021667088203903194 -0.16511145948742517 -0.1322744025215257 -0.1194937260562859 0.07495546825691649 0.028765772667423455 0.14781007083432643 -0.10053747490303921 0.050682763366310696 -0.18507587030480555 0.006290933086059347 0.14374630857973794 0.19260159568333562 -0.19503692175523013 
-0.09726568524303285 -0.15077517141438737 -0.17976647613540261 -0.1949153534117973 -0.0038062364738445965 -0.18059883142339317 -0.08712116653444271 0.05476887453481617 -0.11691155181567744 -0.09057082460418937 0.03532734480743447 -0.02693096321973193 0.061371398031112405 0.0032314120867200573 0.052101750177342275 -0.05738492104913552 -0.08365744775884557 -0.1445004959370868 0.1735412204905513 0.1113445170629748 0.22041780224914717 -0.12422714728723436 0.16253949469208578 0.21903300615698343 
-0.10208319577837441 -0.05909964358419199 0.020018773806893434 -0.12426373401984235 -0.022545059211110104 -0.129630551405919 0.23698263053634033 -0.0023967388376384615 0.2447633816489326 0.02341027948530434 -0.006091020368665159 0.16644027154124144 -0.14116547402970173 0.017897856172761094 0.06342097536187792 -0.025774941020003488 -0.2363496398322267 -0.002824665054056439 -0.013556908420581172 0.17682472875484007 -0.09574390106606731 -0.04240421513370721 -0.07355693258872709 0.07313874742723193 
0.21679739518701988 -0.1448751468447777 0.12696423277656238 -0.10598234188061427 -0.1755413096023169 -0.1636650000780479 0.19315021237981572 0.1737751026848902 -0.09383684920817612 0.19591408755144996 0.1577451898208024 -0.03038625621437889 -0.012420948215212417 0.048484215094218595 -0.13520040204774167 -0.1930444629214641 -0.0823285524796909 -0.1927760104574595 0.06840866191746371 0.020033323659519226 -0.07953692568459846 0.1507611500415052 -0.15651391086103647 -0.10043914671781108 
-0.08156456467853394 -0.12000002519338009 -0.1634299586039485 0.14646262445317357 -0.16332902871225735 0.07205594899760578 -0.15033762763391073 -0.1947016178428766 0.022298622874502072 0.1614306651423233 0.14263204162685508 -0.06328668458672092 -0.18802395394839996 0.11871528103389868 0.12076769493017935 0.1458636557570235 0.06648875842608647 0.1214862361205823 0.1575527045289766 -0.017964948714394885 0.0225163039351203 0.002379572030765226 0.07533467945045356 0.07173768408831915 
0.007891212308371112 0.12978072383015865 0.0022430049653249383 0.12833261564324586 -0.08572316669274495 -0.1269876629048224 0.18681956672220446 0.0951864433791115 -0.09449694312762605 0.03167688566312828 0.18090030496045362 -0.16633180511741777 -0.16520869908302172 0.046559247559280814 -0.10857629952680074 0.10445443290292165 0.02655436150713586 0.06512088795959275 -0.1554103936681979 -0.16490624017625669 0.04891560240300334 -0.03521838355956025 -0.16370702638144 -0.0504180809732299 
0.06747695886614535 -0.1225413459179169 0.1568391352181442 0.2109378441306328 0.17779958400237428 0.09046628487733198 -0.04581446110448126 0.12100266912757826 -0.08153385425130681 -0.07279774655430776 0.041353643381447557 0.029876944341487206 0.18140508606844508 -0.12040390694893349 0.0961343702559358 0.1823966925144414 -0.238309795015992 -0.009290766784681144 0.06150517266671359 0.16657242958555876 -0.15070230170785953 0.14643007345376627 -0.053057653410385 0.15703955892885377 
-0.18779976626682046 -0.17758083629712942 0.19149957403801796 0.0427706684058343 -0.032120602223076736 -0.1387274687410323 0.05419697035570201 -0.18404500616531044 -0.09695937986110567 -0.06920897109302733 0.041960985002935144 0.07945923247419862 0.14045206286957282 0.1815814767960871 0.06285553005152751 0.03999917929171997 -0.03146806200675042 0.20885681587132715 -0.1367883181535734 0.16221155914469967 -0.0741467044895265 0.03482191913505737 0.06815792223837475 -0.10379447997781818 
-0.1313037346380162 0.005760011281821939 0.1497691126503268 0.08868806114220366 -0.15091271253942332 0.19290559719059597 -0.007871295755833565 0.20256674580631437 0.029954594518185704 -0.16469671786852147 -0.11738537555660095 0.15317939072861092 0.07289142423336208 0.15601526194704876 -0.06696640670487802 0.010883003887187373 0.06110357989303154 0.02168479814195729 -0.10579294608166666 -0.02852139590970971 -0.0991509594779265 0.15344713943533952 0.21988480879588673 -0.1720645166436254 
0.08404357803059767 -0.06658284679214703 0.049039365772588266 -0.0951588907800891 0.059122544045437306 -0.05038529175980111 -0.0805692408179757 0.16330957444328828 0.17573338742773514 0.04436228362213508 -0.11258312935472997 0.17448720507735518 0.09857892242011175 0.09883254920839403 -0.1136813592213129 0.13045821767192445 -0.10234788051478738 0.05147577485697776 0.08277705456057757 0.09536325646243189 -0.042862404512156546 0.10231618494494124 0.15974646057799 0.03410116389468334 
-0.1624322814960532 -0.0837073356544301 -0.1564392145560773 -0.12930101725273385 -0.14790911130554815 0.060868964274077474 -0.18305781340213495 -0.10176415930497909 0.24565008866294083 0.14868119090207785 0.041167259377813493 0.1323665420788439 -0.18142123956035344 0.11826066371720688 -0.07403453775817893 0.05352584063304724 0.057540653813065154 0.12065523580776885 -0.016123286828941916 0.2698752887222223 -0.09525315613299698 0.11468752416261875 0.13068172070954379 0.1931365819856178 
-0.18580031012844295 0.15276848496009376 0.025537932855800683 -0.002940603382334788 -0.09472536854768152 -0.06788251029516415 -0.09861250404244963 -0.1106643011771375 0.1839656526984396 0.0009293070414255339 -0.16534777497856729 0.07242605896303049 0.06807163043713114 0.06002284652598912 0.00597807876671185 -0.03905876267683735 0.16732354433560698 -0.18758451907057963 0.17179548434737102 0.2398320029245344 -0.06189547857934268 -0.11258429272930667 0.10617828875037433 -0.12719719810392974 
0.11040426217515566 -0.113298349151632 -0.08216319748879716 0.20565660956551066 0.1597387660021907 0.016240830015822796 0.15643269594255796 -0.057725036033518015 0.23257949791589477 -0.02583364939372096 -0.08057276088616226 -0.19706355309216284 0.21917930982180236 -0.0287854462885767 0.09225807485637223 0.06633901313070929 0.08650694624397354 -0.17831973843208132 0.16665472984395516 0.2002538049429382 0.028027053852421664 0.20278592156832229 -0.10027990386503442 0.03988055681119966 
-0.04042681645634184 0.05005852270135459 -0.0782630294201959 0.12612683963570995 -0.1707644660654518 -0.18205878603625356 -0.17901385763042973 -0.1382446874942532 -0.04086375518101078 0.18095203805487783 -0.15420835634525518 0.057758803234680696 0.010735097616529557 -0.05744488487171657 -0.11909218294987955 -0.11013430898130978 -0.18127139164371012 0.08374004327510752 0.06024109452870419 -0.02189304560878242 0.0860349981479992 -0.1545387065309144 0.17420414136859205 0.13747377871395491 
0.062293554306912836 -0.0389696928229326 -0.032538236485199955 -0.013425326440723648 0.17281454231013005 0.12592259669518757 -0.02096384804281978 0.01596023552693375 0.1914029404736836 0.17538423955977556 0.05445740402811693 0.0871213743679768 -0.06369183155635288 0.14545919086211087 0.13310566915205127 0.020262557549117367 0.1464402143977651 0.11559612423402946 0.12173960082369431 -0.14619333141710025 -0.031889800333111916 0.16568304387918767 0.14245709075734803 -0.030913449504070167 
0.19644203007214694 -0.0972783195686285 -0.06520064144805458 0.22010888530015818 0.12186137852129278 0.1432718360954451 -0.1943401282338159 -0.046992414580135956 -0.09830826883285648 -0.0801269912949285 0.09361579437864656 0.0838215091453092 -0.0011112929749969515 -0.10218819651033073 0.03303146830686008 0.01310556976431972 0.007561777031334554 0.04512019828230571 -0.04074675855132564 0.1095777366974215 -0.09791858262172534 0.04765568461500201 0.22031158533722672 -0.1976022237075555 
0.06957060308812626 -0.1448274265122957 0.017035353062347738 0.04962244110339027 -0.10121024885259065 0.15590013621584256 0.0699882753837644 -0.10570041986267939 0.13763652350091668 -0.1563405920846643 0.02150046242728976 -0.19332469226939322 0.05878180835194349 -0.1455175010290163 0.05851423999108508 0.08479804900652041 -0.013399918072897823 0.05020432384807189 0.12369587135319722 0.15121933577960456 0.03383821291829872 -0.024318116130758394 -0.02569299357392768 0.14578417614417674 
0.06210823040777767 -0.12096294530137759 0.025607519833012262 0.20679759083924426 -0.13815025434039122 0.12467030379798397 0.17141160234292058 -0.0026857731007139435 -0.18379832569551507 -0.13943146785790678 0.21599499691729937 -0.23015323230430823 -0.049852924969149365 0.022810107727404372 -0.1195931507797924 0.18424209807221711 -0.20007792098495775 0.01543306558343723 0.04611717258199172 -0.10598178715287862 -0.0446730573209261 -0.003490356966051376 0.1499556500180833 0.05252404178895948 
-0.012615531471390728 0.037622950203695056 -0.018141539097683606 0.00999159406421578 0.06210877779048463 -0.1259048128671935 0.11153371809302219 0.03857337906612675 0.20434982259021867 -0.1094194022703624 -0.013115610949027258 0.18283244573375446 0.03960043802194396 0.10908599676164875 -0.033673708030495623 0.08789528361361763 0.18049778756811555 -0.1182967744084123 0.12132056388903457 0.22046142155330758 -0.1931310440060139 -0.11228654500080533 -0.15155590206892022 0.10534839067167563 
-0.16614489023808218 0.213583039439359 -0.043118984748673934 0.23953938318531318 -0.12294594412902994 -0.023025321410336867 0.15199705516990114 0.04299695247507703 0.042961448155927215 0.004911608829605971 0.028798133857151884 -0.027548445877747112 -0.1209503752814777 -0.21577372496340416 -0.1379340620258815 -0.17776108317473266 0.028023883391577607 0.11093733951205909 -0.055126232443991466 -0.168531166802447 -0.051379165695002595 0.030904300136434745 -0.03478111665914771 0.12266500358159776 
0.176673951149039 0.18319272263608297 0.08010101368745927 -0.011544845460449928 0.07165496982704359 -0.19359791445119787 0.23359923237380792 -0.12956185915354854 0.19895134261579686 0.11592644600865976 0.11750067056153653 -0.12334656149717019 -0.1107099048177493 -0.0614406177957303 0.13817480774712515 -0.01931162190411468 0.22271100503859145 -0.05766711324397364 0.04666051042749892 0.15682845158051706 0.04313899831540504 -0.18059232326659988 0.004450800819515189 -0.06474941592288677 
0.012510974117143171 -0.08457030880035062 -0.14958827547739564 0.0659517548189592 0.07112492204834063 0.14532079468235187 -0.14551365560086246 0.117818982240636 0.1290988956312689 0.05736293236455852 -0.11640126609382154 -0.09384824411651421 -0.031781838486297405 0.01625974407597487 -0.008765909837157592 -0.012650655403264821 0.13434593638568218 0.14651341897521333 0.12508271206050237 0.14961350880677227 0.027672039417346066 0.1844547698761906 0.04160826763533768 0.04058804974448374 
-0.07086453869890222 0.147886102666368 -0.17797371108434842 -0.1446424168982538 -0.14637473185987243 0.00920409804637491 -0.12825593932835663 -0.06222144621920597 -0.13531716445211153 -0.10488618282723233 0.2735787565269187 -0.06285458266096852 -0.13799571505438468 -0.049708683915030485 0.26478630037156353 0.09455582755773219 -0.11641862607904584 -0.08491945387683154 0.10307601676826743 -0.10219262622220596 -0.09671146764231925 -0.16498568481305118 0.2282327729284047 -0.02028020948703541 
0.024064496092843057 0.11896564305361709 0.11696591360128825 -0.02043281267687522 -0.12472935519752104 0.13363878133328136 -0.1864674784556769 0.213018924313567 0.03377939918965913 0.1253242800906386 0.04240256431474731 -0.1256051466382283 -0.0752791773120373 -0.057248731419543716 0.22298736837456518 -0.12458183079302296 -0.01735655313776681 -0.061177895172591555 0.10626738446547732 0.15151199865736154 -0.056562767431201456 -0.11672125357359624 -0.17185477881766573 -0.11891240511940071 
-0.08947830830110448 0.0010833193107046134 0.2038500266126331 -0.1471843760912466 0.2126357604392068 0.049694061313488296 0.13016516712424053 0.238447147477944 -0.013349225792792815 0.012277997437376008 0.06540977185200006 -0.018015658468510047 -0.07886608335806014 -0.156389955767762 -0.08449643110298263 0.09510325087360266 0.022441964875100865 0.10480917977584137 0.00664942851063111 -0.10553860019444726 0.03427771585600115 -0.07692499004726645 -0.19802811715145066 0.1540466861405668 
-0.031048070987100374 -0.03073614724494146 0.12737806022129813 0.2020177626904497 -0.16966100639148102 -0.12910902009817846 -0.06965302224239599 -0.10695196329317805 0.0042753838262826116 0.12817258834985895 0.14002442053410682 0.038618013427956066 -0.12240647395195169 -0.15724130294651378 0.0957644173757934 -0.10349741947241636 0.011945487424141605 0.09035663303613997 -0.10707622773659424 -0.1285894431848504 -0.1829264773225235 -0.14113384154326702 0.15994015207391632 -0.15669192131098522 
-0.10891524786759767 -0.1857543729487423 0.06914398612780355 -0.10569704629163984 -0.03370446472841404 -0.14272945115806127 -0.047994977530294365 -0.004669721385418311 0.030517478392382592 -0.030079656880093505 -0.15744991052822702 0.08011926037674648 -0.14357230884543676 -0.0793089520162445 -0.0896552221478001 -0.07811399800959917 0.03255998812343746 0.0069084659465344055 -0.12234116193825943 0.0104147220500992 -0.06285608476629384 0.048624537828789734 -0.10793647981277671 0.10597981015463281 
0.010193255128470179 -0.0650092824411329 -0.09692924096036808 -0.12391648355664582 -0.01095290896627021 0.24439079840066397 -0.1569475761533888 -0.08508042190790374 0.07186464820785618 0.13394387995212137 -0.08695010539583287 -0.021314847200154537 -0.05962216408147792 0.07277296212945546 0.08619370122649664 0.1413625698741843 0.14530813313208574 -0.060226937850548626 0.16894802181930285 0.10482442866850929 -0.07558627992599155 -0.06828780595728091 0.10804679927333224 -0.14805101000001278 
0.052200893359934525 -0.08736583601233244 0.129272045805139 -0.05299538368520383 0.0917729228862288 -0.12140742355444634 -0.007206875361073313 0.11981044629311569 -0.04022038186676527 -0.1337777988401881 0.058322947076909756 0.099723978868529 -0.08637996404680204 -0.018928199539481314 0.15874300076165002 0.14727156628058194 0.0813665907836922 0.035466237487295875 0.12533458350362855 0.16164685601949302 -0.1980275056461633 -0.040126284408227075 0.023917274743408646 0.09199462888007182 
-0.16361809382279338 -0.005029707127646596 -0.08660712310348626 -0.02981794495365919 -0.000784309147613281 0.027390105190096714 0.03858829414863165 0.042152004294557885 0.07791161639267116 -0.027929905552603572 -0.1970249373776171 -0.17547177821448876 -0.07711957664728512 -0.13964227302889753 0.038512906506387355 0.0010959798537520649 -0.01853424131819196 -0.07025030545658739 0.06001118608375107 -0.12226246397930988 -0.1966576172669271 0.06369209540931936 0.015498443834518592 0.061084013792314686 
-0.09683964902909306 -0.24426752651550016 -0.047644128585211803 0.10574125093473916 -0.15742498190638582 -0.10403591820872801 -0.03505189318868407 0.025687435565228182 0.09755878986366318 -0.13565657060138228 0.05740561541353268 -0.027025158150411694 0.05986737283491048 -0.14507820918734615 0.02921913277194441 -0.10567928604150875 -0.21534655447997061 0.03081184554346657 -0.1247092251552497 0.0738253544644518 0.02194610011577469 0.1469239884533364 -0.06249340785109903 0.21163516429423357 
0.01007602347960753 -0.03866560253071039 0.09817591595708622 0.04308014929950786 -0.053806765022690724 0.01792805771828222 -0.11935856840663282 -0.09984905411320245 -0.24004179222331526 -0.010535446381141305 -0.06045929848427178 0.03383036365781173 -0.20058771950869125 0.03774220412234962 -0.08129294540181056 0.059157461050942176 0.10063177866837618 -0.0366484712476297 0.06392238732562586 -0.09203094519003462 0.2505441678874273 -0.11639251619888687 0.18033690050951195 -0.1664532452686769 
0.0012893949205033009 0.09608441024536733 0.07708597879514073 0.06323765403994329 -0.05732350388647579 0.12047001498207478 0.08425938277483717 -0.08109441551745199 -0.09454678908458176 -0.17228095981035085 -0.051184830591866626 0.08245318906359159 0.12070329256247261 -0.08507175759728244 0.05863397440667834 0.11179217161067212 0.09665198583239765 -0.18696003208685127 -0.1397350376878915 -0.14493419968774912 -0.1258667812154254 0.16646060684685762 0.15107930061142177 0.049426155820361375 
0.016792150198150224 0.04521808657411802 -0.07764845354377956 -0.05212490432914828 0.029210889342299776 0.12206217792002874 -0.11773214814431707 -0.06760814134069366 0.0955774872093875 -0.06231097713734742 -0.17973678143109847 -0.13587320759098886 -0.12082785523045236 -0.0018968030524402146 0.05285679264217203 0.15058773141726217 0.1595853189175486 -0.07567378735426399 0.09974561588555736 -0.08549148979880355 -0.051397909699841135 -0.08140066706756728 -0.03366564235564581 -0.11248400744765685 
-0.005159668785795 -0.19171226581814235 0.24226342871903395 -0.036562253758356866 0.1929352147953351 0.17570611763250854 -0.11976673612292629 0.033098694131435645 -0.006246420026756967 -0.11582911831621569 -0.015278799268476693 0.1644234433509938 -0.1256130717736941 -0.12627066370837806 -0.12071779850898558 0.19478830301366454 0.17864116581605702 -0.008883992490900577 -0.14534221135859576 0.051033822362830925 0.09430295696688587 0.17123152312225923 0.09078427017828494 0.25819459990584886 
0.13640229235719553 0.06972711693766503 0.08910095839069022 0.07278023527679883 0.13918392707550603 0.25261004737337056 0.10998399385227196 -0.14696372303422486 -0.26106941782640225 0.21542873721123115 0.014986089421266063 0.10652917164222547 0.0619614810739532 -0.13810972080851966 0.13168649639535365 -0.1268415370354736 0.17119533465197628 0.07583400872780084 0.04724459275003324 -0.037388008742227696 -0.024784143449832496 0.08735008448307016 0.10331971727628698 0.09458850773592567 
0.0773506378652404 0.020615903232732845 0.18773928287958147 0.09541863252176741 -0.05678977251168271 0.004969217149935335 0.016578535163282525 0.008232519391983146 -0.06174215880185574 -0.2293020057977439 -0.05495554407924963 -0.09807867986491164 0.21198118816544476 -0.13075635207818884 0.04940299961513883 0.017950455879027733 -0.10845669841529802 -0.23251356413260568 0.09633942844234128 -0.1286324004147256 -0.0684784988591257 -0.17333443671789192 0.13251247278021758 -0.1686685429365986 
0.01941685739785532 -0.1927848605235679 0.1921603054498499 0.05528978270615254 -0.05374925428564067 -0.1397348161860149 0.06957164313387228 0.19284346904213848 -0.0681811636289713 0.10497659654256619 -0.08347704089234592 0.19054037909708121 0.1032324990078524 0.043669241113689 0.16292176897592384 -0.11552511993925677 0.17056549269083984 0.06982738634885188 0.10692112549093595 0.04615534607528665 0.1338344864399967 0.07648052055093599 -0.13979078987526944 0.036438062942519944 
-0.17268197791087558 -0.04897847210697051 -0.27218327153264554 -0.1517728893363112 -0.32865557362134695 0.3329690646450753 0.04296980093920468 -0.08614285008736595 -0.31595171525356885 -0.05057720807159067 -0.03152826628053465 0.3685552866670785 -0.17816285088745104 0.05091049200816855 0.11097217888128834 -0.213371224389345 0.009504214985274378 0.18370851006553865 
-0.2656884105216361 0.07087148274522255 -0.3420370900273746 -0.37597125982954865 -0.3016256690935721 -0.012323340400981831 0.34069757404968065 -0.07521511348898689 -0.30168159685550716 0.26516948409517577 0.012786800080601032 -0.1359689504805414 0.35316849342399614 0.34074653797627014 -0.16219735369773694 -0.20267376089849226 0.06366077855195178 0.2635845601309636 
-0.12706390203088125 0.0576608455866025 -0.2565409030057166 -0.20738440088253804 0.1769086791987283 -0.23829858973958268 -0.1916107265968616 0.14445840084068337 -0.2965941461463828 -0.37311955343867764 -0.1433040644150108 -0.1550096551017739 -0.0814570633572266 0.2165142291277449 -0.3181702064924715 -0.09494849650884633 0.09269093113527758 -0.2475264644311587 
0.23822153423849762 0.0976371647538682 -0.27258278824986215 -0.2249569962411882 0.16599472535597223 -0.06450384881222455 -0.06134197029688276 0.25456632295236414 -0.23608683926251928 0.380837021459028 -0.31349570371066926 -0.28452477265208376 -0.19194062180893184 0.2007912207911975 -0.02931576778461275 0.10286119954726039 -0.2277280475607594 -0.2745276348338556 
-0.04164066504599366 0.16241244244356814 -0.0338274381523968 0.252037764440926 0.10773320289268325 -0.16972179210898913 -0.2550825477109533 -0.039764741966230324 0.22214238212591852 0.3548686584098641 0.26785838694398195 -0.1552452672369184 0.02534145856262054 0.07584613928771053 0.0311229891075758 -0.07403802617951671 -0.2722713172943904 0.10528698089179085 
-0.3640611340275239 0.24957091383340319 0.28892210354944314 0.14892137666431074 -0.008989659646066803 0.13417404943785624 -0.15089910544115948 0.23958035096882668 0.23521786253281365 -0.19790014120668112 -0.1269650996509512 -0.05072792726036343 -0.022143227311068787 -0.016407438578015885 -0.3141580146405674 0.1074321821937233 -0.2163527992803407 -0.13395241992370238 
-0.03383555232981426 -0.10151639888494411 -0.1299855945219887 -0.21729583268996575 -0.2955901139812796 0.03407706562419805 0.09784944378152827 -0.18517045178618238 -0.20167960032598353 -0.15900579688516575 0.22906280334811008 -0.27796020540243777 0.06616624022784363 0.051882543042650046 -0.10512535474169946 -0.1002314582918861 0.3360722597593912 0.04004562408094231 
0.1803180577292782 -0.006129011858221523 0.046723410577986436 0.05185973418023378 -0.24172889651830007 -0.11107511870734835 -0.02755343270919417 -0.3090340642835525 -0.09382083480249964 -0.25925096683738824 0.2497023457293502 -0.17720468557267266 -0.25515084044765646 -0.00998408868691035 0.123178464938294 -0.2973495551205911 -0.22323672625517516 0.20622614240732998 
0.18103120566128295 0.0787888001370745 0.24056432044053278 -0.27206847694855923 0.13718729284767361 0.28534842061183663 -0.2552604921436841 -0.20220999959551678 0.043771070777629685 -0.12468608937700619 0.13764530206439704 -0.3424875443673507 -0.21475044755523112 0.17796239323692145 0.3228126145736257 0.29396322716788825 0.2920009828957556 -0.27393686085415586 
-0.33258054315534025 -0.2926903552118254 0.02271683923611747 0.2772389842158308 0.021093730639758633 0.19098317286865657 -0.31703798713360326 0.212470065959776 -0.21235569618029443 -0.2604002358996554 -0.05233681464288218 0.12064284263690504 0.4172935058107163 -0.3830832692122972 -0.1526424834245557 -0.2696933377090577 -0.08309008888341757 -0.23682122763784422 
0.07578695407380992 -0.10183597982758556 0.3328019436162638 0.1966777197940099 0.24603871540865968 -0.2526551659019595 0.09279338568216947 -0.11575512230180862 0.2794416848367931 -0.4073945610214148 -0.26924783977688005 -0.14862145952301814 -0.10505140154970911 -0.11325722661981343 -0.27601972667568997 -0.26017331436809304 -0.12432118978099528 0.3967554066346487 
-0.23067511816498526 0.1672217510054396 -0.17487427130076688 -0.3589464987506519 -0.3321958550332732 -0.2364831871493299 -0.0815757185910606 0.2003090892945676 0.18032053931747014 -0.09512887671768513 -0.012371003809934241 0.2577094245005866 0.3130369914344033 -0.1493068741606378 -0.3405014672284115 -0.31047299223756797 0.1666564570427389 -0.19101774061866555 
0.028787853515812253 -0.2091609052935559 0.21306330334417972 -0.003452181674571785 0.018011784218456086 -0.1429244685472961 -0.06035804014550457 -0.33895434377415967 -0.145216980101012 -0.16167141847205085 -0.14575587354323613 -0.3424725943476072 -0.024370174818176375 0.264751620269129 0.30311884746043294 -0.0017925593061416999 0.06082006619341919 -0.11561429060677454 
-0.28785358568187946 -0.2510013225366155 0.12678614974965288 0.15047324932153514 -0.21795957132398353 -0.05766770592242947 0.07901497965278138 -0.2740745820668204 0.23773529178759895 0.11093372567517838 0.08315358758068721 0.1858279101089509 0.42678375639801286 0.04064263092178819 0.24841251579194448 -0.05420621275448844 0.10653106649474993 0.2928777910344843 
0.15554357361260857 -0.13264985320253073 0.08027100887901982 -0.09975498435510204 -0.11947100450662622 0.07368680068002818 -0.21447867126502027 -0.008410226230989968 0.3052504504088448 -0.1143883178754613 -0.2112889821375394 -0.069861507606132 0.22259118983019052 0.2862449548276988 0.22292781910753662 -0.3354198716856378 -0.15736851375195368 0.40525897860013277 
-0.31494543731529356 -0.006560118125047695 0.19953335432529162 -0.2577409134685638 0.10909299186999005 -0.007891715018781366 -0.2711083328195529 0.2895795378088562 -0.1954098480971243 0.14239970738867128 0.1731300335075921 0.09374560445528932 0.12240442430301574 -0.3069435168361129 -0.12925968405807595 0.0580192477796129 -0.06985986655518471 0.07993584290551209 
0.2262994447514972 -0.21041545804940553 0.3091704157898271 -0.08825221859345425 0.30348806408656115 0.07853726530267956 0.16563632777692244 0.0025805313996749737 0.03679368556044274 -0.07106225131709103 -0.2527502177993475 -0.022611381582579596 -0.1473545164093787 -0.4155405286419463 -0.15197714946206084 -0.2171084013102711 0.2825865026700852 -0.38264118017316445 
-0.2566369955113381 0.1375180595774418 0.31146210300861615 -0.16809035338111603 -0.32849965589158864 0.3156989268419557 0.08109413665397384 -0.19621736282617544 -0.016322833854756295 0.11928946695029341 -0.08445769434394472 0.33683448875940863 0.20740752731644072 0.29439160239152523 -0.09992677441579924 0.29931148041540956 -0.01808293721698857 0.05272111678133511 
0.15324721169527794 0.21011036354942322 -0.06932302200684602 -0.034609990116578636 0.2156181702220596 0.14679047680627746 0.29671668651468885 0.32913261420323103 -0.21826276058071517 -0.17790859481070007 0.1457128864819935 0.1780456871312323 0.06688842368652788 0.25164705571533486 -0.1677239440062432 -0.10780173341611789 -0.003541666479323659 -0.13456286796378505 
0.06661050627920188 0.12277829888926309 -0.2029582859317925 -0.022940354258194857 0.3385605317225889 -0.11824646548112915 -0.48806169423752965 0.19811914411909815 0.0035497901810006166 -0.35686881739271764 0.2815845788138118 -0.09536767328783757 0.27550763747708557 -0.06250766372053748 -0.2894882033783217 -0.17233275096472445 -0.11153238684266899 0.21281314041549435 
-0.27795578021048517 -0.04597269011738225 0.2641743976256334 0.011151362802187011 -0.2710585934311532 -0.32623195949036143 0.13335873318550895 0.3721293448045433 0.225458749637601 0.20085294262582007 0.11797958984964617 0.24242873926014968 -0.28968242882892814 -0.1736414211668903 0.13160869180498275 0.25020619731031307 0.1357915069732709 -0.2583351287077734 
0.3469072430448868 0.2756290460514711 -0.32844665978902104 -0.24669256115734473 -0.15176686591254057 0.16111782259427948 0.24041003126075797 0.038853006345573454 -0.19439927368540313 -0.07115718110671558 -0.26583962807014977 0.31725261577605596 0.19306638712027496 0.025619688664574404 -0.03084956813621848 -0.27477485200520946 -0.12199069700187497 -0.29146549188300147 
0.2342198575278067 0.029820678315673945 -0.25189911620833827 -0.21082793320311013 -0.16193643939550903 -0.12868823688401007 -0.10956360774163916 -0.1546544641400435 0.1244262150527518 -0.34206683511055846 -0.11555301113521915 0.18477361557612085 0.35309114171504385 0.230047916907022 -0.1754179332362703 -0.1808758365306154 -0.23611478675704145 0.291502191602457 
-0.2543893498459927 0.17473306754720944 -0.23643966176082248 -0.31979449621369155 0.15770400127674533 0.15272483918260374 -0.3783333156898742 -0.12303962405430921 0.3523599631577899 -0.2158042772907703 -0.28936216066203313 0.12020335718008272 0.3531681270591905 -0.3032125430870038 0.008616224271214066 0.12381717098941165 -0.22318281483494024 -0.41826554186871706 
0.335824098530696 0.0792868617466771 -0.3116094409240874 -0.31274618186649217 0.09185210387322786 -0.2440268914702376 -0.1830086497150421 -0.29489099892732895 -0.23131592728359643 -0.008650219562727192 0.007608987228972448 0.008925517853172329 0.4629323937137154 
-0.2950790656377464 0.2023740447600047 0.23274696128061392 0.065991928016257 -0.02881170846731595 0.3138953773474536 0.2606790258490044 -0.3600585603923672 0.3709782941644413 -0.39543105922493904 0.05678289625702977 0.05623390197346165 0.2657204667986166 
-0.10022776495562714 -0.3408140655289664 0.023054526407016118 -0.41924036337119774 -0.12596284923564957 0.4259276585454054 0.3373618592123543 -0.3055341088200909 0.29719536157110654 0.19912367858662688 0.34239630166864593 -0.218070622561286 -0.036164151637144266 
0.27381090539838 0.13118106005136282 0.07310214076112331 0.13996537130415262 -0.2206971841205214 -0.3891173605946628 0.18640106908490622 -0.13693785642397674 -0.1099661111019995 0.08379662957638818 0.12309118158407259 -0.23545596199752958 0.26325005055505785 
-0.09347695183067703 0.10292655378681888 0.37379975807481663 0.050255487200196 -0.11032889542648594 0.09282672424773791 0.0013803637422574045 -0.0368691596501857 0.18313537899987192 0.33936262843297776 -0.015995482481769047 -0.3289158266671893 0.05406085203764287 
-0.2014705364512813 -0.36887017138148054 0.22819977622865537 -0.17908672849229196 0.21924638678186106 -0.009088523978483587 -0.14292291248252395 -0.1460444587523766 -0.36685693724388807 0.02658958942952173 0.2569171107298556 -0.3324689798629408 -0.3122711609455562 
0.10261662448258778 0.1181317350813272 0.12378323713424375 -0.20500965996303291 -0.3681203710348782 -0.11586618793980173 -0.23830922353680745 -0.4834432056185131 0.18062023899404867 0.44433822193024347 -0.0848404753985834 -0.15701657212534925 0.08767369927459283 
0.26338776203707687 0.2337380463256068 0.11140398878660865 0.027901094790504444 0.08984528380309083 -0.16203885281607694 -0.11329941068369725 0.33269373322892726 0.3231436609372078 -0.3403083938945444 -0.16040619261630343 -0.39636293818805823 -0.1833085234182537 
-0.22571136865253713 0.10527459560256464 0.1541521998004952 -0.3396584373911324 -0.33695155970683294 0.3286641957307227 -0.11729541894515133 0.008254072789757106 0.4105723007940927 0.2052330795528253 -0.13685793841592478 -0.3308671978382004 0.04526780942847315 
-0.14560202814294254 -0.4120610903029864 0.18692155685146716 -0.06405673659577772 0.025265397000481356 0.26208275094011124 0.43451750614632484 0.13893888457632733 -0.14138926497935939 -0.35310275301757366 -0.34065158281814095 -0.1415226613054455 0.10370106614026363 
0.15337766214082424 -0.2404512218843225 -0.3333703627847113 -0.1342400803175871 0.014573150401190182 0.23682927974398038 0.03602558232565138 -0.14956010319568186 0.09694287343213269 -0.21237894077572222 0.11953752047940046 0.27183881638480323 0.08840267425677927 
0.08502534110273557 -0.1785173500906149 0.27509754390017344 0.47722432749045435 0.19709760569226803 0.1118331026081049 -0.2544227076389491 -0.10606858477270463 -0.11258088428270974 -0.2023809894562373 -0.04187342757146333 0.08624720944404912 -0.30177568216899964 
-0.20925347243296408 -0.3331153907409914 -0.20820742513692037 0.026159710980817527 -0.03771393946259397 0.46428053114634565 0.46615109307808705 -0.019818781544866538 0.4320391352609077 -0.254889206538388 0.03181030822866296 -0.0360447630980816 0.3823416031877723 
0.29068989672488327 -0.24444547890148438 -0.04687714163215108 -0.3188135092625537 0.05187478558765086 0.23098158179958359 -0.41094967368937446 -0.3020805384168906 0.46563935550221874 0.4345049447101388 0.043857688996386354 0.1142960343175093 -0.17325014927445023 
0.36201714901942 0.13312499286667673 0.13076243961349007 -0.3923269910308133 0.2808575340244259 0.22026145257234755 0.14520566414709216 0.18997991019342222 -0.2730841426209584 0.17229823437744093 -0.3218802028768237 0.16281870849258412 -0.3993154985065952 
0.2185474905282164 -0.006504936193190629 -0.23425054853759117 0.18070526797537168 -0.14474412455788713 0.30603694390773645 -0.2538421933941574 0.3508887691099858 0.37737225343703557 -0.15366767115268173 0.28861736053250037 0.27206767360443534 -0.05854854725202373 
-0.10739542009012397 -0.1730010214469676 0.3959067760216487 -0.2343656840876859 0.38083962618722933 -0.08550145587058135 0.34724907799075305 0.2556482218088964 -0.28556859018280484 0.0871392406382531 0.13609542445358996 -0.07329350895031861 -0.40469859367307554 
-0.15923443622144726 0.2778398955167225 -0.3497597024360414 -0.34581507850346316 0.17488053981702972 0.013668828172459001 0.013979339421707147 -0.10970692148837545 0.12797943786504642 0.32385301083466217 -0.17575053287530096 0.27417022964065985 -0.07462245379537467 
0.24629740229195382 
0.022119209228706718 
0.4431840967228556 
0.6790726653924821 
-0.0176187762648002 
0.37846252643919054 
0.07637925877558666 
0.30454244029415484 
-0.3659256389869922 
-0.5554169815963158 
0.5783247207037946 
0.3757062941723551 
-0.2625595755258691 
