98 24 18 13 1
-0.04119855392758657 0.07257437909144508 -0.19472274693668373 -0.09230638779486411 -0.17881465422786838 -0.19823100244762976 -0.10733611713097745 -0.016329593135424383 -0.06320228616025259 0.07096403814319552 -0.030963591865259443 0.09890486129754389 -0.1586252315941935 0.17382464461991728 -0.2181424681579657 0.09575537860114461 -0.0664042662995606 0.04964488981354783 -0.14012991849030265 -0.18865219149874382 0.1545329652563886 0.2251163124682606 -0.06460353994526229 0.20940018538279212 
0.19652677029786808 0.11303800428284905 -0.16830003881541636 -0.2145749780144781 -0.2015131101523102 0.1900115331967972 -0.2653119264075867 -0.11757970851187025 0.1468074280659522 0.02772519315876857 0.11275092172337113 -0.024616992320807173 0.055782000558479254 0.19368747096134817 -0.23977790569531401 0.14428462289623897 0.2660710429132044 0.11491239359158639 -0.09510705651617725 0.1269045604325551 -0.1089332939611972 -0.01308057871623497 0.173838057734013 -0.012231143052447862 
-0.10948900838272366 -0.18297312397971968 -0.20561379185829545 0.05899244083823293 -0.16518349951814112 -0.07153629898779192 -0.09572438790370741 -0.29529031375544695 0.02950578464168157 -0.14809063921062235 0.040414962538681286 0.11325697038963416 -0.1881282602378038 0.0006166864671703255 0.04194222578341597 -8.12966287768372e-05 -0.2395379365064518 0.016327212069555876 0.05480064322518472 0.02193661321729443 0.22689510665754034 0.005797348326977371 0.2067064749089657 -0.13334693604722953 
-0.09266093415036315 0.03028862068875181 -0.028262207139316712 -0.24655547654447496 0.13132816976632036 0.06463670579626546 0.05133640623967538 0.05366591016383877 0.0671743639156144 0.1445766210359869 0.07083875446419113 0.0409942840649042 -0.21736486180713616 0.2833719825935507 -0.07614616451283579 0.30767828091569016 0.11776580756711141 0.1249231192614502 -0.16170329581868648 0.15271950597468584 0.08854398399907092 0.06885115262380076 -0.057492153375442674 -0.011009095926176427 
0.1711738742326174 0.0302410818715519 -0.21001386694677215 0.06237752582121856 -0.12936098799959356 0.04394211863251239 0.1606510238923864 -0.046961432589320916 0.18649335129040628 0.06810846328770077 -0.243719194493965 0.19037151864871776 0.11831532551986312 0.22558220550460736 -0.11432269711554074 -0.13551337457670015 0.19982772503927185 0.06496555723993537 -0.18137627492401945 0.13043399506694578 0.13863246096055862 0.22549268928229935 0.07738873194591059 -0.11578961722823411 
-0.1137235566945771 -0.32175321780354876 -0.17936800738481745 -0.2428074930291551 0.1131193957127043 0.16300435371708932 -0.06560958497451636 0.10907551396283349 -0.29913008630684956 0.0031898623688020383 -0.049081669777048385 0.33844100921067877 -0.11264437772009753 -0.07862593858502749 0.08990484402955201 0.004942650615125612 0.1947691719586795 0.048535756292420386 0.1338409011801104 0.1035465287581532 0.15480103423587868 -0.10940195460300403 -0.24402712372195529 -0.11407486587618257 
-0.14988135397297922 -0.26313416315242366 -0.10890194167335394 0.09416775617910857 -0.008246824620050374 -0.1222044565298965 -0.24784860158144265 0.2173555770135537 0.0020647851007781336 -0.17817930445691976 -0.17302187603192926 0.14697633927449907 -0.1334785666180111 0.050153049475282305 0.2001725543826322 0.1938788702091548 -0.09377958909101418 0.041478920500835084 0.046072353099015736 0.1491893616729898 -0.10438102690028384 -0.11375868418958902 -0.25439866502434777 0.024753367569698183 
0.0902425398427621 -0.04552067970489952 -0.0704367983689967 0.1565840629776109 0.004993717784727951 -0.02680455934120073 -0.051421453604274296 0.06933716955602132 -0.032387649117066236 -0.026338145310295616 -0.16963470310668383 -0.010200040848788392 -0.010053595987336324 -0.1363417302242796 0.09789961680111815 -0.1420887707729161 -0.03006626301715214 0.12483648717981928 -0.11911163628855495 0.049535942744782416 0.08895786500307466 0.22381101929502287 -0.14042312140374913 -0.14365675400033975 
0.151735399527752 0.020691365006471667 0.15931470680797816 0.19107986303715474 -0.19061283955884983 -0.10494302759763417 0.057042080869429725 0.14588555450037527 0.18609908160049332 0.02166261282256129 0.16629222361810805 0.11942003607593354 -0.0422168777851566 0.016885274748701082 0.04002044206372067 0.08237490692231027 0.19054979655971016 0.22105159364155386 -0.04033497682617734 0.22279666276284177 -0.1216770852680775 -0.1457165808359372 -0.16967877815873234 -0.0121761941789374 
-0.18757474509764926 0.1753550315519545 0.12724161984925192 -0.19018453151016074 -0.12593036170375954 -0.06470605736048037 -0.14386094224490523 0.12026786581176656 -0.05977382221539402 0.17221006597948496 0.031417078547786054 0.14776957057340406 0.13422446799856028 0.15834826367684054 -0.015322063106324767 0.017708380036787263 0.11596588109675446 -0.08280451990425848 -0.003713748092756941 0.03801161204157706 -0.1899781777719448 0.03583870918726744 -0.025378086869960365 0.11942578988042406 
-0.13935562817920497 0.1853709446897879 0.029815882200486008 -0.12407768676578466 0.07697307208479198 0.026517949079658282 -0.19034562401204266 -0.02074963958983115 0.1299388495190687 0.18443636995131896 -0.17356946010000063 0.1656913883132548 -0.08566998289117418 0.14715869855681496 0.015327378395444204 0.09680639287995438 -0.012123085620626398 0.05986299994887053 -0.09189419679402029 0.0709148645774653 0.10746860927999735 0.15233831005724652 0.1661531152475497 0.1917039175117038 
0.12249145805972593 -0.055767610726518896 0.1109470509503481 -0.03383562193752162 -0.08123495257873549 -0.09366377618394153 0.014992192136291042 -0.0055498273034882955 0.10539343287374929 -0.13221293324254 0.22854853096935296 0.03614275281988088 -0.1400156705539021 -0.10835052077075001 -0.09468868131274868 0.0941345490328107 0.06619597896748425 0.15652163455930154 0.06267490643357171 -0.000669979874760815 -0.1516755079898768 0.15334132012328794 0.08208808314167217 0.17337761599239318 
0.1553270578140738 0.08712638026106982 0.024943107381384565 0.13849999984489303 0.006084365667237387 -0.1271976178124723 -0.0831383147010509 -0.18956713618938562 -0.06742315229641059 -0.13786780668495682 0.22356473228776955 -0.14223955170156094 0.157528197273475 0.1251208259850215 0.06332156634862986 0.031117312538609106 -0.14763514180640944 0.04410200817095977 -0.05960450165613163 -0.18768689754521242 0.12788520822288002 0.013407691453088207 0.2042556519287834 0.2691355977971186 
-0.0940198405407951 -0.2050296360363626 -0.11929801636951189 -0.014237209455522233 0.06279690700248285 -0.20135188597432532 -0.14917402880910768 0.1860958376833876 -0.09789705237029649 0.04770853668151413 -0.10324145210055052 -0.17644666182670574 0.050501360343562646 -0.004556420451980061 -0.15557956489732672 0.075768040619536 -0.018546409378269013 0.1332964361132069 -0.1384785437755215 0.04231890299361983 -0.028302222780423218 0.13182624713905636 0.03236274210395009 -0.12073459012808083 
-0.06019354022626596 0.08602228089472069 0.1257987855443367 0.014678956341212888 0.14290907707812145 0.16430473052101563 0.05998550876506301 0.175011300652725 -0.1667333151051044 0.19656422332471782 0.007999165729761308 0.060999047425599084 0.1115134362178625 -0.23862373868513903 0.09573237706170985 0.13688595430140038 -0.059545593776541034 -0.08191737975593247 0.05085716376581699 0.06931855853589058 0.13942020622032372 -0.03621881211962556 0.09596110850454058 0.17895216790017557 
-0.15066903739125412 -0.09527097445651274 0.1567201567450048 -0.016783532595695268 0.16688326146469948 -0.04174297229604874 0.31638789567703524 -0.003049952518693535 0.02890440989490438 -0.18823325618148257 0.013956817576532594 -0.28921209041407336 -0.14005500856710715 0.06865222100428858 -0.18401668556021125 -0.08307831795837917 0.06054684805281929 0.08166877955819964 0.07367833153537234 -0.08603283922400314 -0.014014546551814368 0.11076389010060197 0.30039925709057813 -0.07663186135181599 
-0.09770759229845649 -0.1339377214242898 0.09688422733597596 -0.01643501558083959 -0.17339502100979978 -0.05687242263896216 -0.12120890642102025 0.16063275912611355 -0.10876203652832413 -0.18513644980686114 0.0358198169098672 0.1275346320436534 -0.022951759602865548 0.08107076202323346 0.004245745962289998 -0.005611425390810226 0.2171598690511349 0.06100829781951427 -0.183245894823658 0.11187478882192058 -0.00837428480395782 0.22006523061697703 -0.10806048094168123 -0.0901127360513337 
-0.1765800963924908 -0.06928018943807839 -0.14779624460614818 0.050480773578838366 0.07521047018956176 0.10801176885725398 0.14314054924506625 -0.07551491624724965 0.12400920217799981 -0.08657911408182112 0.1260846453482566 0.09350365005513142 -0.15721467689052074 -0.15872388022331102 -0.22023381457846855 -0.15163601339649976 -0.035273356443296655 -0.1684248675585534 -0.19543047754426987 0.047212345134714284 0.014159400025693393 0.12779936859204366 -0.05668463757327488 0.0779407486808639 
0.06711520263953094 -0.08459454911376985 0.10919828779132432 -0.014339927657609252 0.13277421175592194 -0.13011112782721007 0.0937674658705651 -0.13132004154911917 -0.020145387061078882 -0.2913396621473674 -0.05302920950750611 -0.13610590336493475 0.16597662111074588 0.2535326697739225 0.11323915291639423 0.2643614436264357 -0.12291045874668233 -0.09072545865768085 -0.12140569570415674 -0.013082970250071987 0.25461113947638003 0.28845129036686684 -0.00799485094995678 0.09777455176523242 
0.12099491533797774 -0.01942570219734637 -0.09863664398063934 -0.132234316383797 -0.19988434489924028 0.14056468212706205 -0.19043182722030097 -0.16566931697923049 0.09569355763338652 -0.0758629855058578 0.16338164757768225 -0.08270720123168573 0.0837037398800695 -0.007829336018890243 0.1554601314803958 0.011615266677185597 -0.04163335484665748 -0.01515920989591 0.16527761391193493 -0.20319532982979596 0.10930572917477 0.19777237921520524 -0.13582481024215368 0.0395701059105589 
-0.0882994537345214 0.10455151621206062 0.022378142020949877 0.10782032390412628 -0.0678792324163198 0.058922526976911506 -0.09236554119029343 -0.32199752039721546 0.005811089833856178 0.02349958598389502 0.008104929983337929 0.235829019278726 -0.09375844434337352 -0.10736237718462957 -0.08412348749660081 0.24960026113499412 0.25566961098321983 0.15554311970916798 0.15839185573898357 -0.15859794095469018 -0.14106451669014738 -0.1174354821902747 -0.06584214853790057 -0.14105927084725692 
0.1219444204708189 -0.08331685837279725 0.1125325040310867 -0.14244210550622094 0.07783789829862463 -0.12263571799786044 -0.024625772922336874 0.040131495975612504 -0.09905769428116273 -0.1726797036855675 -0.0038449299057049875 -0.05541960390518889 -0.013158495478216256 -0.21267794125839234 0.026252591430496613 0.1673725336236538 0.0875539015295408 0.016148917123456688 0.18657778258513608 0.25322772949126876 0.0028912398289404856 -0.21102984246850992 -0.24096548457324485 -0.19587204975994044 
-0.011597957641088688 -0.09630823662189157 0.2308880578564883 -0.11934086196264239 0.16204674851486123 0.05377897089964022 0.11484363990023944 0.0011760282637175202 0.09415242400771506 0.036686357043307645 -0.22643602895071088 -0.0763283450023576 0.013646334807836051 0.0750881272873676 -0.011973295955581442 -0.025062453336222132 -0.16746575714562265 -0.22658661175293637 0.10007140765353696 -0.08354102708390394 0.22579722887667594 -0.03204936691273996 -0.044328397289146775 0.0017584024724649607 
0.14282452623732628 0.04500983491921142 -0.14631588636346501 -0.0840422318347661 -0.0024085155355721673 0.08185727709292384 0.05201963522379808 -0.14733339548979937 -0.21920922127434342 -0.00922250500704694 0.07028594861808336 -0.2281940377876884 0.15567599885145508 0.11878408488487388 -0.019398281517303287 0.161615222850457 -0.001453808688695414 -0.2731439833545229 -0.005935948139585913 0.11399411288389576 0.1360591002984828 0.07855673509905321 0.0946407573896836 0.05102344007246708 
-0.08755687537146908 -0.034042760163849446 0.06618382941943668 -0.05678343335511207 0.1331059129438693 -0.131837494083752 0.060447162978222155 -0.11878220590629643 0.05067668364293975 -0.027662380431948127 0.09548602963610377 -0.005282052116958251 -0.1206309249040325 0.16302010836021164 -0.07384075523525954 0.16132974200359393 0.179797651781069 -0.10807468406458887 -0.11094704730234498 -0.11693299676187553 -0.13928346678285936 -0.00897595563137302 -0.17846849826669933 -0.1396092348109738 
-0.010254490211480309 0.18918382310904325 -0.16396497013634914 -0.10401465196288734 -0.13900615445905018 0.1414267967629344 0.12139721898564583 0.059698176528493456 -0.055274368710441994 0.07073898087924821 -0.024751626652815502 0.14629452146882674 0.14236802652554323 -0.06893658518948646 -0.14576406809620737 0.1676901943011025 -0.16097013431458 -0.20361545892558505 -0.026337341567803513 -0.10339896367918082 -0.10358193149078422 0.0970539999731889 -0.14675381739302198 0.15258026513229012 
0.0773443965066077 -0.21390360344087908 0.038723770941192136 0.17127728084730265 0.044768645332051986 0.12095159508198276 -0.11651154622590291 0.1250578021367524 0.17808778734697617 -0.01864950953188962 0.08105065004581964 -0.15325160662379028 0.11169942396661435 -0.11877830868470396 -0.040249468758422544 0.013805768965268903 -0.1642907489263586 0.21452476405302295 -0.04990427149190498 0.00265147265854136 -0.015921325579071933 -0.14339815785619317 -0.29180658213012983 -0.16569807617121243 
0.06648252022399082 -0.10054890358553915 -0.05649568892255758 -0.2265129261177338 0.08885447251344195 -0.1905161928506147 0.1825181184561742 -0.14158372082340062 0.01963675298067899 -0.17824114067416896 0.14116147791558833 -0.12657217583280547 -0.05249332774911311 0.10356624227472035 -0.13634070170594523 0.02293325028642732 -0.11480102350178088 0.06576404751558153 0.08618661736515346 -0.12391269176587211 0.1845059930412858 -0.22240987402419865 0.20358862273829675 0.006778434815350569 
-0.04318871967983361 0.09402849886925294 0.08384139014271366 0.1782568008602157 -0.08579464387597618 -0.16987244702192053 0.1472688426492969 0.20709227302777752 0.06534593859017601 -0.01635725311411527 0.09144111901963047 0.14790442656822209 -0.1269913382738571 0.09919753992835356 0.0969623561512431 0.06773198971683828 -0.009062171651586029 0.07616520608470823 -0.19496390824786636 0.1285908633675539 0.1619574419775754 -0.1012472706010829 -0.2464467784997144 -0.2272291864130797 
-0.13392607560555586 0.13425336233792098 0.016489338321728907 -0.1871062038242755 -0.14093714290840742 -0.10944265354923388 -0.01129307583892658 -0.06779414717928355 -0.06921052000319851 -0.025616266476496074 0.0892254972150258 0.006450338433475391 -0.07973911957900343 0.09088649704133694 -0.10804104023440816 0.06444046830299156 -0.014226403996914274 0.14772614190642253 0.14718418378462902 -0.03394739574772824 0.1315855888606778 -0.009796481575437237 0.02542723495319825 -0.14352541298563806 
0.01980366772008669 0.15467922198326492 0.04047202844120172 0.1449935643800366 -0.02534960147384783 -0.03563617442033888 0.10156960693939786 -0.17925816689965682 0.020551519134700925 0.2347313900580718 -0.004970242191101608 -0.11284079088284692 0.1628218852036372 -0.10362389213754088 0.0775012127062609 0.07222774686399538 0.13077026855034174 0.12622740259329251 0.13154537215212786 -0.19302853957351135 0.2644780434838939 -0.10090826566430199 -0.04549551614264402 0.19869353222385988 
-0.19262459940999466 0.1431744767854131 0.13206594674434008 -0.03329970197612666 -0.09455914023198578 0.1361141928230132 -0.02523073718731995 -0.1040725868496441 0.22365475726013725 0.17602412053968008 -0.007895143587281899 0.14235448802662887 -0.10726786754472033 0.03726975045094651 -0.048746597360186716 -0.06767262533263955 -0.10177843930426601 0.21015851892349977 -0.079479284745501 -0.17970185416805304 -0.17969169804093074 -0.16878114861135016 0.027334257579869004 0.046249510784777015 
0.1940706464495303 -0.042990259571102286 0.1132880685248785 0.08369303231112117 0.09293475282565662 -0.09367909001151299 0.017100233540092744 -0.10927350063224674 -0.02487904595330247 -0.19640158677244285 -0.03502127953799486 -0.11960766611341515 -0.03352263659121348 0.15032033036294187 -0.0692833625398454 0.20259866092442258 0.045805439393827106 -0.04753507910176394 0.1354827642496395 0.13584920076610024 -0.08680710936606409 0.12885650350268385 0.0130935856627998 -0.0996709414284957 
-0.06540199285183915 0.10390391323436597 -0.08949366578760576 0.1735154438885261 -0.07905954656845947 0.037812031915076025 -0.016831922165927386 0.14316585780231011 0.19551456411802645 -0.1226900373502989 0.0059341772532552975 0.16117674100211438 0.0060251023786997175 0.15967579192391132 -0.08543970041261661 0.038061632268364606 0.0016242853671301753 -0.10539170530120613 -0.19068669909591968 -0.03190330386566862 0.1661328954092466 -0.06706436762894782 0.16139251295018892 -0.22857928040004513 
-0.060856619161278026 -0.19287042166010596 0.08377943723267363 0.08173860307460828 0.07272371955645826 0.009519741409257562 0.013344047586821796 -0.10574945692976062 -0.16488052985904922 -0.04921893274948943 -0.05566531241615336 -0.07395310514994906 -0.06058647322920345 0.18330391347746025 0.03041723142831492 0.17682090502066009 -0.08390954146554183 -0.13653304585385737 0.005403016427680067 0.14216014148728912 -0.0552784456762208 -0.014188935499669913 -0.07134334448422133 -0.0010323553914970125 
-0.13174804351913671 -0.11164111487345264 -0.09215007257442227 0.1656416353891288 0.1089328950487623 -0.03457879231082716 -0.03126184698423134 -0.13811326769542817 -0.008753403123816395 -0.07841101546288269 0.14411037028627607 0.09199040611592595 0.041264955092445044 -0.12353450801071153 -0.011223771936967808 0.23033503096524802 0.11816987101086943 0.0532129988925405 -0.1356290820592818 0.05350450664052213 0.04016679014556267 -0.01195895210059759 -0.10560096994002248 0.038073186586810304 
0.15895583713948602 0.10715076762618031 0.030394834967259095 0.20506286459779613 -0.17027213318189213 0.21533142561901839 -0.2135470968795748 -0.1265731928230961 -0.04049592748461531 -0.18097333238165578 0.02529646935631306 -0.1960385577231856 -0.10357115582345966 -0.1669306115702828 0.07859341153495135 0.06985856901720175 -0.029140222019372632 -0.12118322180621845 0.09563947367158375 -0.06146882670511787 0.13474006581574774 0.03426984255773179 0.007316144239319715 -0.1847817627437285 
0.0382830808779844 -0.021297509410661556 -0.10499810499104469 -0.040342836355439476 -0.04513422374016195 -0.016619604991677216 0.2585280647023091 -0.020308283336275084 0.16048747170629057 0.021760760623702777 0.2173319273253744 -0.108838121480412 -0.06498179975702395 0.1287786668629574 -0.17875528721876888 0.12246498990098272 0.0001975793043390292 -0.04749802371757904 0.1942270968983573 -0.19368714953422222 -0.022853987410125252 -0.18373719612224218 0.07485232216398488 -0.12423938603791379 
0.1542122291464574 0.10975893422521071 0.14620655399629948 -0.01840506033548713 0.08052641957137603 0.16178658171280383 -0.032708972247784025 -0.017562907921940013 -0.19429484619019616 -0.05019670123572288 -0.1394014397088463 0.17540006219310564 -0.03842907581651606 0.03299249241166631 0.12954125210605383 0.0693187023718134 -0.009839638735620135 -0.08939878134548584 -0.16736630054247537 -0.03135916444282553 -0.1479405840467854 -0.08067714052777712 -0.0656480051831961 0.22527761563880616 
-0.15246051224558152 0.1400187635952783 -2.5749746148467218e-05 0.10748148104762852 -0.13885118427315465 -0.15119387824737668 -0.04492783765092685 0.18579544518456892 -0.06019208776084825 0.07126646668047665 -0.0810120860038886 -0.19643574713863024 -0.18950382080534667 -0.11221913445977705 -0.0456707633630297 0.00045443265832489964 -0.21922581829309729 -0.17478373975342548 -0.18955987024478343 -0.1507032325675363 0.04876080548701252 -0.03732926858286842 -0.10787032804447413 0.02214597241185264 
0.2560099979824449 0.06198529019376487 0.07707008229140043 0.11934555133082433 -0.18027915520290033 -0.22556561557699398 -0.024023437906543474 -0.06897054940268073 0.14003199639628935 -0.03062744305258233 -0.02495639292284015 0.24155803820124436 -0.12355721066912408 0.12120901067722373 -0.09540901313833096 -0.038065395683734515 0.016686610448941017 0.01817517736660979 -0.10857452865127462 0.13421564789829696 -0.027016869173150174 -0.1585505884051234 0.10612568008333759 -0.053171449426482116 
-0.07556221691045258 0.10425953140351345 0.009843454254132675 -0.19530719090993048 0.1458977013167812 0.1684980297419633 0.21320400247486151 -0.08846747270502747 0.0930037152288514 -0.06184338184309608 0.014942718598588587 0.13183977700133467 -0.007897728039010654 0.013653865286820463 -0.06708132757995153 0.05765011346101973 -0.1485023955703611 0.1438940961898668 0.09748769849153952 0.06072363383970677 -0.07402368214414733 -0.15388699764072392 -0.16803810038802378 -0.06869469741174784 
-0.18132696293234082 0.12727100178852582 0.06564624565976299 -0.03341737980841537 0.1038143469038836 -0.027588445651867376 -0.18022660302653248 -0.1423521748621534 -0.06963563024209106 -0.03972153119991576 -0.17524173920964653 0.004458640187015748 0.053142754467386075 -0.017443981746187356 -0.025885919834219548 0.09296181584029523 -0.015107121578660133 -0.1900302397417396 0.14547706284895187 0.03673765283402708 0.10120314254599126 0.16029958110558665 -0.26131609284838336 -0.10268808352992743 
-0.1708303689704099 -0.07287486954935417 0.13311587544250017 -0.16352808668291208 -0.010258631322054887 -0.16117506838085352 0.0829438907807585 0.11714024060625257 -0.22289515488369388 0.013278258364180192 -0.10098044785901301 0.23749953138894886 0.1604077598125506 0.07082246156398664 0.20286401539299254 -0.04555658697043222 0.20769583079455425 -0.01779842935036121 -0.1023957201076656 0.2521386279180568 0.10335480489432285 -0.17020354343236996 0.12984727660959844 0.06413177715968874 
0.08225146514020658 0.04764634250713837 -0.0954650798833898 0.08459322008303333 0.12229590963006577 -0.21864497683672585 -0.1440542002303072 0.12810338166638208 0.04786084971624325 0.028018761632903656 -0.09748830781901335 -0.06403366370276786 0.13681123791895672 -0.05876043115569418 -0.17039593463696773 0.2055114231809529 -0.11963553796055698 0.16532553783383672 0.14893882344820275 0.05430473975718492 0.06774680122785841 0.024714138371283754 0.04553068286335775 0.19648808670077444 
-0.0842062459850703 0.21554566605448616 0.02590357972292524 -0.15018308284913204 -0.10586621114043639 0.04207225554895735 -0.12300023191983318 -0.14369446610202619 -0.09905876078616285 0.10761407320838229 0.09001566037215582 0.16054855472321525 -0.03179444115743159 0.04555618953040069 0.02982244220985491 0.030285697622940283 -0.18164220774210216 0.09245759538159656 0.1683457902949415 0.074504602360088 -0.10255683772823158 0.05673722278534128 -0.20373583723353209 -0.06618932804755219 
0.23541870319491612 -0.015468102314243812 0.13837366048730895 0.040160167130745945 0.12544519837228882 0.21450404412816496 -0.09783720407731375 -0.14705878416448936 0.04558815433351457 -0.10858737184051932 -0.14555505770572832 0.0939971741652614 -0.181745317110982 -0.09895154436500841 0.10736347865507635 -0.09277951964365616 -0.05880889972186377 -0.18763443909913233 0.19520400950468544 0.031423164783263034 -0.04344856072794129 0.20403937256569418 -0.05401291275659551 -0.01731005348881842 
0.01538835886096345 -0.09126413024158295 -0.07515072052454186 -0.0493226360991016 -0.09899915860902087 0.04824794728804611 0.13766245888792966 -0.16739219241416112 0.25795650312527346 0.10563172906780328 0.1845295684394026 0.0623128685536371 -0.13938652012061784 -0.05306785267986771 -0.02076963919220322 0.02448244407479431 -0.010475380076371959 0.06310526374308364 0.07004969594146386 0.1454946630325051 0.002732851133876027 -0.1359243436820106 0.16567923804044102 0.05550505114215776 
0.17659509807597473 -0.11976426438245333 -0.1257392980073617 -0.04179484255602889 -0.06918768241472512 0.1372692468772974 0.026786265399042917 0.11624200936484849 -0.030897216681273643 -0.15642161606111557 -0.15021016157364336 -0.05697112220018409 -0.11894821354521119 0.1410594422247196 0.038214628453165915 0.08311777897496732 -0.03106968927427661 -0.16091440383355554 -0.10268581128981515 -0.020529196842897092 -0.11707379656316007 -0.18599026820223702 0.10215352739251286 0.0794341884891446 
-0.06535726746443578 0.14832082629432755 -0.027391065985958835 0.1442253562395639 0.055004431436425735 0.03933225367457406 -0.11623007231020309 0.0011292958454059915 0.1671220467044703 -0.07526570960715583 0.15889449811428294 0.18681964096629605 -0.0655704340560348 0.07523665692842603 0.15588816015445425 -0.19202407791711137 0.1650820628289997 -0.12013738027359186 0.13622180977007492 0.05872623433507135 -0.06016258187775323 -0.13576767650836147 0.05686283577399478 0.16953524968466205 
0.1537519510294682 0.04129569932820713 0.17129882293381826 0.03446595312000051 -0.1173735356704488 0.030543880404564343 -0.07273027711328316 0.19842791084429276 -0.07103526802916367 0.2265884483859022 0.007170029177712059 -0.12593498281541432 -0.16634294371695946 -0.041670126772384346 -0.14687418392521184 0.07929630446053716 -0.02815163951659554 0.2054820577771617 0.16815238816607125 -0.13661668968337684 -0.028999877118736837 -0.025903604472541454 0.01017884760002736 0.13696851640645843 
-0.0038976035591116245 -0.06341883114150842 -0.09210324308708394 0.1802998467942714 -0.1872752884635104 0.12740057803203694 -0.12107481815632297 0.06074458981331182 -0.06636287630170662 0.21131762118903888 -0.14713143568490722 -0.13719825651177323 0.17249097145218756 0.024281402457096916 -0.07360470950802706 -0.19590713303465304 -0.12151629595848834 -0.1381378718192724 -0.11516130611337426 0.17488249581874332 0.1665370243752511 0.09071763198551056 -0.013062932961508822 0.1482187747806805 
-0.02546222148245702 -0.044166875098958926 -0.08676734305766869 0.2082957470024232 -0.04338439773481564 -0.022891521664283935 -0.09955441388372502 0.19003388067842825 -0.03060657869327005 -0.07816559082858882 0.058902581868997925 -0.15631972119657445 -0.17245246282349408 0.11741490686468138 0.09451244388398285 0.009433250072648343 -0.14477361008187004 0.031648521097722745 0.05320506317181819 -0.06645689927129084 -0.1691733198054744 0.1466444574152158 0.001216849264753761 0.10986233244536457 
-0.09528845210999048 0.0350306952613313 -0.027255375866337837 -0.04527621704079214 -0.1455639353100367 -0.09907046954376444 -0.1644392163755238 -0.07610020777737692 0.09355765984602019 0.044160147161553386 0.0664493171680211 -0.1928478058980028 0.06877493847708761 0.0012113417506538094 -0.1043272545025674 -0.12644494041352747 -0.12245328043099785 0.1340362882829172 0.1892251506995586 0.1616777708601092 -0.05875010953942372 0.10871378923115911 0.01774969980822666 0.1230171311299354 
-0.006203692398095486 -0.10764973868062545 0.11148968302512187 -0.15610512717666822 0.01413006289522994 0.035004502164592916 0.01976924031509285 0.05537761874279264 -0.19550968234668462 -0.04107037549265632 0.040206997620272605 0.21102758766497606 -0.05448176551215766 0.22648261354081078 -0.0368101313927011 -0.14182766549474268 0.12874811517764967 -0.06378863655024469 -0.10942602458271666 0.23309902914725272 0.2306527312821234 0.037899850239884465 -0.03852417320580037 0.016031297765033748 
0.08294058789073336 0.18291037480132136 0.1329767747097592 -0.12939748576435137 -0.09165605184435226 -0.20376978000237453 0.20391046513679079 -0.10217158888378756 0.04875404876618542 -0.1603331665215332 -0.12560432975306385 0.008733269114451839 -0.18356477653122555 -0.024287739673507225 0.004513110351980882 -0.06319959992410923 0.027663348662035788 0.014038636846781832 -0.04198378060900635 0.060577886633709874 0.08649794980849047 0.06873730308474382 0.019590762173399882 -0.07647526123215707 
0.05258359589055901 0.13822447433915713 0.03715375323606331 0.21219160776405424 -0.02256127376976779 0.0927359262095495 -0.1811301999993428 0.09398128101098749 0.013157513346160346 -0.1940789871610095 -0.09027409018901177 0.03858530705245116 0.10388281903760385 -0.19871828996103033 0.0187462677664212 0.1571560965407697 0.034336430693411364 0.19014723472298045 -0.16628009065164148 -0.046753782543601796 0.20880875455354156 0.10271839769005729 0.01970973322105136 0.12610970383442602 
0.2228871509679219 0.1722263491454853 0.19589909781214004 -0.14042288391238222 -0.16795355587511723 -0.16678525445510525 -0.19029495091958867 0.1609040744541781 -0.22870885473908575 0.0853172900607424 0.030606692744457705 0.04199097018727663 -0.05659488552783467 -0.020334617364504537 -0.0953079927141323 0.2308521981548581 0.07769947230680842 -0.18581003118160005 -0.014693567544355359 -0.0845345620420566 -0.15447142644695724 0.2118356257382458 0.07337553056329388 -0.06561308720719153 
0.11515830987312342 -0.06759931279282158 -0.07413738079887697 0.16741468234378898 0.18694953486317117 0.008984829006973529 0.1769416881897491 0.15141700385458337 0.006875382493112478 -0.048898524299640284 0.08126747123451787 -0.016945455705429505 0.04036918292863694 0.19236179206251558 0.10622763953336173 -0.06384431266439507 -0.16058546776567167 -0.12248388690020963 0.010244802995525128 -0.03175746673078526 0.11677798191487175 0.16944973546582845 -0.12526988523389587 0.14031012271055227 
0.1556183997330235 0.25291900112692356 -0.18102657333234534 -0.1731334313058752 -0.19388590925926275 -0.055851936637537514 -0.1738873979779733 -0.07961744852592932 -0.005828553080305713 0.14898889184635097 -0.00879139988191716 -0.14957900173361613 0.05226335261957838 0.09656212223353779 -0.15171874600921886 0.06218842798594821 0.10612076508078983 0.1295752743652739 0.1524166051405395 -0.04537618748325122 -0.03719193877164671 -0.15556838112571938 -0.06710582139778978 0.15797341348924723 
-0.06420272343558343 0.13358291967125352 0.15243470659309052 0.17977050767996605 -0.1338738451009706 0.1994716920189225 0.0334121355583948 -0.11232152916793128 -0.08099771954057688 -0.13405733078340956 -0.02624799604081003 -0.1367953725225099 -0.13023885373073982 -0.1176249836220954 0.07371160351050182 0.08115765932886536 0.22588940507364408 -0.08913025584711681 0.04981205467828576 -0.18240116716924779 0.006175222628744051 0.16582174713267964 0.16586998563317776 -0.19224973174163404 
-0.09569985876078241 -0.13499071672670174 -0.1771527101716893 -0.19212952206832654 -0.003735944954635348 -0.17797546638312375 -0.08569939155082017 0.05383355445217154 -0.10800898991688183 -0.08909963708030136 0.03470640706549115 -0.036027352417825766 0.0713319425351739 -0.005626829932902597 0.05120851820023023 -0.05640862794357409 -0.0822857401349852 -0.15587824147122936 0.17099979717904434 0.1139861122230491 0.2115827964290444 -0.12229602595537932 0.17513119690619333 0.21087379560053315 
-0.08365594478083359 -0.056652423386981274 0.01965851967217018 -0.12233213332047876 -0.022140939929539756 -0.14931976930048665 0.24069203892654162 -0.002352375423721846 0.24853621611153018 0.021249390699554553 -0.005978950725857978 0.1648512443142272 -0.13494157203993726 0.015126067358444427 0.06235128916171429 -0.025315235602213777 -0.23952430748224118 -0.002772417238850359 -0.013310440816925914 0.17946130970532778 -0.09419944290239493 -0.0416667676761645 -0.07170923304645914 0.07192195278817251 
0.21169541984850637 -0.13920344561785208 0.12499736622824964 -0.1042957084942616 -0.17297653698781043 -0.16846674621460228 0.19766750869626512 0.17806624330889834 -0.09216515819031003 0.19189459029039344 0.1593427614000784 -0.034670019117710955 -0.012194723981623384 0.04549922807373354 -0.13312737769957833 -0.19027958464849046 -0.08733601024425339 -0.19001414546888262 0.06726298035505654 0.01967281590297051 -0.08435624672624228 0.1087402726495828 -0.15167523379956924 -0.09882902737079126 
-0.08022333277526517 -0.10893061860318057 -0.16100815617825906 0.13590723805679544 -0.16090843386924847 0.04668860425921282 -0.1480747783521718 -0.1919181760847741 0.04573885016433149 0.1604506888611823 0.18102564613288943 -0.09160537373532145 -0.18531571200811936 0.11600936020215645 0.11888209286964295 0.14263736984534248 0.03257085275368922 0.10486301482199568 0.1552016769978124 -0.017640610845012297 0.017645186326421796 0.0023355251391390316 0.10620169549446556 0.057288831019837956 
0.06989728901379609 0.07290134547129158 0.002201476734091654 0.12579282462043812 -0.08432154439468346 -0.1248116815234535 0.13699098256215597 0.08830260539183193 -0.1648141067782296 0.0918443756813527 0.13049745119518408 -0.11651844236828783 -0.16276565922077596 0.05347621576031822 -0.10685422742043178 0.18603610829909342 0.05483073967391112 0.13389755997681801 -0.1530853976593007 -0.16246680563023744 0.12416496982225586 -0.03459925890625929 -0.16128191035376263 -0.04955158369793659 
0.06634539381371395 -0.12063235848090759 0.1544967643835461 0.21078514682976734 0.17532731188438924 0.08899658822222567 -0.04401617105725254 0.12038715574356382 -0.08213679250655687 -0.07158604792055584 0.04063333837201094 0.030552358909177433 0.18052590888917108 -0.12118852840374368 0.10196105082363421 0.18327563786505996 -0.23697281837890502 -0.009120703598997224 0.06046495781476693 0.16577389901902329 -0.14988497105036208 0.14570613171719368 -0.05214930010421396 0.16491255722459472 
-0.18509406742286297 -0.18388553110886632 0.18875205987046995 0.04202725386298126 -0.03155327229024803 -0.13560686512752948 0.059820999366268876 -0.18138208038765966 -0.09019729195972263 -0.0680511926689553 0.04123076339342101 0.07318918717769157 0.1464672778485839 0.17553485105942196 0.06179452587858417 0.034058045470494326 -0.03812988848300783 0.20286732534716642 -0.13469506443216994 0.16891767445768444 -0.07439523613200572 0.02667623394960757 0.07441007633171909 -0.10213791780035827 
-0.12928067557515907 0.0003967390932500265 0.1441095309065452 0.08288738447708013 -0.14864278169716064 0.20915159775490744 -0.007726886091654699 0.19614170976738415 0.023645747232675807 -0.1622597822522444 -0.11554465061674617 0.15950638140314413 0.0829277010920907 0.16059919880655713 -0.06584259257072178 0.01068430313474833 0.06734738448194334 0.028085034726098218 -0.10410890929593114 -0.028014854908439624 -0.09755877632104122 0.13457373332152045 0.21388654664260665 -0.16954039803288656 
0.12937747113022832 -0.105530857046341 0.04819485745730624 -0.09362266944196368 0.05811920303052173 -0.0495193164231462 -0.11314986495030536 0.14764449618633885 0.16143621588553653 0.04359302643043044 -0.1108067660219253 0.22860577564527365 0.0767160940242181 0.134323863191099 -0.11189020951277331 0.12688954838177188 -0.0773793222063808 0.050592467559502335 0.08141814620235671 0.07271962740944352 -0.01493133295265702 0.14797729717516678 0.1437922668781932 0.033500663633187294 
-0.1600224277825472 -0.0821356114362883 -0.15410170147548088 -0.12730381899283869 -0.14567626973606637 0.06579512957515997 -0.1804061903797553 -0.10013565244122052 0.24612273959389325 0.14394818659876665 0.040450001177178445 0.13171794212586105 -0.1787884070193761 0.1195787001326188 -0.07280437868361196 0.05372804587577209 0.05699138050173919 0.1192018975341342 -0.015831351668609644 0.2693027126367993 -0.0937156067169692 0.11338934051973663 0.13012178762812132 0.19037067009969852 
-0.18311734592629453 0.08706907311671669 0.025082287616589843 -0.0028862213326161816 -0.09319525914804541 -0.06674479615951222 -0.09702783565219177 -0.10891386964191661 0.1163834498521488 0.0009120643488079368 -0.1629030781407701 0.10743653842066787 0.012844681110462499 0.09264791659871524 0.005868067057295184 -0.038376088798917886 0.1906924354159304 -0.1848812630431979 0.16927452440203702 0.16851172119024593 -0.041864601540582844 -0.11080791371170265 0.04578489530325841 -0.12522729999780857 
0.10089550925563855 -0.10759024927072675 -0.0808132312006914 0.19683798390503154 0.15736130458347627 0.030568833544964934 0.1391753429586659 -0.05674343824171909 0.21437103575585534 -0.025372938700211702 -0.07924603067758616 -0.18391424704053377 0.200427664118831 -0.013352826917997728 0.0907628811347912 0.07886300516029746 0.10503036292391596 -0.17572269789317155 0.16419448663365924 0.18510915359517718 0.041352124344219324 0.2154435739576468 -0.11272913765003198 0.03918437796663006 
-0.03972167876475685 0.10342250014600562 -0.0769702205535435 0.18500727911962822 -0.1682556283900431 -0.17941862560383845 -0.17640878601345378 -0.13613294664333758 -0.005775861594859262 0.15498878929813095 -0.15189802181705148 0.0200863264700842 0.057833459969823274 -0.1041245183558979 -0.11722876540071185 -0.10839106184306475 -0.17864028289463535 0.08236713640161025 0.05922041199218934 -0.021500214725058166 0.05260370635962606 -0.15222433867535914 0.23680675516635505 0.1353718158806273 
0.06124119246309772 -0.029386202470721746 -0.03196389559835363 -0.01492038723635616 0.170281627574443 0.12169924559926523 -0.021753162372077802 0.02084312484030305 0.19545569543008745 0.16991900268547555 0.053526982561049874 0.08294176542796755 -0.06261799138539494 0.13369067235899273 0.1310594472237574 0.019898055477547916 0.14003094525904336 0.10607656833965666 0.11984117180019159 -0.14398179191848706 -0.036361199372549814 0.22203112187427093 0.14839563501536615 -0.030366434108127165 
0.18733620653748445 -0.09651260741063929 -0.0641037186564187 0.1778484299711249 0.1199613444459313 0.1563341568327313 -0.1915607303982639 -0.04618071470245002 -0.10251091966954126 -0.07880679144810437 0.09210135937953576 0.08664503233170769 -0.014587048697450223 -0.05179666349092032 0.03244885872487933 0.012867136517735295 0.019331650914169517 0.044338677196985435 -0.04003638039742582 0.10536185414376846 -0.09634361401278932 0.059967273142070454 0.18032955923523694 -0.19478644363371264 
0.08636135039904393 -0.15261498421663025 0.01672734738221969 0.04876862273281567 -0.09958942118601674 0.16171936792850403 0.04698506564479215 -0.10401765205456354 0.10473707004112512 -0.1540042776255692 0.021114439376552066 -0.1582093512585872 0.031020213788636408 -0.09564539008611883 0.05752035278961551 0.08340980356626743 0.00922569041430335 0.060652092818686 0.12177171570341815 0.11948576974055354 0.045966365844309374 -0.018686472935052142 -0.03528640978558283 0.14614493762123593 
0.0681116081761197 -0.13323939662794454 0.02515068219600797 0.20069413701120095 -0.13603971030496168 0.13032203233300385 0.16453669758654282 -0.008924057082711748 -0.1811382220239112 -0.13730470871356704 0.20762990177202004 -0.22252644807013974 -0.04899543073885692 0.02788777792616244 -0.11772309067646561 0.18897893344789057 -0.19225834216941648 0.015153322693919783 0.04531956053877896 -0.10429516136998714 -0.03746582977654233 -0.003425865808289833 0.14221076094881382 0.051624124528858645 
-0.012385834494154391 0.039413994682354785 -0.01781410405276629 0.009808908039067267 0.06105926049052461 -0.12395175392162143 0.12915589112628414 0.04557660751784295 0.21117112334712257 -0.10768586124347092 -0.012876998832707306 0.1761192546156454 0.03890885882933804 0.10172765259438406 -0.03308035008839185 0.08104130244557793 0.17317303422424382 -0.11644392028212297 0.11942766148339845 0.22710830736117454 -0.1903651942528095 -0.11051418174381943 -0.14927806204744481 0.09730107966686112 
-0.1636907062733317 0.1955769494436053 -0.04236990438914828 0.1582726830895495 -0.12103163622420461 -0.022612901814176665 0.1342551578603545 0.03652889317045902 -0.01444969780569458 0.004821066573412041 0.028286895314499606 -0.022825304416180286 -0.11906235993436586 -0.1506357945246427 -0.13582625894196332 -0.1751705151248863 0.02243953685441345 0.13540923119797504 -0.054185297400652546 -0.16604868158028022 -0.028437021067924832 0.03913076126485446 -0.028560552121821958 0.12075438949127837 
0.17282830079249553 0.18454212602156347 0.07878119464322386 -0.011334283707150348 0.0704603837004332 -0.19082682923263744 0.23747215879841316 -0.12756128566617275 0.2039509965631978 0.11351933544544089 0.11489906543243532 -0.1256739196831683 -0.10776343347927521 -0.0641718317538658 0.12355875351710432 -0.018963708144852546 0.2306662291211591 -0.056686418499045536 0.04585414864294112 0.16632442623414828 0.04100926960188292 -0.1779690332145051 0.005802130443215615 -0.06365938609805476 
-0.0022534423417433155 -0.09031891825964505 -0.14733466766726572 0.06484337704751075 0.06993829125307685 0.12870942630723287 -0.14331057787992024 0.14625193895570146 0.1583532855788158 0.03380350831685321 -0.11457366852776052 -0.11888303895974575 -0.022090338211936594 -0.006876136367580801 -0.008605318580300015 -0.012420331794587288 0.11971950639753429 0.1438213223625095 0.12314039202209856 0.1961251885659348 0.008454227317651329 0.19316775134989 0.05837943443730669 0.024925660626337783 
-0.06968182014359672 0.15099269800884665 -0.17538067864067872 -0.14245020532381347 -0.14416093621966153 0.0011786984283455306 -0.1262722852740423 -0.06117019426938152 -0.13397509631413348 -0.10321459489251578 0.2768541120603182 -0.06653674198142964 -0.13588713017287535 -0.04960935478379383 0.26833478766757657 0.09079517903962478 -0.11795901116049086 -0.08352945110158573 0.10142936591377062 -0.10055818668127488 -0.09515341358237267 -0.16254530305099485 0.22996241969414835 -0.019915399955009162 
0.023634158575035483 0.11671522140143743 0.11513078012377427 -0.020065345813929214 -0.12279165753009899 0.12270675619050846 -0.18377691753508488 0.22527880552351917 0.07281292807323474 0.15436170079331996 0.041665143752574574 -0.13790717167207853 -0.05826897729703272 -0.05801569994862308 0.23200467020188995 -0.1226460641066 -0.023703880083865654 -0.06014273072159066 0.10457684550440649 0.1619156669303951 -0.05898555490882561 -0.11488938409797445 -0.16933312254559832 -0.11705137331002227 
-0.08802272157256054 0.003490084694448027 0.208114369094143 -0.14496052211888213 0.17078091955045896 0.040812030679941894 0.13461350038634265 0.2414739208549404 -0.01096189977442083 0.012054325824633757 0.06449822897594483 -0.020699373458919666 -0.07756439760579878 -0.15405304132710418 -0.0831125540252526 0.09266935801482021 0.019910139110058428 0.10130380179574752 0.006527195003783753 -0.10385805242092536 0.03170578459978045 -0.07565192844109707 -0.20598334527349546 0.15151592469654446 
-0.030498786448672318 -0.036080978764821185 0.12173045726637803 0.1963000349311671 -0.16716517313214554 -0.1121920539207759 -0.06848854334234077 -0.113273901280107 -0.0020261922450819777 0.12619001598554566 0.13789017340712106 0.04497396821430558 -0.12272490256505422 -0.15281894027286716 0.09421967057231305 -0.10184495310705995 0.018205967423284154 0.0967367691435446 -0.10537462147660359 -0.12660146323633872 -0.18027635981767895 -0.13727838014032287 0.1539607715438153 -0.15435133814323793 
-0.10718856205932262 -0.18307193220761203 0.06798718897471563 -0.10401432475693534 -0.033110592569810963 -0.14056117533104087 -0.04716718434569622 -0.004761861814469654 0.0295961850304041 -0.029546716256008777 -0.15510012918816968 0.08020762140373837 -0.14139347376954348 -0.07412412166579116 -0.08819710611915468 -0.07682338508525449 0.033247079649273883 0.006781523778914241 -0.12043480885502882 0.013170779465932422 -0.06179507206937627 0.05425201437752395 -0.10622312750181617 0.10607727241471014 
0.010006942150555026 -0.06683644439546729 -0.09536813149637892 -0.12198943432109415 -0.010752954249502348 0.2247424708062926 -0.1535565251384988 -0.08368808999110339 0.06986498835455494 0.1359503722769842 -0.08553079233768043 -0.01907243074991867 -0.06726789840316424 0.08066817271613466 0.08478528770412534 0.13921146228921794 0.14871273533264087 -0.05897618139607526 0.16646060796540624 0.10890018823862689 -0.0743330468899192 -0.0752767796778047 0.10571059491106416 -0.14581641046805396 
0.051306091124817786 -0.0802224281876618 0.12727522255837057 -0.052088014159161505 0.09028462110325546 -0.13331565829301983 -0.00707451371375544 0.11605564602210444 -0.06371262659745146 -0.13172296241680473 0.05733203615927385 0.13068333492913792 -0.08496886452149684 -0.002554583609882107 0.15124431317232462 0.18369922883654946 0.1147925836603995 0.03484298946042893 0.12338897106419858 0.17711562649986762 -0.19520700058471255 -0.03942607375908064 0.0082466630752217 0.09050317652179561 
-0.16119404116452232 -0.005354484802990674 -0.0851927496156496 -0.029289429466744555 -0.0007697533416205942 0.03056471977418354 0.036743621902014995 0.040465515332586924 0.07564986218470367 -0.0274334181838161 -0.1942155777881759 -0.17373270766143084 -0.07682232084564403 -0.13751285058371696 0.03783922112858751 0.0008021769640680928 -0.01910709841729573 -0.06907682675774127 0.05899406349979647 -0.12035714688565508 -0.19385234697012665 0.0654493224307221 0.014198485958760101 0.06419837605892517 
-0.0893100996762292 -0.2824246965630512 -0.046821961971736374 0.11893705039201836 -0.1550755028242346 -0.09277174946088575 -0.055480753343272494 0.028273462337576744 0.09292184694806552 -0.08886378303987646 0.09054659055602288 -0.007906825727671884 0.025533844282606757 -0.13678480888209774 0.040175795859738156 -0.10786202401119786 -0.2027653154561203 -0.0035460386431729616 -0.12277179093402657 0.07438800984141077 0.04108771843623512 0.14399248588407684 -0.06940606324793282 0.22912099433552297 
-0.023087142688653774 -0.053329505191369475 0.09659734827380363 0.04730606196250268 -0.05288659043167445 -0.0007559538472298219 -0.11244421385899346 -0.10537140621950605 -0.27185900388276524 -0.02839581912511012 -0.06754262955848467 0.017486976259936355 -0.1844686098066387 0.01845353103590161 -0.07995568117345936 0.061936287513745886 0.07748897857872768 -0.02756713633985937 0.06284501371530996 -0.06681203094644887 0.22038815495969327 -0.1131746199485069 0.19587003019777624 -0.13328084615849517 
-0.0006178942385707152 0.07626525686536663 0.08370785916397398 0.08451714773758279 -0.03623022052423748 0.1932307923009868 0.10907854089629573 -0.05430048646946041 -0.10254422633348496 -0.1697543013240965 -0.08942512660333356 0.09222459152479007 0.08022986507604969 -0.08424999175689116 0.08213227793059448 0.12212241060071569 0.1296789512468612 -0.18426386960910657 -0.13760444367548444 -0.11025974228590153 -0.12851524206070516 0.11587808447621573 0.09239353325827492 0.04057330532983907 
0.01648842523451483 0.06945539574325678 -0.07636470597660262 -0.051231305590080975 0.02869265173634252 0.13789252044825187 -0.11588680504630026 -0.09492954276967193 0.08956222073439243 -0.06125834715332566 -0.17712335823728972 -0.13390076185598382 -0.11894145830759169 0.016831063852660023 0.04569707016921267 0.1873479046520106 0.20103510135610655 -0.07441925599308465 0.09814514563831225 -0.09583483242920252 -0.050515838180530855 -0.08006182895249614 -0.05180165408735923 -0.11070898065843694 
0.0022041553519350264 -0.22258253557262855 0.24805989961281819 -0.007279001607121252 0.13110615856747537 0.18350476084365727 -0.12967321220230657 0.018675898743324138 -0.017689395125512777 -0.059735225105586987 -0.03312721961987172 0.17439953444449138 -0.10996731170903408 -0.13121626001817532 -0.13839778056571364 0.2136642635433391 0.2165978359514212 -0.017626535851383917 -0.14314127017119663 0.04612861140234728 0.09163509749950147 0.16614966963763148 0.0757293680433938 0.22408995334364365 
0.13127369821422938 0.05753646151901481 0.08361156084993646 0.09230184046001702 0.1086652052974635 0.25173932968782 0.1154986362727577 -0.1526309854908802 -0.26710728474467194 0.24664172483574914 0.010498167192298897 0.1109292314264199 0.039420235394747365 -0.15977979981896798 0.1305410524005899 -0.11891221530507516 0.18066551873714287 0.061810652958239 0.046434222892726695 -0.039886823809528786 -0.0008498693965761428 0.020510707517455432 0.08482043978711622 0.09455692326702929 
0.042330619084743226 0.06428079971006283 0.18503427034226047 0.09387875253744564 -0.055822774064731524 0.021754785843688226 0.016278572822181387 0.012346047364630242 -0.09639388742098914 -0.23277341708658528 -0.049552229032662265 -0.08469743713089647 0.24398356747745278 -0.0900770031486811 0.04855268326463271 0.01621610517452 -0.11278811085139746 -0.23150774664051096 0.09478659813251039 -0.08913097803907398 -0.09829871078107003 -0.1330289494728956 0.12719972548643815 -0.187846771939835 
0.019067105472886963 -0.1900228961690485 0.18940535795185767 0.05503626488497465 -0.052715576793492654 -0.13760422497075328 0.06942137990448906 0.1922256833737057 -0.06878426213850916 0.1033037660486283 -0.08210795360895938 0.19121368757342846 0.10235501702948659 0.042913016418087306 0.17177239400513925 -0.1146391230633141 0.17190589441655243 0.06866027862614989 0.10522163973028742 0.045360760654773846 0.13514417928960437 0.07577040982657027 -0.13765949186538595 0.045777148213621076 
-0.15282120395328372 -0.04813493699363694 -0.2688208507407992 -0.167629724979179 -0.32455221531061085 0.32882821111032035 0.0455856848718776 0.006894315573891743 -0.32075040315801256 -0.03717383059503489 -0.03097089521249715 0.3717068465388837 -0.14987417037584722 0.03818810724008542 0.10921757821764198 -0.21038298370708639 0.023206364003623678 0.17576917045417065 
-0.26372227108588003 0.06968865981999414 -0.39780554876502155 -0.36819513221407046 -0.2977635162440654 -0.012098858989774973 0.34284466845874995 -0.038728088792520966 -0.31130876057363893 0.265327607006794 0.0125540482307778 -0.14196115815165283 0.3593269114949164 0.3418246512116938 -0.15979031747393338 -0.19980190512804435 0.07345374449985681 0.2653994582299046 
-0.12172558172427178 0.0566802485666195 -0.2409773158207604 -0.20446098195077836 0.17432800204813875 -0.23504861611027048 -0.17236344030118264 0.13814977089584934 -0.3287340409983515 -0.3436709423494268 -0.1411285876398616 -0.12939112648319515 -0.13194808523403792 0.21979360741807813 -0.31415911596349905 -0.0934152405228596 0.09118959570938767 -0.2869986648220703 
0.3115590159392543 0.09606613478898227 -0.2991720308069129 -0.2168331510055076 0.1635423273466929 -0.06341757392419142 -0.07080265989162886 0.275703876569791 -0.243776254397306 0.30781770129590375 -0.3095262713054849 -0.3508404785725203 -0.2611441677685993 0.27179687621791154 -0.028795753159819325 0.10121751564152576 -0.22850962173533265 -0.1963473838550173 
-0.00989603249479188 0.16000282660276968 -0.04255682381325519 0.24864885020991173 0.10602262387571572 -0.1672252416613083 -0.21046785636642443 -0.06850179326053427 0.16407374461082336 0.3400319798043195 0.2657935243278043 -0.15987993378221702 -0.011922950800605321 0.04515772862503917 0.030572442169630235 -0.07280781512418663 -0.26868418182619835 0.11583497474471628 
-0.3821488401266339 0.24620668027878043 0.2810151526032003 0.15647419170833096 -0.008825028499878347 0.13211414081104453 -0.12159041400994669 0.2819359228670972 0.18739585648987372 -0.20169739102721548 -0.13592929178923954 -0.06545449742484186 0.0020672701524274127 -0.009304902644507543 -0.3101826599018147 0.10572571258333953 -0.21448528980783738 -0.12688912796024518 
-0.027279475518611776 -0.09989132553584315 -0.13520261175667958 -0.21426552210586025 -0.2917833542202454 0.033476967774994426 0.10269442672354728 -0.25766818070053427 -0.20319253692534506 -0.1684930963634322 0.22585763016103869 -0.27009780316534215 0.05742702962002263 0.06157594560449108 -0.10345048047542701 -0.09862422672310413 0.34798474340216695 0.04765392919289841 
0.16655186312061163 -0.006016250132859936 0.0829101723746457 0.06247324563231375 -0.23844389163520047 -0.10931912479671879 -0.01787785752972455 -0.3306825259803536 -0.09028579723491688 -0.24741401707783292 0.24549942636697492 -0.1541817362606961 -0.25391676184034745 -0.025521720315715805 0.12126110174726187 -0.29352658768502315 -0.22678287429470653 0.18938790971530053 
0.19547134744020625 0.0774882511823233 0.22571774263203914 -0.24935300619586542 0.1350889682489533 0.28163700235215144 -0.2368971819018258 -0.15918699082794083 0.018308346114006238 -0.12369784339775787 0.1347782761485344 -0.3322449606580457 -0.2223571589841763 0.17795186571353935 0.318760473843574 0.29017149824849825 0.3012967326629687 -0.2781265683020593 
-0.31998199784449016 -0.28891041617836505 0.029330856762091143 0.2872545836735357 0.020714769510125762 0.1882414754938044 -0.27383848520246606 0.2949722464255856 -0.2035379385720473 -0.2841590516632168 -0.05143986037189514 0.09123862518268483 0.41229317053238607 -0.3602125566795977 -0.15035130825737245 -0.26613105027157036 -0.07601996217974145 -0.21354022637628076 
0.07681261562501351 -0.10020647806495812 0.2840509561733431 0.19387222561933623 0.24271002196629127 -0.2492600925001837 0.08876670304007266 -0.17318275960080168 0.24921758422829998 -0.4075663582615625 -0.26568985811459567 -0.1485766102022666 -0.1052603325848863 -0.10966279606377244 -0.2723966682255881 -0.25670380747775945 -0.13388851160218807 0.3961997371518296 
-0.23320353765874513 0.16475477699018412 -0.18854474686182904 -0.3477380970165645 -0.3280617031457189 -0.23325184667303617 -0.069881332878846 0.2198861506688723 0.14535442433941148 -0.08816502007039352 -0.012954261311740645 0.2625921201777568 0.3089064736189898 -0.15238072052664786 -0.336295768342247 -0.3065306731003606 0.16950842328376592 -0.2011866789662518 
0.017513364162544818 -0.2062181691451584 0.1892494257574781 0.0021067229929588455 0.01768662474605341 -0.14075374772001667 0.025720466650748498 -0.3158870554300298 -0.14806085426876783 -0.15434622914909774 -0.14354977875150363 -0.3359319362761532 -0.016453834136195628 0.25918977554122585 0.29924307942047995 -0.001759346452016954 0.060297081731761626 -0.11786285119892168 
-0.26384578564354116 -0.24762276388155105 0.11519800750280638 0.17624169434740694 -0.21492217847778372 -0.05668700193658325 0.07912275353899131 -0.2876895047334225 0.1963990359345393 0.115053266650373 0.08096344933076398 0.20190637071056436 0.4208775047985939 0.04362023828071235 0.2450599115922354 -0.053279745033495446 0.10956231142365724 0.2780978188637187 
0.17525805587648113 -0.13060948116192428 0.07461178635236765 -0.09815438365032386 -0.11760256324456683 0.07246182568680881 -0.20563235168211028 -0.00303900890001252 0.3013553062888204 -0.13893690550413682 -0.20832319753541198 -0.08047636280865897 0.20913981707455548 0.31103750568624056 0.21983771047393674 -0.3312578321629335 -0.15759378586903147 0.42858645917396865 
-0.2940732952178599 -0.0064395089717202226 0.1675432008205707 -0.25429537465206065 0.10736388820792613 -0.007746935496904244 -0.28066640108193486 0.2985283959118279 -0.24560299075127762 0.1429645505132714 0.16974520836748683 0.09353894510277024 0.11392289747218726 -0.3032523589527374 -0.12726302083253924 0.05703306535080219 -0.06869226927938091 0.07804446309807356 
0.2306085515670615 -0.20745912223906687 0.28794867600592966 -0.08701375696449457 0.2996089348218421 0.07724041793271247 0.1654116797977171 0.02572295892104038 0.0052089523224808625 -0.06051441539757731 -0.24935419679762055 -0.020642890539315163 -0.14865742205247875 -0.4214267841183607 -0.14969413573108453 -0.21408009237163964 0.2977750396492358 -0.39182092637099486 
-0.24300099282217238 0.1354155346168486 0.30139575047032807 -0.16561308498743024 -0.32439765789068814 0.3117098189635568 0.051828637609865384 -0.07867316247202764 -0.03355686811762829 0.13444842509416288 -0.08307437854740508 0.33834009036979196 0.23537289720530688 0.2819207382719751 -0.09832378205889372 0.2954704983213751 -0.01359889500389804 0.03817570788479888 
0.15243535243834586 0.2071573318511001 -0.0681635218407282 -0.03400099984465492 0.2126058027753548 0.14457151395901124 0.2936854281663572 0.32502509610492336 -0.21522213575440277 -0.17612713486907397 0.14350732701457483 0.17470031943834763 0.06486420992790393 0.24910988892216845 -0.16525101576430995 -0.10609021928351678 -0.003476232741689989 -0.13177012728138715 
0.07063515179550091 0.12086619488582162 -0.1993900476892955 -0.010989241304429357 0.33437146620495906 -0.11639428017507536 -0.49174009628518744 0.1682264204802761 0.0021467851499204237 -0.36142845437769316 0.27691490983502715 -0.09316291421086939 0.2759374394069611 -0.05537310549763425 -0.28573804053570634 -0.1698054849078756 -0.10659693245292573 0.21447525963409797 
-0.26681794688967836 -0.045177407100210516 0.26295956074160215 0.024591869557528206 -0.26748313239438376 -0.3221497857136742 0.10107975924432794 0.35700047546615543 0.18585028234093784 0.21345255360132676 0.11613095383930822 0.26263784171356047 -0.2902060850122514 -0.17861558864430788 0.12958170570303298 0.24683559682235598 0.1480482124946119 -0.27866700232957875 
0.3523326810263453 0.27200972036668986 -0.3280829105920641 -0.23015528497536553 -0.1494864342371838 0.1587237522135306 0.25137682503587633 0.12896193662006858 -0.21244441579429005 -0.0761724581765316 -0.2631037325599192 0.3137020328283815 0.19020755108217677 0.042984270969176654 -0.030303629829894752 -0.2711636968928685 -0.1200889590062345 -0.29012086262901293 
0.2506469596457203 0.02929211659377236 -0.24676760680654072 -0.20811966476507004 -0.15953253405000425 -0.12669897614168532 -0.08737611137522788 -0.22742546921890258 0.11685174036612736 -0.35693334299274854 -0.11373675428206499 0.18531353269410392 0.3439042553882067 0.24815527528750372 -0.1728545979951097 -0.178249280759396 -0.23015206834958488 0.29592505167543226 
-0.18012933569493292 0.17217771821941827 -0.18521493558194457 -0.3307643407637185 0.15535114007163559 0.15043265464409383 -0.42752899018856594 -0.20875149782860009 0.3022548338275895 -0.23525718309040763 -0.27890825683821435 0.10998278548905444 0.2919684401790561 -0.2759800353583432 0.008458337262392878 0.12189142416239565 -0.2200900145749778 -0.39654272277883656 
0.3032616228843456 0.06466456105561427 -0.3076569117213369 -0.317192938358931 0.0966810924475608 -0.24855984858107702 -0.21946176032735507 -0.3064454110554152 -0.22038829176593416 -0.0021047838456826344 0.0074693309636489 0.008762044515844801 0.4674917609187593 
-0.29127702287253515 0.19950548662076645 0.22955417565882444 0.06488293824776863 -0.028300239601470743 0.30992237029877695 0.25720454939648235 -0.3556881173852783 0.3665180509189029 -0.39077509150178136 0.0558160052906102 0.055275598917810316 0.2621967013638726 
-0.08201539155431982 -0.33636645249669744 0.03103030468675482 -0.40886461062268564 -0.12554527896864104 0.43491074292116066 0.35869529711819875 -0.29640468560046185 0.2813009463267298 0.19561163526545297 0.3381744147832221 -0.21503204568787104 -0.01196635137842324 
0.26792183334500846 0.1291595815166031 0.07188589295503227 0.1329741744606445 -0.21041377581554838 -0.41144028938960764 0.18365123405729847 -0.15366137172409525 -0.12135782650753613 0.0976898208226069 0.12117496508028965 -0.23223519385539465 0.2820100223818525 
-0.09196448136429519 0.10128196706961148 0.36931655791367274 0.04939157857544488 -0.1085830094355497 0.09132346350575908 0.0013547708807919957 -0.03622262956855951 0.18048286703466113 0.3351666827905568 -0.01570580289962741 -0.32481019854802085 0.0531366735841433 
-0.1986119315113663 -0.36442714623837696 0.22505429374775232 -0.1764808144446029 0.21619529002483484 -0.008922108720478363 -0.14075221115977887 -0.14383477154173785 -0.3624304077126817 0.026115950738183798 0.2534797139700553 -0.32833245974823694 -0.3083126957829054 
0.038851153138127884 0.11703069305029827 0.1333112268012323 -0.19464043134252518 -0.3780616798353767 -0.10564525597205399 -0.2546695916539972 -0.46280936719791715 0.18693137432907317 0.4367396796239436 -0.08345161577231827 -0.15467204740542287 0.0777225717031253 
0.27062364411373385 0.23052458664861716 0.11902946994394707 -0.04255155382543061 0.15396481520595656 -0.23255968601183963 -0.18689334955988574 0.2604713491999162 0.3769052875478274 -0.3599430206130561 -0.15802068649430437 -0.39169965301831083 -0.07849587797592796 
-0.22197635549523984 0.10379777904650406 0.1612702148966044 -0.3018554952478416 -0.3474948156020003 0.34763743313020223 -0.08799664171638595 0.035906607510278334 0.3726248770621758 0.19558488205374383 -0.13476379949380726 -0.32674458169424364 0.013163872667488013 
-0.23542141159603458 -0.42311247186484086 0.19455381012202003 -0.06600534776794678 0.027150030580857774 0.2601005599878555 0.4312896250178902 0.13514186753679838 -0.14301105952050622 -0.34937434538619266 -0.3364445996522354 -0.1393695401196788 0.10638084614243802 
0.15107748314229896 -0.2371721679197839 -0.32922603441748793 -0.12856372199703225 0.010996447071702232 0.23726682838359492 0.04139553161210126 -0.14368539960479298 0.09538157275872194 -0.21148610632918413 0.11766819760121022 0.26825584149274956 0.08340391068995587 
0.08329747134204041 -0.18199803159255099 0.2819119692971992 0.47875228358571126 0.19580966141951262 0.11333770145979347 -0.2626605744800707 -0.1104075219115769 -0.12578878727078321 -0.20384790507062683 -0.041144634497266144 0.08483802417138216 -0.30119528604649615 
-0.22907169902090557 -0.3470731307201048 -0.19627121079887813 0.025683377176689528 -0.037123235271007436 0.46374038646948534 0.4599902160282428 -0.027330861334614546 0.426074569929201 -0.25369785753007235 0.03124819300930611 -0.03541190240717462 0.3836864494560961 
0.24216184746559558 -0.2517446664860947 -0.04606729513400119 -0.3223925957831105 0.055278541198524364 0.22732584891678584 -0.4133613617799018 -0.3124786691642216 0.4709354907367823 0.43775356869224014 0.043096611758620125 0.112496626276583 -0.16958486697249597 
0.35763048657863 0.13107852307999163 0.1287463580273626 -0.387695470901096 0.277188468978317 0.21719957069429172 0.14300642521341236 0.1872495317778449 -0.26948919674312966 0.1697713732327359 -0.31783628143109094 0.160404223570259 -0.39462909545878305 
0.2155038322797961 -0.00638533090789298 -0.2310422135070182 0.17808067670257044 -0.14255064334901338 0.3021346684935299 -0.25043529827427957 0.3465949316262471 0.37286012787849226 -0.15136394451392576 0.2848753245004828 0.2684824967433037 -0.05755412644122251 
-0.11646995904671624 -0.17004777528440015 0.3912470715343263 -0.23784850709020416 0.3783324404865947 -0.08570116065603661 0.34366322478376965 0.24675090498819136 -0.2921138342496753 0.08851787406414015 0.13401098858516983 -0.07207440307424623 -0.4091663648669557 
-0.19640747539233638 0.2670563821854702 -0.3454753745008323 -0.3384993768857798 0.16783621110807184 0.020866453937789735 0.02149392296275127 -0.10953368338856449 0.11967551847516092 0.32575902230323817 -0.17318332362449648 0.27056486550147335 -0.08184992282734138 
0.23255941825475032 
0.008459641207128731 
0.44499034425223793 
0.6713611567327911 
-0.01932039492117241 
0.3780470383342845 
0.0784563349234115 
0.3043360365948897 
-0.36876299996617307 
-0.5544738282109656 
0.5723975333005648 
0.37120763768180715 
-0.2655521296406396 
