98 24 18 13 1
-0.04534185799508909 0.08590527169334744 -0.1989531914581772 -0.1288393305394146 -0.16855372357984108 -0.1861297034496604 -0.1228656859184633 -0.0327419345096426 -0.0643874391992865 0.04688277972631444 -0.04058534333395664 0.10112373713253997 -0.15482293685003043 0.19078762666734997 -0.22037198234354244 0.09641322024023802 -0.07939715413885971 0.007254379409293797 -0.1428239903208895 -0.1787125049103162 0.16789905988027287 0.26219908487473353 -0.06671566368170291 0.1864679883476887 
0.22146667521456415 0.12433188993388723 -0.18568418337655704 -0.2705640016675193 -0.14235630069493463 0.21933196237175598 -0.24920756658438875 -0.09775446080329521 0.14604670815668608 0.04490037746740868 0.08658256484067728 -0.02823902044128113 0.04496413109651399 0.20184090313309447 -0.2491299471493426 0.15819436516583885 0.24092651056422548 0.10580195196510463 -0.09736788071355996 0.12626073058285042 -0.12151031550739035 0.018173153122436125 0.15163154582241295 -0.01247704453142578 
-0.10729135951670844 -0.1851780972778463 -0.23312019867560987 0.0839678758679965 -0.13137229306374568 -0.0878967852707274 -0.08669869369224334 -0.22183206085119114 0.0466354426451106 -0.13683563233637575 0.08364848608787298 0.09742041185673174 -0.2143835067077651 -0.03651309045281208 0.04109972338230862 -0.008143471694479126 -0.23734272201639817 0.0502516999651904 0.05571482857920625 -0.024013655158010135 0.19990684249120141 -0.00544006976771602 0.20444647632154872 -0.11577851249065209 
-0.09184682678082548 0.04603403206214524 -0.04301748203817926 -0.23642338596356927 0.12486956371837701 0.056324963697556414 0.04179371291111158 0.0794130345977674 0.07449094726212148 0.0736713513747855 0.06355372713381217 0.028286891109374632 -0.20043624033832597 0.287945895519532 -0.07180553366060143 0.301248535302661 0.09497803601911044 0.09231871664278068 -0.16482248994342494 0.15754447447644157 0.10074632763207339 0.1206137279224082 -0.08207634677305639 -0.02511120290881263 
0.18388720311938736 0.004555678683511986 -0.251418149842953 0.059828484706248866 -0.11448628824730307 0.02592961428979751 0.17155669979592386 -0.04492237901813399 0.19070080479800933 0.07152849842362298 -0.20995110655889898 0.18834408327212765 0.10170494710653329 0.20188789275690264 -0.1232633940840971 -0.13971570947876005 0.21119250208654364 0.08972128599518987 -0.18492932053365554 0.13866286800516006 0.12903422080418844 0.24183903643515228 0.08549265827759273 -0.09463342783419064 
-0.08734538318620634 -0.3094180804714203 -0.19000251004403856 -0.19570873546650885 0.10205025832597386 0.15533899380513908 -0.08088594224037877 0.12752359563044502 -0.3008610532179267 -0.1082705386790938 -0.07742682641966511 0.3482161787196578 -0.09697087844687839 -0.07771901470307217 0.09086635855673122 0.021838715530100493 0.18735311814936992 0.040549471109979945 0.13923963683596893 0.07792448518349335 0.1663187836770696 -0.05520096095744894 -0.2730677565721802 -0.08654203786434343 
-0.13455564720660199 -0.26848658467442765 -0.10245879737204028 0.04178245397328752 0.023409148952583857 -0.10376849554396932 -0.2333406391922243 0.2554226282110095 -0.006020639102274989 -0.18594440497456025 -0.1754196969734972 0.1598682439138671 -0.13335343299687064 0.06432433947086509 0.17155658563398354 0.2019364706321393 -0.08819112537066956 0.043059594812502995 0.04708044499728514 0.14374159185124022 -0.0825373090337705 -0.11674874156508372 -0.28362133830066844 0.04952554841633125 
0.11653262068815073 -0.05643372321125975 -0.07192355446936806 0.1615971317048691 -0.0011280579488992866 -0.008027875063079384 -0.06724431087376329 0.061023460630140434 -0.010090414343674118 -0.11633288665333405 -0.17278086977142976 0.0047826877844773475 -0.03266703603143197 -0.13082995140934253 0.09988827563745205 -0.14762040075674862 -0.06297624989710121 0.09897750213200372 -0.12146389059397715 0.03186069178969042 0.10795298265599906 0.3181182106942558 -0.11875839602760897 -0.15135005614064648 
0.09281676489975105 0.022051067933633667 0.2394592177865958 0.20182995734711032 -0.19406272730329321 -0.05632320432810033 -0.0012541826783048161 0.15208003783636512 0.18463861226612052 0.022154995586584295 0.11311982940094749 0.11142823610081465 -0.03901372696438802 0.02618911763767822 0.04090424246874693 0.07427528374479804 0.20502725985123538 0.169322876803658 -0.04122529291178655 0.21564527350833418 -0.11141423395937002 -0.1640972749039889 -0.15762729123366506 0.01772032837130649 
-0.19098149870535858 0.2142136034639779 0.12972816943884186 -0.19362835520065166 -0.12839543255662955 -0.06608321815247324 -0.14661390590522239 0.1175704500223218 -0.04610124493097839 0.17642901563390423 0.022051249874578745 0.14561389526026217 0.12909312672582374 0.1531112656300264 -0.01567391585284697 -0.002817816555041228 0.11216379977511673 -0.08452192776585142 -0.0038006813903565854 0.06915993742858782 -0.19341907789256704 0.023682723466759575 -0.006378717668358928 0.11327252425771307 
-0.11683149603789258 0.1857760292802247 0.03048486208490462 -0.12611775849669574 0.06045315609550544 0.005294787563292014 -0.282528076957877 -0.012841194785971536 0.11722138113040147 0.19769980035627907 -0.20044579019540856 0.17787389078947266 -0.09034945509296903 0.16743902886838424 0.02109656689384182 0.10409931630522898 -0.012911114269927434 0.11585013722353843 -0.09377519494636859 0.05551638463199272 0.12112138315658551 0.18353638653953133 0.16655934185440494 0.16402656906634713 
0.10385420506514734 -0.044501692338675014 0.057160884005378616 -0.031152261954808795 -0.060216043040087694 -0.08560204294864633 0.011933783110656775 -0.02058179577570625 0.0966175467666538 -0.06962129690470437 0.25710724212147507 0.03982410218430284 -0.13868250630577025 -0.0641123601022828 -0.08681219939007384 0.0992343752533574 0.05721645512097457 0.1546057942736515 0.06401279491429718 -0.08086380940357185 -0.1430138379765907 0.12018204203826573 0.07544570030183392 0.18169549206184843 
0.11402656113907811 0.07646401900486154 -0.026421850083461502 0.08223488195275269 0.03579066373611502 -0.09720082592555948 -0.10021511443674323 -0.24227212851042587 -0.11506408195812916 -0.12829643895177067 0.23746719753777387 -0.10419799571512296 0.15926743239959118 0.19441767369307697 0.06564782138406879 0.05888469537242485 -0.12176422267864419 0.04749848383942564 -0.060882589911425956 -0.16024700524125826 0.13788191156678253 -0.004457957058292508 0.19078347686323388 0.26723301394085197 
-0.06781866612629692 -0.24240867467594734 -0.12165337973586064 -0.029093990155849347 0.057592465040411045 -0.1756211865109445 -0.15319342413529796 0.19922099317423395 -0.07174859927912254 0.039694418084665076 -0.10532354468103798 -0.18388824151586658 0.05554065388725404 -0.01791477471203561 -0.14932201709496085 0.06673067597333056 -0.018741911203675778 0.08731366225603693 -0.1411463829637087 0.042707541313862056 -0.02489402387362161 0.09462194367200498 0.04779822275408898 -0.12549563411990222 
-0.06871901411988035 0.17225431080101497 0.19698114588918114 0.008802253331566779 0.12961220242446272 0.16242488113673506 0.11424841853447665 0.1710678818279384 -0.17517303999454104 0.059485776588589535 0.08381221525555287 0.04257962908730842 0.14497273079741557 -0.19484556095682176 0.09866181028020704 0.09622442102893015 -0.07872148022325234 -0.09595940078877452 0.05196194910986181 -0.1482780055958336 0.12527874651184678 -0.04182316801770794 0.11955386952191314 0.23106842495410657 
-0.14916171248283178 -0.10763428148179224 0.15630092670303017 -0.02638600659919766 0.16116581173566125 -0.018320137589049188 0.30711306255113413 -0.037779222702158256 0.004933639029688892 -0.08603986926203451 0.0014161795932841402 -0.2646193657780512 -0.2366487651999157 0.09384577916937391 -0.1873725634980807 -0.08581637610465381 0.08885099390284969 0.07367798880463503 0.07522630414460146 -0.13613451472145754 0.006740151750619158 0.11545013621607329 0.2708561218378972 -0.061479192999720086 
-0.12414541864394672 -0.11041897724950558 0.09885497845978886 -0.016811743231845706 -0.1765966612414877 -0.04385924808029317 -0.12385247753736496 0.16102692974559055 -0.08627636121227245 -0.18850838103825626 0.036616001043641336 0.12360513919584493 -0.018861801954549104 0.08267638153277254 0.004345044014317331 -0.014119344599267605 0.20544847129380706 0.09071879491364794 -0.18659069985268495 0.0939464574734995 -0.023147245641382805 0.221622435873017 -0.11022576376398961 -0.09196283080137194 
-0.22513209350135113 -0.08575416041309163 -0.14421994226268858 0.005576562977452229 0.0743458008279993 0.14845790548833535 0.12214602349953471 -0.14881294517130902 0.11879481428260974 -0.06019853621000873 0.12568133873400414 0.1087292308059692 -0.1592121504513066 -0.12458280031815977 -0.22433730464031504 -0.13441230565818935 -0.045064546906404414 -0.19772821222250314 -0.19894710051581352 0.0759549404394661 0.021811472629456534 0.15062654061846495 -0.037870100264927375 0.059839756480936236 
0.025132757990000813 -0.07649369861947969 0.10831818772336027 -0.08327153112996075 0.12758686527518698 -0.10034382327221561 0.0773913457831698 -0.16479068974998912 -0.01782433885021749 -0.1785802683905273 -0.05904808677625507 -0.14593505333486673 0.19405463907864778 0.26198100515577993 0.10084781498395778 0.25286894678634336 -0.15862815841096042 -0.08752903358351784 -0.12379611789430503 -0.0018840523316514678 0.24746170896448572 0.28710065672903884 0.02074532470794363 0.14827093833507005 
0.1484001436040205 -0.022740138462270243 -0.0988457417145573 -0.1057815404606756 -0.21468083326733714 0.1466315674753615 -0.18553129341295804 -0.16951303290009404 0.07032972845208828 -0.12245474127497538 0.2309832245921665 -0.06051152172234221 0.08385535693059648 -0.007580535735102646 0.14654512118170393 0.02760892426865071 -0.06394699419262191 0.04033333764540643 0.16815374099951771 -0.18714925342535899 0.12985414417574948 0.2105560877747387 -0.15386643036719136 0.03405899981420285 
-0.08659845757821004 0.12167270324411376 0.022886205391694444 0.042333515981877845 -0.08701896334580038 0.05679190848306144 -0.08664810227577388 -0.20366595871870072 -0.0040730677865957335 -0.025023222755091567 -0.01915566711143883 0.2292237719426997 -0.07354828760205961 -0.07907607717864215 -0.07582540234527603 0.23405420992224588 0.26250638902837675 0.1459277888243821 0.16137040609806252 -0.1650938408243264 -0.139835155885107 -0.05235560767559807 -0.09048543137352935 -0.13127576231679347 
0.14700311275941816 -0.11026144448277211 0.15997766095422306 -0.13426324609197224 0.08251226632017744 -0.14279800141581184 -0.0023449412091708886 0.015314166304853027 -0.124687544713566 -0.18337132771327053 -0.016418600369798565 -0.06544837411481598 -0.01398706296616462 -0.2110735967263466 0.004137521169165945 0.15746341060961672 0.11353782517662749 0.0012582155046588581 0.18997032021043014 0.22275834401636005 0.028606974940876183 -0.2025483693462157 -0.2761811426804975 -0.14263533139569437 
0.012999570637385924 -0.1189237848358052 0.18542145955183983 -0.2095891650586258 0.21506060382289896 0.07822713266435072 0.10073418643367328 0.03317913871474351 0.07136988722082294 -0.009906698710294122 -0.2162223826191906 -0.053806556079470706 -0.014519844600122844 0.11243005411872183 -0.012249758442449977 -0.00869227784368936 -0.12398659742899987 -0.2234615516979684 0.10209820974610666 -0.10802693633101486 0.24044990195396748 -0.1214710064530513 -0.08324541062791206 0.048066841113961534 
0.117126593832511 0.07538692218645023 -0.1491073182280997 0.003815286978568458 -0.002921313100235805 0.07050934526708647 0.056127321273888385 -0.17899995246185885 -0.24777512810232719 -0.01518683010677014 0.06884495086676412 -0.22442913300905862 0.16714216491433656 0.09810819369798662 -0.01984080597824257 0.16012776334541304 0.014101148286527114 -0.244694305052654 -0.006074384672218348 0.10367140338436474 0.14629238559444874 0.09373064444753984 0.09047088488559617 0.06478651810354297 
-0.11386796145379076 0.02304996252177836 0.11745890449548606 -0.06827304516035244 0.13545923086979086 -0.16331641141880077 0.05285237421540958 -0.14236435918453721 0.0274826341865893 -0.028285154616480474 0.12510547297794983 -0.008772858971844742 -0.09821127246147411 0.19058973267287624 -0.07539178072919486 0.1331869181369397 0.16334743645846428 -0.11024021055816002 -0.11316167182728834 -0.13412529537559612 -0.14196410531469275 0.04951577257188661 -0.1299389749907045 -0.13433111021711724 
0.06463765395285302 0.13239598990939447 -0.1670266099243637 -0.10611016170116802 -0.1383121028042304 0.19652986983166815 0.10838408910133031 0.05201170968618585 -0.010414619510087597 0.06956940643847852 -0.02531145031934333 0.15219033150808345 0.13820798976241402 -0.08020003644098735 -0.14854687244431972 0.17318534229823485 -0.18878309973896024 -0.1742066983283479 -0.026931530646501695 -0.09961294828358645 -0.08486918339080181 0.09356177631867593 -0.12987073839522253 0.12618859564372842 
0.13257790444201326 -0.21029908092134272 0.03958064479566937 0.09551888922235682 0.04697131575685786 0.032818657327019045 -0.09914910399007625 0.15663061201708572 0.20894197077573243 -0.07613577186821688 0.07411431217739126 -0.18845289277715305 0.13441012441768524 -0.18227416759104975 -0.04113801413249995 -0.020606069922757403 -0.18644495508348088 0.12193368142529386 -0.050989909260293766 0.03190247104986795 0.011957373526787078 -0.12923681020491767 -0.22171714973704676 -0.16878566805043674 
0.07628457488550443 -0.15080390879891714 -0.056171349590389406 -0.16879015711688308 0.08152508084658142 -0.15331366691203788 0.12963866075028058 -0.16450894903068253 -0.0013957941041268956 -0.18150269569362937 0.12771714666017742 -0.10391267412902891 -0.06976280003462405 0.10671464038682046 -0.13897442682970665 0.044327606790678535 -0.10173322409865451 0.07271375779396563 0.08796575425043177 -0.1393177237374331 0.2269718387236097 -0.17724058133578724 0.13731733435202825 -0.010510841427550528 
-0.00844727163256689 0.09721438079795644 0.07485126460624335 0.1980471510285752 -0.09902953523229789 -0.14118765205427522 0.09801248447094849 0.20293562682740895 0.03852280789665884 -0.017798589021912094 0.1114880620840511 0.17462262401893117 -0.07213408540640702 0.13045019639413755 0.07023416614954256 0.09561469601953056 0.009494951330038082 0.07775977148139229 -0.19847508678759068 0.02326680039189363 0.12696040697961672 -0.13014313418581036 -0.19075088495950326 -0.10320060283136374 
-0.07372067231801017 0.10602517382913598 0.01686727781839302 -0.14626847846770988 -0.14364400037239838 -0.12898892242214852 -0.012636432885912933 -0.06923058464588325 -0.0810302257760988 0.03170906928346946 0.08007525323449209 0.027470809763654513 -0.07855372282595388 0.09102542356059456 -0.11020598951421456 0.027249072006985786 -0.00872012684097676 0.12285294265124858 0.1499891686733323 -0.03991948807631976 0.17458999695921298 0.058470200056198955 0.011200235950653798 -0.14627310174012656 
0.033087517512043155 0.16350472055269874 0.04136518165390393 0.08230049368304643 -0.03670755255049578 -0.025839484061406546 0.10643327733548677 -0.18254477809647676 0.02179477123714329 0.2016506036938681 -0.009042631496414131 -0.11792859492911051 0.17546280897069705 -0.06334248632562273 0.07912067711658992 0.05423120469407617 0.11693509596032424 0.14001058981516404 0.1341019377404484 -0.1965125257235193 0.22797512386092483 -0.08433908208279511 -0.005089226889072609 0.19366000868722671 
-0.1961028960073383 0.08282065554370144 0.1325477947537179 -0.022284505348396072 -0.09648870525637554 0.17231776858964434 -0.02637436261506346 -0.08181723493466052 0.22920374393647833 0.17822724473439075 -0.04836986619853604 0.12360406614918286 -0.07289916778050154 0.0032295742417747073 -0.06905599923474642 -0.03906618593822684 -0.09655761025522777 0.22240131051758233 -0.08113544692142464 -0.1838386042651617 -0.17684252092495362 -0.19040370099184284 0.028661370962516555 0.05650540976822292 
0.1661154089443789 -0.06285051915917142 0.11554244492229156 0.11234483443484415 0.09725573244932616 -0.07524514524021347 0.03567026581982757 -0.12459161147660211 -0.042495753828797056 -0.16647226912483687 -0.04746420368297999 -0.11381934807508808 -0.0027951395592805198 0.1673628816263014 -0.07074820197732981 0.2202389897013145 0.04759501720177433 -0.04703845914339607 0.1381034218721394 0.11761800003421914 -0.15008671459705064 0.12838265103732835 -0.004576275019185351 -0.09649617470526338 
-0.06679255752825285 0.13908491541821297 -0.09133262131637125 0.17123892479970837 -0.08070793825435747 0.06547070024652998 -0.018066534345145924 0.135255696719356 0.18338426954944234 -0.12510173350150122 0.010489417580336028 0.1754605686693175 0.00999538689312597 0.1943549407613291 -0.08720525322916102 0.0519648354502599 -0.0017909318137745655 -0.10751104464131038 -0.19413763199515566 -0.0326167772037448 0.1699578975702579 -0.11598455146814499 0.12906594246721786 -0.24146503987768034 
-0.062159157584446 -0.20759465464282276 0.07478532424101707 0.08224252724713729 0.07425372161901504 0.018103059156094576 0.018812276236586666 -0.1464812196384157 -0.13008011590823002 -0.050290765928006485 -0.05686590214737567 -0.06216690254075441 -0.03779412515130376 0.18124351405970904 0.010667555175897632 0.20150959364758061 -0.09463451175489682 -0.13916984740020338 0.005529136133348146 0.1248733613309828 -0.08675270466701265 0.0027809983423806666 -0.0710542127336501 -0.0010566305059841543 
-0.1343078882880306 -0.1614351462481661 -0.09403669676846266 0.15319725317436939 0.11234999834807054 -0.0026602367494559264 -0.034384427006680235 -0.14077529040945164 -0.02479236784850788 -0.08004738351244804 0.12343270316694953 0.11470343073105223 0.02170250164167282 -0.09173423751282163 -0.011483247468293788 0.2591455405164314 0.12433723092813163 0.07419456855756337 -0.13825141294990573 0.07882156340078345 0.060388985885295086 0.009917752887593528 -0.10443075280810954 0.038916510502431806 
0.15405399774749054 0.11986463108322976 0.031076184138386444 0.2062900473421645 -0.17342773609340364 0.2094421583778929 -0.19825456069208203 -0.1331914455409787 -0.0472530700691025 -0.1746838827228539 0.0626895522380731 -0.2010184358284897 -0.10434296490714119 -0.19431053634108542 0.0802331633305102 0.11888953283515218 -0.03951738900738146 -0.12356995204395617 0.09758820680500978 -0.06278328783061476 0.1283979105644908 -0.026005628655405583 0.01542368093518253 -0.18814861327078067 
0.040655979609316245 0.00709686856365766 -0.10711064177959867 -0.025870187512751126 -0.04612319602494102 -0.0901974862492954 0.2828994715618265 -0.07101903328373066 0.19089033524163648 0.009532419612727716 0.23227292808333833 -0.1335766478744233 -0.05224437132043333 0.11197932175011878 -0.18203521186540392 0.12351811851514577 0.002605333705517826 -0.0485350695884598 0.1977279362094492 -0.17601505129896192 -0.015596987609752748 -0.1870890611477491 0.1056092730388955 -0.12667665617370122 
0.10174645451405295 0.18950652287396016 0.12961489131627976 -0.01882560091771483 0.07346007788669652 0.209772775934036 -0.03207260529491833 -0.041606847363662484 -0.1822144056885825 -0.06140378643053832 -0.14208395210760458 0.13152216564002833 -0.03524112173768996 0.0025214690849486407 0.14308015349799952 0.0410504554379566 -0.05513505991179449 -0.0912360279479263 -0.17047877767887923 -0.03206106716224928 -0.10392396653579265 -0.052442783797090706 -0.010220746653820808 0.2336758959448038 
-0.15534726694193451 0.012783070452363852 -2.6356263985655306e-05 0.10963682291717138 -0.14152495198866946 -0.1485604808089469 -0.04582940921593999 0.1841126480461078 -0.09431719666387225 0.11109542630524497 -0.0826965489223692 -0.16830621536090443 -0.1929379954604011 -0.10385908747661761 -0.04667067717716471 0.029815506144956438 -0.23058470413544388 -0.17286377788051363 -0.1929948399280579 -0.15356286508270625 0.05051280309379076 -0.03815706577347513 -0.11341081068173686 0.0226489517620146 
0.2622445301698639 0.058404232820844386 0.07868152177098404 0.14983122746660005 -0.18358116787340426 -0.22366162655136596 -0.021941978682089736 -0.02975739155674102 0.13817173951147552 0.05673420555619705 0.002612866147299958 0.24017563641382225 -0.09410068042418962 0.15246611160315524 -0.09735366183505664 -0.042835576629841644 0.00884251858639107 0.01859061974866598 -0.11074862494352287 0.11895917112977372 -0.05556547239997109 -0.16153049328040908 0.10417203082542002 -0.06313204110583644 
-0.07465999003028949 0.1158718389001241 0.010071537339088886 -0.1688525153231631 0.148682596005044 0.11411455459064447 0.22086622275775186 -0.01877024970770382 0.09297179377810447 -0.06316512711478206 0.021375880982489617 0.12881760444336993 -0.012460485111806476 -0.007894729108126814 -0.06850412814890541 0.03844389102964515 -0.13966646656290685 0.1550279237853855 0.0994690983514113 0.18338106728118075 -0.0939912875537497 -0.11450481768796919 -0.11845991755849979 -0.07014832416446172 
-0.1846441207485485 0.12580621123139285 0.0670415084415083 -0.03318408957894457 0.1059063833627203 -0.04425141215199767 -0.18352785519057635 -0.14508138612154134 -0.08122413645956163 -0.03676584188870444 -0.17847045427343677 -0.00527633992791397 0.05862225425728501 -0.010446934584530288 -0.02647034320676736 0.0932536523765597 0.013400961703528945 -0.19347187758533982 0.14825537554011914 0.037867211725678376 0.09335105107316588 0.19508794466597287 -0.2422627757431428 -0.10476055717751279 
-0.173994224782341 -0.0756784141914576 0.13361429777126996 -0.16658316842919593 -0.010496171706853576 -0.18532460040444795 0.07799576675799999 0.11085647523731199 -0.22795801303970084 0.02139366939379714 -0.10302315152951919 0.24250643047111411 0.15461043125351445 0.0737116591011158 0.1761356205606353 -0.031068057603270458 0.21582718300054732 -0.004180332793455448 -0.10446310618824939 0.23813403149376813 0.11426579440125556 -0.17335813161292488 0.12353889072195058 0.10040968289114988 
0.0790321094524646 0.05279621247859956 -0.09741072247519322 0.06146323813015115 0.12470108459177719 -0.21093226418517216 -0.14681020023726038 0.1205961098647407 0.06231504940604984 0.02114851346227914 -0.09946971842245819 -0.0632468318046841 0.13835898487153805 -0.08736578461245904 -0.17355336870083163 0.19039210039433718 -0.18202650857592778 0.16230165656333698 0.1517711122741728 0.010878925215247123 0.07228514969761016 0.04351377675719499 0.039205999846161264 0.18918683679671117 
-0.10395396624736297 0.21292243116034534 0.02648838539618453 -0.15303466606515798 -0.1079937421744254 -0.014146805825451969 -0.11605667332017033 -0.1464448130870203 -0.13952409723171552 0.11124159427420867 0.1178112377536082 0.16795501434526428 -0.06083707227079153 0.12609222315717208 0.038804367419121306 0.0246880508194573 -0.16712878958074925 0.09182829447862673 0.17307128468329552 -0.0005962758395408373 -0.12181681927011105 0.055149634524133385 -0.20630445578879436 -0.06759502517310738 
0.20034928778958855 0.02031647614567555 0.14103983008456145 0.04104686274698083 0.12790230463111066 0.15383291573316915 -0.09107870674598502 -0.14986181342420057 0.0817941506762513 0.0011681057262948966 -0.14833459132239396 0.050094790413370754 -0.18506851223279652 -0.15294443858973988 0.10915676691220716 -0.1948175961055878 -0.041782223931512597 -0.19104204293530938 0.19871855375915934 0.03212642942190562 -0.10269361116238758 0.20939522553316334 -0.013874485491408926 -0.017706275901339313 
0.034425756690659566 -0.09313489378871735 -0.0767263177265715 -0.050396559938650824 -0.10100715574876816 0.03311709786557686 0.1432914535298398 -0.17050505505225144 0.2639830686032529 0.0993072627957866 0.19112962253861007 0.055988127945935814 -0.16721646279231098 -0.05729952905667608 -0.021242402571939628 0.06788444983724722 -0.02004058787259892 0.06637139106901857 0.07152910452206375 0.1468076162973052 -0.004618916221490821 -0.1393288684378807 0.17406837864301866 0.06805207310308296 
0.18697573359838393 -0.1211206857186371 -0.12820123342917278 -0.04271531929689218 -0.0706507006314782 0.14772086622805244 0.024245592598737695 0.11109815241036128 -0.04099201287875835 -0.1593691053215518 -0.15306216407188988 -0.04795774038487229 -0.12129774056094353 0.15108893825363645 0.03906090050568886 0.09217688049938534 -0.029343841024110758 -0.16393011611238809 -0.10475824541180577 0.005658432764194553 -0.11939196267833903 -0.18937441399882646 0.09372717119257279 0.07380573139723606 
-0.06674697151382217 0.13945151811062922 -0.028007996753080994 0.15778585935709913 0.056117646649306296 0.03842582437171272 -0.11853407405759953 -0.008549415071525407 0.17098915781584992 -0.07684345947153297 0.15066076796921044 0.1942386247213638 -0.06696423897951245 0.0728596032570448 0.1588275022656125 -0.20185731566974924 0.166430122134903 -0.12250672747447477 0.13885363258424252 0.06846188256015208 -0.0673381469390504 -0.13839222805417833 0.05188604438962188 0.1662436557418344 
0.10517057465709842 0.05722459453318868 0.1819685056857581 0.035233658273592414 -0.11969672658695493 -0.027658902521293393 -0.07080505794000926 0.21883157198025147 -0.05195430563921358 0.21205133197312812 0.007336903511550579 -0.1451091768343288 -0.16944016626493852 -0.05788044751544177 -0.149674333268275 0.05973469971721344 -0.052099610238834256 0.21248029040925784 0.17127655933975464 -0.13925482861794733 -0.047945178770275536 -0.03840355524937555 0.03152914429502013 0.09759821811646882 
-0.06138651284119919 -0.05152885381770868 -0.09398902984574332 0.2011488124803008 -0.19067777523090437 0.14318777148964323 -0.12345974869916194 0.017052693550971807 -0.06958260204538547 0.22395096498380546 -0.14993559802763923 -0.12563845035345442 0.16091019329775147 0.03794230629901836 -0.07515129787869435 -0.19943152378236673 -0.12819622886611212 -0.14080028647620846 -0.11744732246461885 0.19131812674399362 0.1759303925601589 0.0875930482817235 -0.021870554589325863 0.10847438606323175 
-0.042982513734757116 -0.024515920153738175 -0.08855702267154426 0.2147630093351805 -0.04433756408664964 -0.04225632352269602 -0.09701126807019607 0.2035369086924255 -0.020277505586480272 -0.079797403178043 0.08718815555069652 -0.16963371598891158 -0.16123005928563755 0.11329788808857957 0.09644117915546173 0.03546894861003864 -0.11388707632257677 0.048381072404438195 0.054356799567598535 -0.06786773140475025 -0.17231264798038762 0.13731822770631655 0.020387992261674526 0.07711917888915068 
-0.09723096312501528 0.056874714260997994 -0.027869382353967635 -0.04626808666652885 -0.14834360788187725 -0.10107971895630051 -0.16750796774739807 -0.08545371993683469 0.1290897175811584 0.04035863830268122 0.05818968646326603 -0.23858302172748974 0.059888381098480055 -0.024339287419234235 -0.10642818117150982 -0.16676367476162468 -0.1586255249987815 0.13663304523784428 0.19265537116812176 0.20801595883938498 -0.06001146346845682 0.10608809039067399 0.04339146917053769 0.11728126327496884 
-0.006348308654256521 0.03524475298991791 0.11371354278962927 -0.15904778409622297 0.014455174382174354 -0.05263978755436868 0.04090280700188205 0.18298445157688784 -0.04203510587801026 -0.041975901433498004 0.1150672377700132 0.05701891704152043 -0.041616476252725 0.07443579570139007 -0.03762707251550393 -0.14454859960829944 -0.019293268078442897 -0.0651480871003133 -0.11161469458673413 0.1695815835735113 0.07470802853570353 0.03873955949757316 0.09744931376963578 0.016399012512603794 
0.09793920786353662 0.16895682175971452 0.13592240090441474 -0.13191919984342396 -0.0935338363965925 -0.216536822710955 0.1905578285621951 -0.10423507213445461 0.047069724716216774 -0.1633400919772364 -0.13924149382063142 0.023314900262439153 -0.19724094806178474 -0.026818159978776495 0.0055907106968322295 -0.04950990442577312 0.03494197769393195 0.014361693012704227 -0.0429081510955904 0.06429296966758095 0.10078275687599746 0.08855586858722252 0.006091727715951339 -0.05215053944500566 
0.04437766425878896 0.1338121102546478 0.03410391597806111 0.22287512947419785 -0.02307334469351519 0.09578226154406132 -0.18444451641287415 0.10621714365670032 0.029296434374490136 -0.1975777461894108 -0.10523551304592274 0.02837302542154642 0.10597604300150086 -0.2124172180907293 0.019174368501258855 0.1466329267118047 0.020071970123646192 0.17496065174080208 -0.16937637514389228 -0.03119688637170572 0.1983082425547977 0.09929612038092278 0.029221642932036364 0.11221829397914622 
0.22381979663653248 0.17598660366609103 0.1991402749985509 -0.14312159885497222 -0.1710747711119872 -0.16988907456715666 -0.1937403384763671 0.15887570702618325 -0.22895392631410866 0.1128346634548828 0.02263116145880294 0.04369715302480578 -0.06027885806287376 -0.014377793774245952 -0.09725085025194219 0.23107256185212602 0.05041844047154266 -0.18919160041303618 -0.015031333545027723 -0.08628361655243869 -0.15662856563749128 0.2104199352057209 0.07954712906239282 -0.06700771238989435 
0.16524442162176126 -0.10301472252548147 -0.07569397806340737 0.16080664060630648 0.24175783072483611 0.05845300148444907 0.16858717771302784 0.13623337233556368 -0.028924665447987778 -0.05525531661161612 0.07482248737905806 0.014851382462532405 -0.0010320920652318346 0.23459412221226164 0.1083614034441039 -0.054408925634725845 -0.21741552956105195 -0.12489217290279712 0.010482028593160794 -0.0324678408886808 0.16661239048734094 0.20483804478739157 -0.18113228812638488 0.19138982666276436 
0.18241264748424776 0.18325586812338435 -0.1843393928108871 -0.17633122742103743 -0.1973819554217257 -0.07378498892981532 -0.17709626776747495 -0.08127616653674957 -0.05658525627259393 0.1809025760553056 -0.008995460336778074 -0.0875054540817998 0.0011713969030160186 0.05633749493249431 -0.15459406560494335 0.10201151587556596 0.1397313572228269 0.1366289565285046 0.1553026835090558 -0.046370096246871925 -0.02197514212275523 -0.15850283466401077 -0.10847234975814074 0.18807189963986765 
-0.08495849138693827 0.16213628569439384 0.15532106379760202 0.16825608116807428 -0.13646798835779098 0.15094334311164231 0.05183996398873557 -0.1145595216945247 -0.06090484712249808 -0.13494922716306362 -0.021762117836839696 -0.16571175430886012 -0.1327742414486879 -0.11995238688919986 0.0752602016054006 0.028890605490349757 0.14835835646060383 -0.1009327008810043 0.050895836573136906 -0.18573381588253152 0.006319182044128253 0.14428208610116308 0.19328065502662228 -0.19572274390453265 
-0.09764966168596065 -0.13117409997172236 -0.18040932639393856 -0.19560083876723694 -0.0038233945942323785 -0.18124405926908535 -0.08746967043004841 0.047057779167789186 -0.1187923784686748 -0.0909314930789261 0.03547917888781223 -0.025889925131267946 0.060864426584680484 -0.007101706283474627 0.05232035018553153 -0.057623909120394654 -0.08399362931575205 -0.1483854820550182 0.17416615577466707 0.11094466041656086 0.2212831619686334 -0.12470120284273192 0.16544670710525622 0.2210872714600045 
-0.10553202206931554 -0.05804850275408832 0.020106792669666848 -0.12473790789992921 -0.02264380903753011 -0.134403119136739 0.2393103609850391 -0.0024075670231475 0.24751928206640356 0.021185767795823866 -0.006118380158899469 0.16395591996699782 -0.1416932481447697 0.01430500392343718 0.06368289949470611 -0.02588729338229525 -0.2377489944829088 -0.0028374179798017754 -0.013617104798786419 0.1789474216119071 -0.09612261378426443 -0.04258460371507191 -0.07157268331343399 0.07343682471743733 
0.21842077363743842 -0.13996337330520722 0.12744711231578132 -0.10639608871632869 -0.1761720264401772 -0.16127744821920642 0.19153480211730572 0.17087862599556514 -0.09420434206994616 0.19614058344451693 0.15849550141267765 -0.02842856836440563 -0.012476196875189447 0.054692465213097514 -0.13570949720074044 -0.19372475459539076 -0.08826838722692561 -0.19345555526389577 0.06868925871083756 0.020121404558711628 -0.07893146632662856 0.12479423138747464 -0.15318078275534583 -0.1008340359391582 
-0.08189324740366191 -0.1426826792614928 -0.16402528466731164 0.13771346573623575 -0.16392405595640347 0.05142243534900428 -0.15089363574668344 -0.19538651086124023 0.035893404129154004 0.17062666844654042 0.17054559662284632 -0.08144346923864781 -0.1886902095963977 0.12399565200704592 0.12123051611142178 0.15393309126091764 0.045903964537209005 0.11774668673860147 0.15813052018368678 -0.018044183377558923 0.017696782029966097 0.0023903229488723547 0.09413271468351277 0.05717908113953047 
0.08878910881822545 0.060113827773205994 0.002253141049706352 0.1282555972131984 -0.0860667102877118 -0.06458920551993116 0.12209910377591691 0.08600062121684279 -0.16545924808698206 0.09689603256261141 0.11544408538089443 -0.10043952303379607 -0.1658092806906477 0.07650381465430431 -0.1089987832408512 0.20329363836811318 0.059476294067522556 0.1405858065103864 -0.15598177041366562 -0.1655059295519395 0.14106184488690834 -0.021673407355635346 -0.16430317241264386 -0.05063012085903002 
0.06775408649751864 -0.12300993838396554 0.15741480954222414 0.2140838258633006 0.1785569122694303 0.09082658627469714 -0.04570306530683099 0.12237282072699585 -0.0798607797758097 -0.07309457094320854 0.04152982938200136 0.02832849303264874 0.18197251159383446 -0.12441731813474319 0.09714859961177472 0.1812233596206891 -0.23581991561920831 -0.009332292334387697 0.06175985768379817 0.1664823584289778 -0.14915635334928248 0.14444340451152018 -0.05327996433043512 0.15799702410171648 
-0.18846539175366897 -0.16505748532049977 0.19217556201857194 0.04295251995841875 -0.03225930476843969 -0.13120562198239658 0.05892967116114075 -0.18470003392278825 -0.07420947762168857 -0.06949254094145871 0.042139602068365395 0.059298279472531384 0.1373563282797634 0.17031376489009198 0.06311532146814502 0.0306094267997459 -0.039710847959374726 0.18615804006595504 -0.13730241058092066 0.15715499228438687 -0.07444847863359713 0.01895313252677387 0.0716964284836774 -0.10420081453586616 
-0.13180048908190148 0.003307338392995242 0.11555963768656956 0.075812119160075 -0.1514704716511718 0.15944306819596682 -0.007906554419175387 0.17806030353638924 0.02089199324527942 -0.165295788826454 -0.11783712350733665 0.14065574180098422 0.08119244096053663 0.15709541414876166 -0.067241629652661 0.010931526497964958 0.05912662428228835 0.03695421140147525 -0.1062060528311446 -0.028645213086161015 -0.09954142929925348 0.13717913044898844 0.1943187141855763 -0.17268516750692273 
0.12435010520391583 -0.09710981057747259 0.049246010822917435 -0.09553557466165585 0.05936817341734978 -0.05059720358345363 -0.10848250722921964 0.1510816327250358 0.1653376472955182 0.044550471715210135 -0.11301900100066936 0.2232928824715803 0.08216928089773584 0.12810479943745062 -0.11412087778947146 0.12707608898981365 -0.1035206768341882 0.05169193943977278 0.0831100865826215 0.07770252418793967 -0.019999631783509105 0.14300575617753772 0.1491478464412225 0.034247991191226956 
-0.16302465090024515 -0.10565462844069458 -0.1570136873008476 -0.12979138570993395 -0.14845770035324587 0.07095747321507655 -0.18371004107437838 -0.10216357958373072 0.23816448146110544 0.13520384005158992 0.04134269847927252 0.14011742779795625 -0.1820688125098471 0.1310722031904013 -0.07433590099619898 0.060404934354377396 0.0629880005833496 0.12570232595511596 -0.01619459831288069 0.26492169181033315 -0.09563016713105611 0.1224864161210828 0.12603279311841656 0.191133019382002 
-0.1864603024682087 0.15134764283802735 0.02564929148924662 -0.0029538773341579424 -0.09510054703968515 -0.06816114904174332 -0.09900112238741846 -0.11109377768768804 0.18685939379347039 0.0009335152577294186 -0.1659487666544094 0.06915844539074625 0.07098706291452715 0.0544362189744476 0.0060049359729841675 -0.039225724693382404 0.167085087932654 -0.18824953925198173 0.17241535320455392 0.24041470082782232 -0.06262680948693254 -0.11302016824360224 0.10935956132474978 -0.1276808260830222 
0.11283496382265763 -0.11025289721881572 -0.0824940292574054 0.20215693135243176 0.16032312094445272 0.014460823993809645 0.15383412891882642 -0.05796532652556525 0.23032529535234536 -0.025946247801136812 -0.0808978757907481 -0.1974349179226383 0.2158409920248032 -0.027224421440681854 0.09262465448811508 0.06561654481458366 0.0840755233272146 -0.1789584462446773 0.16725956909733633 0.2008409701476115 0.02872873923950779 0.20692961260162537 -0.09808395912367762 0.040050828866204265 
-0.040599284455093455 0.11785816334862025 -0.07857979987958053 0.19016091765233747 -0.1713813338646212 -0.18270817418000665 -0.17965455448759635 -0.1387633472648959 0.002534919277161123 0.14321484860823458 -0.15477610693477153 0.008558121977485624 0.06919034239943822 -0.11001035605147401 -0.11954952987055187 -0.11056201387985633 -0.1819185376013713 0.08407651994489028 0.060490982466408674 -0.02198903361436332 0.0409770692438821 -0.15510745463805933 0.24942580319809837 0.13799002271930733 
0.06255122286658567 -0.07300898258044772 -0.03267865615838253 -0.003811528135296799 0.17343737093576045 0.18857625025069635 -0.014066759569212786 0.01135963181734216 0.16821392066593588 0.19741061096584053 0.05468513127378476 0.10981990140932625 -0.058324953915017616 0.16429349168446178 0.13360814409328406 0.020351615478912444 0.18750835656269263 0.14335806447358132 0.12220558748677605 -0.1467366544538894 -0.02103654410301986 0.1793785320173664 0.11489684613523625 -0.031047177015640984 
0.20553862560935668 -0.10581796571668779 -0.06546925687663532 0.2103574656171646 0.12232776129972754 0.15888172225823147 -0.19502401884836343 -0.047191011631147445 -0.10774516085439988 -0.08045049964474485 0.09398711245033473 0.09227452303425146 -0.009279108743110609 -0.08660790428199024 0.033173913249514006 0.013163802375385496 0.017130501838279154 0.04531139379057798 -0.04092051111886478 0.11327061714171002 -0.09830481126331819 0.06044951981365616 0.21183485609212652 -0.19829513339376068 
0.08814366118948497 -0.1555041177933467 0.01711059394275206 0.04983137022334563 -0.10160777676561915 0.1647472300836996 0.04801170796313578 -0.10611321380064934 0.10684509159255863 -0.15691476835146032 0.021594784921391923 -0.16118407108277186 0.03171489917709142 -0.0975942280431817 0.05875754796840253 0.08513830038669519 0.009439677557725467 0.06195064344344753 0.12416820756965302 0.12184426361892545 0.046972300339029195 -0.019113249390342976 -0.03607138762736364 0.14893369794510455 
0.0650011791498596 -0.1341545462739146 0.025719170303268247 0.20553231156812196 -0.1386686184182522 0.1259512806708839 0.16708899013368225 -0.002948436560311034 -0.18445265430521107 -0.1399538382976472 0.21140598121982124 -0.22668508334699297 -0.050062755936066294 0.02409912430465226 -0.12005213675253719 0.18781227907250547 -0.19292054699597685 0.015501396204438345 0.046312314334196684 -0.10639553211425594 -0.040171538140516425 -0.003506098929262672 0.14477585082328345 0.05274428238534753 
-0.012671628865960212 0.04847650962213161 -0.018221531173013013 0.01003620361548689 0.06236574765462878 -0.12638428369583027 0.11799232131145668 0.027339742815792233 0.19399970209972683 -0.10984471383263385 -0.013173887278564852 0.19344451716295732 0.03976958268164499 0.11779215449930457 -0.03381878574562866 0.0993015485067016 0.1935031712565284 -0.11875151492101166 0.12178518664802405 0.20733390752973668 -0.19381157647159458 -0.11272143011508948 -0.15211561689186348 0.09798430574790072 
-0.16674822985168744 0.22374856290147835 -0.04330222545814271 0.22762516116154563 -0.12341584973494142 -0.02312610211647748 0.15910059226858747 0.04795479759588301 0.033300611753350265 0.00493371157492251 0.028923101120787102 -0.03261654001253311 -0.12141379200538864 -0.1953554340312248 -0.13845174891384338 -0.17839818801170176 0.033985504987099215 0.12360226475355854 -0.0553565403511108 -0.16914151124821622 -0.05128775263927107 0.02517647785976353 -0.02445855631461955 0.12313399751655865 
0.16617340546109155 0.18641346477875845 0.08042442835667743 -0.011596266459259173 0.07194758721253511 -0.19427974460100472 0.24025004213638948 -0.13005306103002612 0.20995165826233597 0.10557484781416629 0.11662594368842759 -0.13195103517970133 -0.11113953366199446 -0.07650861188293344 0.13869324871370453 -0.019396622404401754 0.23292847222876023 -0.05790718201465446 0.04685779817927808 0.1574499848956018 0.03503480148398133 -0.18123753253811264 0.013331807105178787 -0.06501633783500076 
0.0025433898443763675 -0.07646186286076519 -0.15014199862180017 0.06622318474443685 0.07141558380641638 0.13823163931694446 -0.14605488698893296 0.14128007482161248 0.15364851465975443 0.03273890741292796 -0.11684977542434621 -0.11413856842992556 -0.023576256160324747 0.0037908454652085463 -0.008805121375176408 -0.01270690594782536 0.11894434018847255 0.1518466622803563 0.1255595319247971 0.19316423738158495 0.015718077300919814 0.19482993903132728 0.05841841088938349 0.03614983089790797 
-0.071154238759542 0.15377877777715557 -0.17861142624684748 -0.14518096243876594 -0.14691861260265274 -0.0038382540925781415 -0.1287429635658516 -0.06247884215804905 -0.12823893407613168 -0.10529622094482333 0.2792164404572676 -0.06848354035765175 -0.13851359509525651 -0.056342568079385695 0.2711458131720311 0.0893946556037626 -0.12299680852074693 -0.08526013774531886 0.10347990854273974 -0.10259350853063182 -0.09709352940812482 -0.165585608601152 0.23426062595505923 -0.02036934262429554 
0.02416966122407498 0.09347390276129305 0.11741628206912186 -0.020522595826084154 -0.1252050340476906 0.13037917491348974 -0.1871293530290147 0.1780812454377279 0.030139014312418617 0.14919266131418235 0.04258294630219917 -0.09812228900508108 -0.08037287494309198 0.012856550852196997 0.18431533801592956 -0.12505703299635101 0.003859952145947974 -0.0614313397733367 0.10668209407878401 0.11997762787254208 -0.029534309583587538 -0.11717081679085775 -0.1724748200668073 -0.11936916337227102 
-0.08983513574501359 -0.00043966356733724437 0.1496264982329573 -0.14773074327695923 0.21277604514991091 0.04710279887104414 0.125816365254894 0.23372708078545462 -0.01892650821972079 0.012332622251585094 0.06489009081077578 -0.013297318788968516 -0.07918503732193782 -0.15696428043924868 -0.08483560742741533 0.09949679826906693 0.06971468026656157 0.10364793048131868 0.00667927059392707 -0.10595084688417872 0.03827438409535523 -0.07723690354305172 -0.19946271333125745 0.1583730716051427 
-0.031182354181301653 -0.0289166901229707 0.09528832972767476 0.17878359428647267 -0.17027465493986552 -0.1298020013633797 -0.06993823896161586 -0.09941630855256012 -0.001756178633252738 0.12865934551591673 0.1405486411862705 0.03756068913435703 -0.1027178366201619 -0.12425403213305525 0.09614320119138729 -0.103902744544473 0.015427657040486794 0.09849836690723926 -0.1074936657016439 -0.1290775355094579 -0.18357833203708507 -0.13992708947533894 0.13952697348403253 -0.1572671534471891 
-0.10933886914349224 -0.18641423559342518 0.0694273148007424 -0.10610982882294394 -0.03384966840338497 -0.14326208088742504 -0.0481975221159488 -0.003964514872921633 0.02460949836450264 -0.030209937841445614 -0.1580274179179582 0.08458606447279551 -0.14410754824436442 -0.06953728715874963 -0.0900126723012635 -0.07843022833602434 0.03699377972819771 0.006939458067747941 -0.1228091042355161 0.01412871115756151 -0.06311587827674912 0.055280173204001304 -0.10835681363763291 0.10894706149895053 
0.010238750859405333 -0.07206943383022645 -0.09731205539190386 -0.12438953398908856 -0.011001737989077106 0.23990729392889634 -0.1569043517181556 -0.08542167899556602 0.05915635909095221 0.14577733635351567 -0.08729800329288342 -0.008713520434788331 -0.06127173320569032 0.09208233967929545 0.08653891632312308 0.1418909568524336 0.1555320180812595 -0.047909638988368024 0.16955958624752746 0.10848951731771121 -0.07589331701127168 -0.0556533847361966 0.09722397377837573 -0.14860003365288837 
0.052419878708217876 -0.07195701700069672 0.12976232166410503 -0.053217453166510394 0.09213780540302559 -0.12371552200692514 -0.007239191172435262 0.10946575040692301 -0.07159373667992729 -0.13428240146583992 0.05856552425110124 0.13746606087081187 -0.08672584025812204 0.0037353953788866506 0.1534690102465135 0.19086409876083632 0.10630978293654114 0.03561863758169477 0.12581221610113963 0.16853936362148622 -0.19872158675706225 -0.040297544702444135 0.015844185996700927 0.09236028720654392 
-0.16421397671631663 -0.005642744666080408 -0.08695380515943774 -0.029947142374172897 -0.0007878615772391544 0.029643279368313236 0.03615023093568843 0.042331740389519736 0.07625933845143894 -0.028051261435550274 -0.1977162553304441 -0.17160938766306205 -0.07743193399085872 -0.1401653015379047 0.03867766561108708 0.00392337145911788 -0.020076973629845857 -0.07053773428414098 0.06026019976679455 -0.12273015059278139 -0.1973479214480283 0.06295183811305659 0.01627044163218647 0.06467243967271809 
-0.12049245921223804 -0.25355062382616655 -0.04784529298338856 0.12088878067461156 -0.15800241452815583 -0.07259541713910368 -0.03255146320092709 0.02487203004347828 0.08659993691952832 -0.07049617688147031 0.0577569745677694 -0.011938554081006539 0.04273778492009876 -0.11404928009376294 0.010899225644759671 -0.14114384658213092 -0.225762924249312 0.02873488697781588 -0.12518483897559712 0.077597585479331 0.03997977913901227 0.14912833026826955 -0.0823866382197218 0.2388642736284038 
-0.013798321911764434 -0.059282685453364584 0.09512017670168182 0.05439277295077179 -0.05403197722582614 0.004601330718033137 -0.12107624935003206 -0.10211110198689737 -0.21695518046435305 -0.02376829370017724 -0.07139008152751579 0.021471782987309448 -0.20947888785570484 0.029534434427849483 -0.08162065193927746 0.060676177810079016 0.07379445135795312 -0.042974237560371095 0.0641861999400158 -0.05900323534286584 0.24193567632721058 -0.12556048761033325 0.19322713602125954 -0.15698347232569368 
-0.020808514266868496 0.09113028237925533 0.10830553357238046 0.08223274360337006 -0.037249944924534775 0.18021848057975795 0.11639487085945042 -0.07032778209004147 -0.10478552108717794 -0.17290223949162448 -0.05980474941405575 0.10401584938174964 0.0969748639833878 -0.07108616620083372 0.06113131587319675 0.11363015191459594 0.12173585101236277 -0.1876232945972367 -0.14025835567977213 -0.15006852502725274 -0.16004584148979412 0.1568277405128047 0.1471786597214857 0.04879101046723388 
0.01686634436355033 0.07778553047339802 -0.07796299525125042 -0.05234359434011426 0.029337570230663 0.1471400257384818 -0.11818503548284648 -0.10156373780618388 0.08172635559493976 -0.06256871155997751 -0.18037954679126036 -0.127173547044783 -0.12129087256427806 0.023122784196555012 0.04605139022943711 0.1945134101191105 0.19273921150065143 -0.07598114371775366 0.1001381275560393 -0.10285303896516854 -0.05161377104407529 -0.08172876083392552 -0.042870097242232286 -0.11291954946184067 
0.01103233481857331 -0.2529045128670357 0.17104051143153778 -0.017966525349379876 0.17600271757430724 0.18791521425564528 -0.11684436445416252 0.028937860049255436 -0.001263615209854781 -0.06033805459266227 -0.021828529249944644 0.15715654204865392 -0.15948454105295937 -0.1501006166273934 -0.10519431692314886 0.20443131098137327 0.18427396533644902 -0.007067026735566895 -0.1458829146357312 0.040871230597981395 0.08363751532119618 0.1543214584818717 0.08473779144139476 0.261995293353975 
0.12048766846054389 0.07052429687392059 0.07320044562312915 0.051778643868433345 0.13900395463537274 0.25343862938024786 0.12694845588271034 -0.10443703852752528 -0.2633218510001358 0.23816195560178596 0.006448199455499489 0.10007930386529165 0.053971569930828064 -0.14581120796944702 0.1305826467818397 -0.13265923092594886 0.15987857132003153 0.05067997848490773 0.047220686082692115 -0.055637759728947994 -0.017047392242681703 0.06641605113296378 0.08744300022058087 0.09729086053112261 
0.07657450937578217 0.05321796432494136 0.18840473830582657 0.09579621756375828 -0.05702647863171192 0.025193888733103523 0.0166518093205145 0.029059619286291673 -0.05432587555338567 -0.2447521479251934 -0.056695212760906145 -0.10159220845611694 0.22983193470478194 -0.13158603473325903 0.04961106955690842 0.007091046790324014 -0.06906562326514946 -0.22709381079885968 0.09672020342329697 -0.07372761088349042 -0.07169553622579708 -0.15190054560777805 0.12535676309740892 -0.17029037916157627 
0.019502307484823414 -0.1934644299585087 0.19283813573862857 0.0584972604522383 -0.053857912077578673 -0.14025813348674596 0.07016401015597942 0.19418613732234624 -0.06651273522155851 0.105386940940658 -0.08381257763949912 0.18893822713031025 0.10383227346651133 0.03963754084232419 0.16415722441319794 -0.11659529642792332 0.1728243139634262 0.07011324920844711 0.10733804068987021 0.04610409399133942 0.13535579355620042 0.0745151111919322 -0.14031428181892083 0.03743783990850314 
-0.1940704300497713 -0.0491848784054706 -0.25766175896091703 -0.15085478855686899 -0.3296685763260884 0.33399141279738137 0.020884927834438217 -0.05552751459116506 -0.3122630627638808 -0.03786079646357637 -0.03166452982059079 0.37502039407905047 -0.14173266538338342 0.03956225706219543 0.1114026834954624 -0.21410690710880864 0.021191050488980862 0.17328379032977723 
-0.27967769646310847 0.07116120846154426 -0.38341110082387825 -0.37501989403988617 -0.30257858305253243 -0.012378163124162535 0.34039043746846215 -0.06339621270999884 -0.2990045072831537 0.26469518918000495 0.012843644097924852 -0.14436434795582218 0.3493012680756563 0.34086072229001396 -0.16278902595117137 -0.2033805745819075 0.07008313608507963 0.26624655924937163 
-0.18788459102177882 0.057900890363352144 -0.2420469374912938 -0.20810400282460248 0.1775433345531846 -0.23909924928970858 -0.24145410293088293 0.12898517576735535 -0.3335719963510618 -0.2872613639850963 -0.14383847381017625 -0.05714173081644196 -0.04058424025147547 0.16415271779419374 -0.31916021735051964 -0.09532445000853106 0.09305902319442937 -0.33448959393941563 
0.2505508499336635 0.09802242308114742 -0.2572977223965101 -0.216273035382047 0.16659762296101033 -0.06476984821156337 -0.06890117373594598 0.26589245624428187 -0.2629551774512577 0.37318455280424495 -0.31447533645425174 -0.30082230758783723 -0.17154739017863446 0.20810492517375082 -0.029442883763442732 0.10326436010165767 -0.21938857299240405 -0.26788360792315563 
-0.026332990428765902 0.163004752988914 -0.0292571483951027 0.2528729465796084 0.10815285297571416 -0.17033561819246504 -0.21504235740594518 -0.07223119720733541 0.20043227681172476 0.3363534095300834 0.26923828985155795 -0.17992300010389894 -0.006530479809527336 0.042560632160013316 0.031257581449879 -0.07433940219867223 -0.27315578583175104 0.136461618487908 
-0.3850657537650728 0.25039996209106663 0.26621433075446743 0.1516433099132868 -0.009029858120358133 0.13467990488581294 -0.1336523939479512 0.25181155560249485 0.21667053051434795 -0.20954906108329108 -0.13378761502929207 -0.06809137183354438 -0.010176637011607053 -0.0020112964273143567 -0.31513912269422284 0.10785081914195828 -0.23667526442189218 -0.12118160780041683 
-0.03546476794463445 -0.10191497304124339 -0.1255844107090886 -0.21804195448109248 -0.29652923606681686 0.03422379434385983 0.09278055261460165 -0.21253572179948185 -0.19034339944858478 -0.13724838272110781 0.2295457033343961 -0.26146401120712526 0.06970808509878947 0.030216039918423927 -0.1055362029171691 -0.10062563594764684 0.3414480913559638 0.01660985092443638 
0.1671436046572072 -0.006156540668813423 0.06428600999882872 0.04639337308921495 -0.242538258380899 -0.1115059669002382 -0.017657878364466115 -0.290643916862334 -0.11799367919870467 -0.24604193947650038 0.2541013015938428 -0.15601741624823748 -0.258348640795258 -0.022494215207359437 0.12364912463334586 -0.2982927123240084 -0.21452195366278626 0.18901420084228526 
0.18755290992727175 0.07910747446940701 0.26981290602929275 -0.27271357908405597 0.13770263801879054 0.28626381121221683 -0.2584471805751901 -0.1611522640407144 0.04770363299856162 -0.1188301724916881 0.14192723798051576 -0.3328754691162562 -0.2338596671024249 0.16990546179843552 0.3238128536304786 0.294898607345958 0.30094403420246096 -0.2775888326027565 
-0.3373052894016398 -0.29362280046395617 0.025145030164426707 0.2816026424752245 0.021186325535274126 0.19165771923517064 -0.28268004515976924 0.2596020735193636 -0.2126896173477119 -0.26294441870744 -0.05255632810494063 0.11522174968974744 0.4284751109243855 -0.37927278259640623 -0.15320549581928436 -0.27057162577980176 -0.0660410491486924 -0.23565310957119992 
0.042863402157471635 -0.10223564528265988 0.3165906402267881 0.19736807947591525 0.24685893200323916 -0.2534918788755932 0.10474023225343206 -0.17725952055478217 0.2747381701555663 -0.387857205599967 -0.2701250569318542 -0.1261803003656555 -0.05475902671992315 -0.13350108947359002 -0.27691313144073193 -0.2610285305368726 -0.11900462817550048 0.3718756386354485 
-0.2292002661554658 0.1678282561590526 -0.1927275179923141 -0.35757820136105556 -0.3332165327516659 -0.23727921846146968 -0.061668646458606806 0.22095671145055787 0.17259300143746986 -0.09752716572401449 -0.008496846070836709 0.251961437068365 0.2913761698426245 -0.14671162085774117 -0.3415399805750471 -0.3114458712152882 0.17159173087707918 -0.19031450052668208 
0.01647411310697738 -0.20988529889886695 0.2432949767441307 -0.0007172661952307715 0.018091219802647503 -0.1434577025346599 -0.008758639966312319 -0.3593428521492195 -0.1417103988891022 -0.14511089162504642 -0.1462978507042664 -0.3288410775459112 -0.027983797691732443 0.24683035220616759 0.3040751517950261 -0.0018006655825372581 0.05481853790189481 -0.12942851574751585 
-0.27560979366553146 -0.251833930930444 0.14223885585255827 0.1502370531326243 -0.21870745067411923 -0.0579077769619887 0.07063405109934959 -0.28798358259856205 0.23368566982776845 0.11204607566734318 0.08749064853273983 0.1883466025813452 0.42009883910062823 0.03855089135723287 0.24923867402826402 -0.054432969555604185 0.10808355027372601 0.2901165026012463 
0.1483993104137522 -0.13315088334089867 0.07504150975637874 -0.10014752816964971 -0.11992959102450063 0.07398688926479015 -0.21491652001257172 -0.008788020969713062 0.306211579959995 -0.11399223639757217 -0.2120190934915156 -0.07002765758628694 0.23059023213116828 0.28652353892091786 0.2236887823240805 -0.33644750085677455 -0.1579457769946914 0.40320631876287993 
-0.3119587189944707 -0.006589563486090959 0.20099441460295098 -0.2585901708684259 0.10951720930720701 -0.007927064027232068 -0.28446362534985475 0.27024822782560337 -0.18737114916797049 0.14740908243626516 0.17762106433349664 0.1022205164440579 0.12757010034062982 -0.30939486807971817 -0.12974992040465796 0.05826066393684691 -0.09861287786799483 0.07286374219552734 
0.23811652947262135 -0.21114322532111118 0.2882131225953418 -0.0788464291300023 0.30444520544042175 0.07885502912492619 0.17033664427470105 0.02584695781138298 0.03554010758322702 -0.07937350409458921 -0.2535871662982755 -0.031165195354604474 -0.1468245063385241 -0.4018006105685524 -0.15253814363576157 -0.2178540263760595 0.2894585977483146 -0.37630982594122286 
-0.2532174859975799 0.13803444245913354 0.3022935980543704 -0.16869940653911988 -0.32951231957099575 0.31668346105771944 0.07781945556547504 -0.1084797955866488 -0.020098470094006185 0.14828955541481148 -0.08479673253877704 0.3494852689507955 0.24223965694699415 0.26698943886874865 -0.10031990752523118 0.3002591229001296 -0.013912056929028582 0.02820199878155842 
0.15551711365257867 0.21083731115146043 -0.06960701502608467 -0.034758897224087086 0.21635983942906234 0.14733563487873103 0.29847986091105755 0.33014665364764534 -0.2190114420087406 -0.17942358558004248 0.14625473131834754 0.17787400901203965 0.06549917558544482 0.2533605381025197 -0.16833192289963522 -0.10822161404610157 -0.003557638569665365 -0.134283686373444 
0.08442368935499724 0.12324766054777639 -0.22353759228787587 -0.023060798906151658 0.3395948982152214 -0.11870104097465337 -0.39138220190423895 0.25446798273040117 0.0021671028470831555 -0.38292338603979725 0.2857803561346829 -0.12069418059388348 0.2730403285102195 -0.026508857153858333 -0.29041323685707265 -0.17295418106841873 -0.09452508417502614 0.2385853667661851 
-0.2666361101841101 -0.046167260661532865 0.28536265494955665 0.013029948987720922 -0.27194015810326777 -0.3272396826326042 0.11055124274735553 0.39342924351840525 0.22063166326142294 0.2107367886924427 0.11843328962967312 0.25357555176626506 -0.2943922423998567 -0.18502893346546556 0.13210641605512302 0.2510368278796655 0.14311783799059613 -0.2644483030777777 
0.3423109318747942 0.2765215221917533 -0.336503815833586 -0.24678496317915805 -0.15232722159342957 0.1617062867453544 0.21927613843753485 0.06432073472627203 -0.1730433744782411 -0.06880160170188147 -0.26187734015574066 0.33917613958366594 0.2225230115619489 0.032990712705991784 -0.030983031885665015 -0.2756652955459581 -0.12245750029937125 -0.304023012281371 
0.23827012553502064 0.02994988705715235 -0.22841843439622483 -0.20860665186482577 -0.16252733696566354 -0.12917664544831123 -0.09694496829580064 -0.17160318288747733 0.13835709307745372 -0.3586442378690805 -0.11599872281110937 0.18068693975598726 0.33292592060465875 0.24236311048195971 -0.17604829414530915 -0.18152185470985607 -0.22815038541810684 0.2963577062381687 
-0.24792994279695663 0.17536145099349032 -0.15947150082422987 -0.32032128408472227 0.15828227052303287 0.15328810118797384 -0.42279397272007446 -0.14323917767029284 0.3520250736833454 -0.2321269810513762 -0.29620146918214646 0.10537605525368778 0.3220190443391354 -0.290070747750693 0.0086547751813856 0.1242898999505107 -0.22394444618496337 -0.3977845201648889 
0.3428807238280491 0.10226048907594786 -0.3125848630939828 -0.31670833046303404 0.09640528594297289 -0.2480651324164387 -0.19326550986567484 -0.2960973407889064 -0.2223618715449234 -0.0029546095127143163 0.007643084798868008 0.008965433474664719 0.46703710340201665 
-0.2960170134105792 0.20308004069511768 0.23353341723151252 0.06626350831513532 -0.028936732121252612 0.31487590056517806 0.2615354775874481 -0.3611381587132833 0.3720802969777794 -0.39658191621950273 0.057019575990019264 0.05646847338301412 0.2665891744843594 
-0.09448521489162713 -0.34155613474494917 0.03690775587032856 -0.4127121943455888 -0.12855684993918387 0.4323018591386701 0.33552162388361495 -0.29825015609365757 0.286209196491025 0.22622241259633377 0.3434388510636601 -0.21881879574916271 -0.0017972328392163177 
0.27481765037252615 0.1316774241797973 0.07340008360549033 0.1432096359873268 -0.225775379915314 -0.3838936075352344 0.18700186435044996 -0.13157838993998988 -0.1062223352722667 0.07934916111482551 0.12356155825857983 -0.23624936744055058 0.2581909666992622 
-0.09384778608480317 0.10332993684257884 0.3749074895204476 0.05046689194216801 -0.11075725103596583 0.09319529043688927 0.0013866100509814417 -0.0370272642347471 0.18378782688870748 0.3403987101759331 -0.01606624248688143 -0.329929395072108 0.05428704694985176 
-0.20217406426167914 -0.36996787789630886 0.22897448629779849 -0.17972763399738556 0.21999766709942678 -0.009129158315502466 -0.14345614164950224 -0.1465873239183787 -0.3679505279634048 0.026705352150839284 0.2577643440437891 -0.3334902478745368 -0.31324806172838016 
0.057826800824878 0.10909423938090278 0.1364419840511588 -0.18730471700725085 -0.3841683700437468 -0.09821424513634917 -0.2320787837213136 -0.4679985326524818 0.17282903881295422 0.4277571918184615 -0.08518087793230385 -0.15759277922841208 0.07034044212993001 
0.26016985320055896 0.22835355286200948 0.12671959657744694 -0.014198401530950394 0.125500727678902 -0.20416782084426596 -0.10713080749223816 0.2891024519122244 0.3567372028444531 -0.3307681169872089 -0.16099253784942388 -0.3975156222473617 -0.1161244279592205 
-0.23996500345784919 0.10503395301706422 0.15959942026895382 -0.34358934383421263 -0.3326533268290897 0.3148726084954259 -0.12479028846149685 -0.0013829511576699308 0.41559212356534947 0.21133407251171143 -0.13737224952687074 -0.3318850002816117 0.04718267551689083 
-0.15846275344077493 -0.39145001325083895 0.20173068335101485 -0.06649034239598728 0.027738721591706293 0.2596224275239328 0.4368452010979438 0.14275856465326472 -0.1568121643944095 -0.35225765631404804 -0.34169041635763564 -0.14205154588128388 0.10681426515546932 
0.15394290116624193 -0.2405213653603595 -0.334393577079572 -0.1348625558975079 0.014722981235485556 0.23743334339035882 0.04190014231850483 -0.15018778899596144 0.0973257349664638 -0.21565064924082153 0.11999632453878033 0.27272225001664024 0.088889239195849 
0.0782715613084689 -0.15771140819197765 0.2912704123248502 0.47467345427551294 0.19915792586724831 0.10930126728837972 -0.26165004296738764 -0.11194554390388314 -0.11640641350469615 -0.19664906570915447 -0.04205169442098488 0.08659261449307816 -0.2974562112898615 
-0.2095797937941553 -0.3151843187519344 -0.19361188272340663 0.02172738753254944 -0.03327498337887002 0.45982213066509375 0.4645754553384624 -0.019325854925603205 0.42483964498089233 -0.2523216140319685 0.031947733630579345 -0.03619951835673784 0.38752181973814204 
0.2898438628870117 -0.22101023532031663 -0.04707528409128903 -0.3096838538361239 0.0428880633246734 0.24005199396549262 -0.4037070228873928 -0.2850495780710568 0.4415172640192035 0.4250985010998307 0.044043871282398825 0.11473758985283736 -0.182307586507154 
0.3631007934792896 0.13362752902484365 0.13125747097592289 -0.3934717440991925 0.28176238527776226 0.2210154096319737 0.1457459466632087 0.19065165142009652 -0.27397055397311043 0.17291956423287544 -0.32287839386944106 0.16341222384950152 -0.40047395504765054 
0.21929692476861512 -0.006534136377644367 -0.2350408660993543 0.1813507995534019 -0.14528298391354014 0.3069998494496447 -0.25468184471360206 0.35194926018982764 0.3784872034830276 -0.15423378753050726 0.2895403712645156 0.2729516549539409 -0.05879198625427678 
-0.11187974954710087 -0.17632357567255294 0.39705856602917833 -0.2453446080354289 0.3896360785756875 -0.09383720673691386 0.34514825009488986 0.2469691559462739 -0.289984105334979 0.0964843321070699 0.13660733853711132 -0.07359215449220238 -0.4008669966900786 
-0.15699410960689802 0.29566579446123165 -0.35081782195161904 -0.3437648668484593 0.1732826651599512 0.01566978550896337 0.02200262377822552 -0.09817887148331826 0.11328204830852819 0.32253716169214447 -0.17638185308957077 0.2750592325964754 -0.07659708682319125 
0.26748759149104734 
-0.06857250965155391 
0.45162586080603523 
0.6736562711726122 
-0.020935506003468378 
0.37523914746591713 
0.07166730603491722 
0.2978819008137991 
-0.3611303029617329 
-0.5394394175219644 
0.5797935274103291 
0.376817882804586 
-0.2705663797420987 
