-0.10173444936755706
0.18764094042359541
-0.16984619461298456
-0.09023046972755934
-0.25966979201867635
-0.006066444475897668
0.003144135628972371
0.0613556252100986
0.15456127672485562
-0.08501345366227092
-0.043005742731799364
0.16227567000258183
0.041878782655557834
0.07452478090585703
-0.07259924349786637
0.023922054658106453
0.06805374713658727
-0.14712476959848195
-0.21800758842585058
-0.1442824883160406
-0.007885129062073021
-0.1455502824103241
0.07162237440997146
-0.10995934894671028
0.29198021235665406
-0.35133213571734223
-0.2083959540859619
0.09269138432611401
-0.16193288140754367
-0.37062621976205373
0.05355999191864023
-0.11103872832907026
-0.278000424903183
0.363702883494946
-0.24842331881546564
0.18680575869231628
0.31397573103418464
0.26199240587744504
-0.23867922243569092
-0.19895404772556527
-0.3639172635793363
0.31561106536725825
-0.0160181442221807
0.1860455803605436
-0.26007018168036206
0.3918732093450904
0.15649160050744118
0.1254200745444115
-0.20603827535487432
0.20448134817146932
-0.2043568523270854
0.27656919611270453
-0.42984693047613143
-0.29340775519553985
0.0289235306883486
0.13315153403709742
