-0.09289926302914772
0.19392262288561327
-0.1331230865093651
-0.105361625111128
-0.21602841944335133
-0.008277849980075153
-0.0092626266504834
0.06616587878527116
0.14949924461357947
-0.07502654070973903
-0.028665556379946854
0.16217515175718433
0.04217031650676915
0.08019072589840885
-0.08876272983633604
0.026151385253036674
0.0606639358895704
-0.18379547979500002
-0.2177961446202506
-0.1467983998820826
-0.025278070163996445
-0.16231131980133742
0.07479377642863173
-0.09576036072976667
0.29029060745141977
-0.35133213571734223
-0.19346340792887282
0.09755866008176105
-0.16193288140754367
-0.37062621976205373
0.05882916287169357
-0.10753198820360511
-0.24816730711262805
0.3647547874669346
-0.24638346434741892
0.18536770355868493
0.3264512795765831
0.2696772130372134
-0.23867922243569092
-0.19895404772556527
-0.36661158872896515
0.31467886854775695
-0.00020182724148788873
0.21963772653813018
-0.24213149847851892
0.392214011117182
0.15619798922307904
0.12570403899271987
-0.1590984370946714
0.20674874986070765
-0.19906134767135364
0.2771775339631716
-0.42984693047613143
-0.29340775519553985
0.0296813985625293
0.13345608321248478
