-0.09611213361433088
0.18468663694646156
-0.14320391804239258
-0.10191198888345825
-0.1922840903024432
-0.02262417771653707
0.005403040347126356
0.06413845727862433
0.15080553835915542
-0.076973997206174
-0.03585978674356883
0.16241971600531047
0.04957500876519282
0.07249957770283089
-0.08906587304712144
0.014904924039849624
0.06083034139964871
-0.15065301640282253
-0.21672414622650138
-0.15572451737456772
-0.003462519055472502
-0.15426995319025402
0.06694139784688471
-0.09379246100093785
0.2904416334707051
-0.35133213571734223
-0.22221027712780064
0.10448089186065777
-0.16193288140754367
-0.37062621976205373
0.046106733382528256
-0.09335396754476712
-0.24000697583008476
0.3653539005784676
-0.2526090866273578
0.18546796243360086
0.32600834826239045
0.26489837136222305
-0.23867922243569092
-0.19895404772556527
-0.3751903965543966
0.31755691189448104
-0.014239869057487201
0.22614549172075607
-0.20630576799471442
0.38995473813697923
0.15848985912960617
0.12348269417653834
-0.16515841207305848
0.20439342037258929
-0.19859014816431864
0.271965563386483
-0.42984693047613143
-0.29340775519553985
0.032032360550625916
0.13120715244919068
