-0.11202455946387808
0.19449507908294675
-0.14300507891908915
-0.1040509041794103
-0.20889420547201848
0.006905864811801484
0.003916244065863862
0.06808989011567405
0.14220173165873057
-0.07693285261292426
-0.03809801593490528
0.15869131834208636
0.06670578106263383
0.08068907425570152
-0.08984178212021281
0.007729466404397026
0.054759792538510155
-0.1600333688933669
-0.21853158284580088
-0.15880216588744206
-0.02222002047333476
-0.14202915828496002
0.0886185009371974
-0.08643840214392556
0.29008539907592623
-0.35133213571734223
-0.2145242801796633
0.12334874131941707
-0.16193288140754367
-0.37062621976205373
0.057525775616313446
-0.132763938705225
-0.2637146198465246
0.3644424861454451
-0.25213832391376023
0.1843295195469461
0.33747301551878345
0.2741681036398596
-0.23867922243569092
-0.19895404772556527
-0.36372427393437595
0.3125884710226073
-0.0005772047844505992
0.1794177539332947
-0.2510063523531937
0.3940684644914538
0.15464155065046375
0.12756826317794676
-0.1487384830341148
0.20659373485248406
-0.19247714846037772
0.27575158851420517
-0.42984693047613143
-0.29340775519553985
0.02691934411460662
0.13527768747534857
