-0.09593110396497423
0.18035491737332884
-0.12481922018083214
-0.09416044612665059
-0.1957136605741481
6.40174117666744e-05
-0.014444135846273267
0.06422400389972678
0.15212896973906007
-0.07054579140104922
-0.04390942903382717
0.1571302932701094
0.04206065448376226
0.06397176654716988
-0.10782799298326648
0.020261255789188085
0.09686203736618498
-0.15543044642843418
-0.21594234350077676
-0.1509599397480492
-0.02477836994476353
-0.1585031051165668
0.0682562094026043
-0.09016388505533031
0.30059052530812763
-0.35133213571734223
-0.19820898438553894
0.09046214722222991
-0.16193288140754367
-0.37062621976205373
0.0595543839625928
-0.10952169193777164
-0.24937450320741403
0.365344268293691
-0.24996237186812725
0.18278025344903828
0.31750843428765463
0.2627522801016541
-0.23867922243569092
-0.19895404772556527
-0.30097294928498036
0.320903384191587
-0.007949250787214526
0.23775451523525892
-0.24905840751072428
0.39161260246510204
0.15706153449340554
0.12512696793492775
-0.175622609437534
0.20462313709664404
-0.20581485908254446
0.27945582334540847
-0.42984693047613143
-0.29340775519553985
0.02855751247457404
0.1328360245399486
