-0.1123196392280035
0.18714765752466572
-0.12248664585417474
-0.09512690857577989
-0.2190309011116089
-0.002121756006127517
-0.005434045092312582
0.06526240271753249
0.14983398705481107
-0.07510485544443178
-0.039880581628550765
0.15793335802032962
0.04057702088458683
0.07114150438537349
-0.08357549390390721
0.02333584509512387
0.07617004118291028
-0.14270199886970514
-0.2168410553290673
-0.14449543917846874
-0.012756592391019166
-0.14210199483998237
0.08284361305847712
-0.10632281004065303
0.29433164455962674
-0.35133213571734223
-0.18464644075430403
0.09791641359876338
-0.16193288140754367
-0.37062621976205373
0.05749547772672655
-0.10394298778175867
-0.27738792203230195
0.3631531279388265
-0.25126299973551214
0.18501802419523355
0.320784644673405
0.26249763708730506
-0.23867922243569092
-0.19895404772556527
-0.3691093478409014
0.31854432347470296
-0.0238795010663369
0.2221129959896633
-0.255405801799002
0.39178521349371004
0.15657064514529262
0.12530120391396893
-0.1600763366420034
0.20106151336942302
-0.20068377814372876
0.2799056889085769
-0.42984693047613143
-0.29340775519553985
0.029370905861999506
0.1330275309247996
