-0.11136422590961656
0.19112291113768864
-0.1459263915831082
-0.10854124756584223
-0.22621840787937894
-0.0011271167201171409
-0.012996726775491477
0.06426233162932134
0.1544507292805303
-0.070498276921598
-0.04590796325755261
0.15740938651699748
0.021288721459271135
0.05438172792822036
-0.07776412221593793
0.010155317302327762
0.08150734369380637
-0.1612100572165774
-0.21635194399284668
-0.16069260669101793
-0.011031284832437566
-0.15573132848017537
0.07220441355499585
-0.10684054563368561
0.29681163661107784
-0.35133213571734223
-0.19230668288423847
0.09132534860344925
-0.16193288140754367
-0.37062621976205373
0.05330706615611768
-0.15318965868853854
-0.2821107855299988
0.3561114356822334
-0.25069531160197084
0.18519437358553742
0.3199105652078945
0.2709828437656913
-0.23867922243569092
-0.19895404772556527
-0.3640836245517176
0.315494487743394
-0.0008995795801480723
0.16695211239953378
-0.22324820201570345
0.39098994997058334
0.1572523313954297
0.12447116485460936
-0.1826816486503318
0.20130653240494004
-0.19326894625112204
0.2826873592003194
-0.42984693047613143
-0.29340775519553985
0.029535007705921195
0.132203247257725
