98 24 18 13 1
-0.06807919148953796 0.07747949656665234 -0.1813418549968837 -0.10276210259202322 -0.18295708096494753 -0.1724875889342524 -0.09921236004445057 -0.04195537459637433 -0.08000134250511089 -0.006578922155279382 -0.0593635978342594 0.11366431571037006 -0.1597332630021009 0.19598715068252018 -0.23103385457075437 0.10822228490120295 -0.06327421373140044 0.03653866840774834 -0.14412874650771243 -0.15008090423236717 0.16874110933704 0.2700757504798451 -0.05610823791429523 0.19047263122596908 
0.21598077490274076 0.12733493602126714 -0.1625919158200861 -0.24284571305860211 -0.17310207063893693 0.2097092443930505 -0.2570242755303046 -0.09657869794404016 0.1323660357930788 0.021076727735356484 0.0793842898050895 -0.019235387508423477 0.05981402170240307 0.2170161774465343 -0.23645615223441327 0.1592053893765205 0.25870635619781973 0.12118831442329774 -0.097631095879498 0.13744101921347837 -0.12325167221358213 0.045379330140023474 0.1546906589542316 -0.00997445137259421 
-0.07255187732405875 -0.19822843059655468 -0.24708769096850763 0.07277898275867735 -0.14310990787790978 -0.09171836410946223 -0.08234038066212024 -0.23615438225734825 -0.009513853587856794 -0.13251348473902635 -0.007487964180018486 0.136490616032474 -0.1705358107226945 -0.0016997479099508414 0.04729469331992126 0.0291543797171741 -0.18031345483615388 0.03057710511571929 0.057030090153824764 0.020008916444870007 0.24924092028924077 0.03925005033003134 0.15533863066253228 -0.09469007449600354 
-0.050381765975032876 0.04238753980768504 -0.017144751702153085 -0.24971045795170407 0.14636631817531673 0.06027974976525952 0.07655065437068234 0.05375214592161269 0.07135297015887507 0.12395032297883524 0.05617241303485681 0.03387287300767678 -0.20079264143341782 0.2769778533362356 -0.06920086893551251 0.30708893080934135 0.10818479685575673 0.12815648920567857 -0.16537828793556653 0.1816329050918596 0.07984957034839711 0.13402796486217938 -0.08978632306961279 -0.010555480186923297 
0.190094868965628 0.02772685982218082 -0.27729722036018284 0.07386767021058377 -0.10395829583171023 0.006736363089175875 0.16033095270649617 -0.03926902813776404 0.20074229665408538 0.06428003552632039 -0.2454264634699689 0.17951270892259533 0.09588413488339807 0.19194045795521086 -0.11875232247534566 -0.15588841225720604 0.16924696756679575 0.08033687217029617 -0.18571844471063664 0.12919576288959356 0.12399635019770217 0.23678279405925845 0.09391213956159464 -0.11088464439838841 
-0.07354931914190206 -0.3411954424555378 -0.19186324374969102 -0.20993583003432842 0.11988569112724402 0.16498856468378276 -0.05373118634738912 0.1003936006328846 -0.30455461563353853 -0.017946756849621263 -0.020373234865571896 0.3415430854233634 -0.09584321591678449 -0.0930071549254795 0.09576058398160749 0.014925653931920883 0.2067122751893805 0.08301571357875541 0.14008379167831012 0.09504215216265385 0.149714873882267 -0.017694171714488994 -0.27556636446130184 -0.07471271283255586 
-0.18049328333505407 -0.25306657639715796 -0.08145297960075491 0.0832146259373507 -0.007151599373748806 -0.13353669663916035 -0.24481307647078154 0.22149040119349192 -0.019625573485009613 -0.19201254275227198 -0.15378301862425786 0.17273255453865688 -0.13160126491013396 0.07552532414696381 0.19083369613716128 0.21775843651248966 -0.07553889950463634 0.024662687785730202 0.047589499635224235 0.15662370611368895 -0.10048491268686777 -0.11885652037298539 -0.2619240103176198 0.055962739522019724 
0.09670283594297878 -0.05223071595690755 -0.07266613444899508 0.203629179484529 0.006328924062317715 -0.044443267105022756 -0.07696902286357972 0.06847841620264371 0.005838416986109079 -0.15610026885998982 -0.17428523124345172 0.00279660843844582 -0.03873684586198699 -0.14774526997513107 0.1008694500853359 -0.12305894621302443 -0.09026825080604808 0.15244118727241532 -0.12261363506082218 0.04589334986095007 0.10821910749903972 0.2920171027694042 -0.13568466276574992 -0.14573920785621858 
0.06969491073462968 0.09825986658905975 0.22870633037421262 0.14910814894398391 -0.19569756287703133 -0.08594556955595976 -0.0036843692663257165 0.1415597674523111 0.1556351188354372 0.022406399770194582 0.12285702515944513 0.11889605027551446 -0.037759227311799724 0.042054278750669985 0.04135175659242804 0.07240905641323873 0.23491927774284257 0.2053050836207847 -0.041676042105947296 0.12691395460350893 -0.13721047145121207 -0.1743693102520284 -0.15763970603744623 0.042513848176821564 
-0.19259798683137974 0.21965010531182674 0.1309392247510126 -0.1952606150686592 -0.12959671722058852 -0.0667728295862045 -0.1479450188493169 0.11718221214012883 -0.051299694816507195 0.17679566844617475 0.0223800062820173 0.14500084458192006 0.17309726859632543 0.15094594540708148 -0.015854086464586702 -0.00430944514513626 0.11761641163386662 -0.08537497982120021 -0.0038454329893901967 0.034541816599571076 -0.1950500955432358 0.028395303955547666 -0.007213723868547023 0.1115342049513098 
-0.11130211637778702 0.1606375323321843 0.030825171532703335 -0.1323805414341475 0.0888018698633478 0.0006906076218584255 -0.23891414417360352 -0.005388610359728592 0.11115039770929003 0.20341139980340173 -0.21834166531130358 0.18799803051827663 -0.08762948079891174 0.16963036798877928 0.016346688848714427 0.10435939390122995 -0.01427951019493394 0.1040408760568703 -0.0940811439238384 0.10306207758493903 0.133182228447844 0.20792514260754713 0.17305762954503884 0.15179419099035138 
0.10775599897998091 -0.03661447943834278 0.10262666790174706 -0.04255803742018691 -0.0820910505962479 -0.11013369176685407 0.02673608767896698 -0.0206849728069758 0.09504678792316733 -0.10571816011417756 0.14420106237680586 0.03489790228496012 -0.13842204675545292 -0.07642782992098504 -0.09548981906846249 0.09226454836690916 0.0753066575711501 0.14232009032986415 0.06468335221526532 -0.060063592227666704 -0.1395968037446451 0.1503696245802232 0.08630952840507845 0.14983770817008982 
0.09643114802340914 0.10587533559181189 0.01972987011204652 0.14603052801832966 -4.999955311435551e-05 -0.12463669163151081 -0.11326154203295997 -0.2014179399564908 -0.07664660220179478 -0.16886257487867967 0.21934664171318605 -0.10958447208357164 0.17390658985845148 0.17977221820812433 0.07498338312874893 0.05242429700790813 -0.16200171775706687 0.0366480097541146 -0.0615240597261659 -0.13908855580857254 0.1043007573319132 -0.018373541475662083 0.22477139868278498 0.2583778980149587 
-0.07443183814329184 -0.17962870085303095 -0.12280454950270135 0.0011030726053977578 0.0651238762913877 -0.20538925227777066 -0.17251778298295214 0.20157848576999962 -0.08442076103096374 0.017840725377520784 -0.10634838940006526 -0.1835102708180607 0.023324830584597986 -0.012380908747086024 -0.14972966783066957 0.07446845617620827 -0.02198693952093098 0.08523632145549921 -0.14243936526677115 0.027816480124752758 -0.03425588931925765 0.07661860779754608 0.08115471682029446 -0.13751514989113253 
-0.0698591117531369 0.10526569363752174 0.19371291199613597 -0.02677846059721109 0.12910927026606783 0.1728048983716257 0.022037130601978556 0.16021912932916096 -0.15128117232231897 0.18175671673099777 0.04055290311419207 0.04899823919215593 0.07523465019830847 -0.24180051955208365 0.10792503836981165 0.11782549249494938 -0.05085757607359767 -0.062152368312096806 0.05251862735958106 -0.003965572819814311 0.10187307936279527 -0.05819011839858827 0.12479099554165335 0.22252813066560048 
-0.15602055417156066 -0.09937650069375321 0.15791322343833436 -0.0026349497149187 0.16973087053500616 -0.06538540241430614 0.3266269739715024 -0.007452978308216504 0.04886748957995033 -0.12434631455486275 -0.05832196429025739 -0.32044655445733045 -0.1970744255172693 0.0631749584077318 -0.18896733304857935 -0.1035108822804968 0.06769950243561187 0.06653179630881417 0.07599833800059287 -0.14883816825300122 -0.004970703228006204 0.05391297645537733 0.2855789085296338 -0.09526435895348927 
-0.12120429601749601 -0.11457807021968683 0.09982775560646726 -0.017004553592245078 -0.17812507499965824 -0.030216373084232022 -0.1238362574485646 0.17734070376466934 -0.0927606230853827 -0.19011001277542702 0.037019918016873425 0.10802866163315454 -0.015567997484110196 0.06752356594430638 0.00439614833604918 -0.027924721461587313 0.20792804769620502 0.088324618319597 -0.18818073126036136 0.07591497472997566 -0.0007030273104816965 0.17734931682171778 -0.11128928754731535 -0.09287880267836472 
-0.2172840303538711 -0.075143860385461 -0.12766527650846862 0.03398172237385846 0.09466947681141213 0.1395026009117718 0.1489817845134905 -0.08439818457552103 0.09163122255272065 -0.05047970684201645 0.11684732687928806 0.11836097942214573 -0.14012819670256568 -0.12123833092189348 -0.23565232192177188 -0.13068141586880871 -0.006401646437788825 -0.19062864950600286 -0.1999979874604374 0.09574670713802709 0.013586648210327682 0.17935908102319856 -0.05207986583955534 0.0708089388028458 
-0.025545048442123054 -0.06471668020525245 0.11705981366051164 -0.005334024777205809 0.13782003101981966 -0.11391235610438784 0.07679954877162325 -0.16182838617565104 -0.003559576296194937 -0.24201150402394464 0.021903973593760145 -0.13098504230248034 0.21282381908647136 0.243168898529631 0.09814210606206392 0.26851190171990375 -0.15219396230016535 -0.12078098776209542 -0.12496334056220047 0.053912995920138165 0.24545843970466857 0.28620385521571257 0.09214252806696871 0.1280924402882698 
0.1492066391114861 -0.04298362980254348 -0.09981844365838634 -0.13903913909342447 -0.16633803601055924 0.12042377722447137 -0.11007987510097023 -0.16387399097722236 0.11969324211474903 -0.0417385869792931 0.18280638146344977 -0.09367651966340464 0.05720071966839241 -0.0722248609979278 0.1403155563584774 0.005787719177236354 -0.04286300314569547 0.024086248753148694 0.16982749975846492 -0.21070033507306962 0.13149856852423172 0.16109708110409585 -0.14733020426437096 0.045879648262699524 
-0.07219049858850694 0.10758702799385356 0.02314553149075413 0.07990561505520763 -0.05067266751001473 0.08783361573979162 -0.06336875159583905 -0.3210953862086286 -0.00815854319167324 -0.009523504571128267 -0.10194929434779211 0.23430276247294698 -0.07934503759487621 -0.07594285122278539 -0.08389494573062037 0.2469933740871622 0.23217194209956726 0.17463649771069872 0.16339848897064135 -0.17074588745628846 -0.14549627017206668 -0.09692345560886552 -0.04909264656240875 -0.1347903714345529 
0.1289201448069708 -0.08849924174046996 0.11367736685900591 -0.15188962016172364 0.0825740315930386 -0.1511098468999368 -0.018803427405283676 0.038806060025890994 -0.11734405215294019 -0.17099572944451624 -0.04746383608986295 -0.0620879117844946 -0.054027232736890786 -0.21552310457983945 0.012801391422946593 0.16375494604216476 0.1172399069147138 0.03454827899643855 0.19158074810606537 0.2457940488519183 0.006179471195692119 -0.1924072452747576 -0.2693228957730658 -0.1683469518652822 
0.006248758389664787 -0.1067162852816888 0.22136881494676816 -0.13023954524389078 0.1664906781479852 0.02966048315218044 0.09773371264730153 0.040869160024356685 0.0863228439020169 -0.03108312993217447 -0.2341545210355374 -0.06397639451432856 -0.003838049816362095 0.08374161308651162 -0.012391540717384266 -0.008723283425014654 -0.1285966662142514 -0.23130646999570917 0.10309724109989364 -0.11430899513057903 0.21948684552004596 -0.15019765345224492 -0.06179077932870364 0.02344049086197956 
0.1258863906044543 0.08376481369096687 -0.15045559080356766 -0.0746163524880489 0.0017825268895125168 0.07978471915673659 0.03847675674797905 -0.15949958060809763 -0.22115598322666855 -0.033954480274067375 0.07816388347833704 -0.23110965556467966 0.14735352467238366 0.09170271529217046 -0.020066986036550966 0.15026560961726704 -0.010547713580524785 -0.19926470705277152 -0.006145576885261087 0.06541069500012411 0.1414588286337298 0.052748961610350954 0.10296107439962032 0.028997066309693162 
-0.10378964613503612 0.02051005744551498 0.11511487632331646 -0.0658169131112569 0.1381007821806404 -0.16000852075064853 0.054568207924054674 -0.11307171503126198 0.06243376628733538 -0.028602269128588525 0.12060288275357639 -0.017907022496805182 -0.0969928192698293 0.16472852166461052 -0.0761652809469534 0.1327544512589662 0.12665908776826829 -0.11130384735192467 -0.11424804539889206 -0.1126117022742531 -0.14326283487041716 -0.009231371809277578 -0.14609563045965762 -0.14800040329866723 
0.0722858575085911 0.19490702318307818 -0.16849413451795434 -0.10714125771633962 -0.14145803549196492 0.13583710277311833 0.11184248666568403 0.050214692949136976 -0.03231094985800864 0.06084676529803094 -0.025596887813109342 0.13235021141310307 0.16074571462097184 -0.06766568975896319 -0.14989130042388957 0.13144038598811905 -0.17426020620212787 -0.13868782953099668 -0.02723427185267983 -0.1408020633891948 -0.06651032820069287 0.10522159409058116 -0.12451241088468873 0.1310722239567639 
0.05191018326020277 -0.22814267475221917 0.04001477931427426 0.19911082706580044 0.04525575768662707 0.1426861746681832 -0.08604886238871837 0.1193887948189465 0.18447175923188147 -0.05296271694496481 0.10639209551600338 -0.12740183422463952 0.11853092672818813 -0.13903195993749104 -0.04158788425631474 0.031607941201503675 -0.16654290837230587 0.2274025965983891 -0.051537174630412186 0.013924275306547808 -0.013063041823410719 -0.10516397851299476 -0.2455658227433815 -0.17026452657978355 
0.07612697263948207 -0.18379365329197678 -0.05676839325441158 -0.18273588703648663 0.10596493718910613 -0.1528635969235941 0.12579540595928487 -0.1453962865390192 -0.0243274965888663 -0.18306160347671357 0.11712234716578451 -0.12578571440519531 -0.06947758584160127 0.07743513575928629 -0.14025206705275892 0.030014994444443707 -0.12144459949916417 0.12927761202965585 0.08884813624475286 -0.15615006832037748 0.23174614626244552 -0.13663647932290987 0.12939480920090018 0.0035746351288235985 
-0.0646665963908248 0.09765508986401546 0.08326855160110663 0.15910096861857062 -0.09982381885262397 -0.130876606730578 0.150636938753312 0.13050114008871735 0.06820623212164652 0.12410080502386453 0.11341983314175044 0.14771570579134566 -0.14085628934851602 0.11872327946416984 0.07705658653615566 0.0716892422447257 -0.021517251748680185 0.07855415868336162 -0.2001358876273198 0.11956519299254952 0.14939730946201216 -0.1497685098034442 -0.2987528727282687 -0.15945732732790127 
-0.08703283572498048 0.1406950374256928 0.01706070362014806 -0.17022207691011765 -0.1449544875903151 -0.07283611727884669 0.01138988781744915 -0.06994888275126414 -0.04831785451469539 0.005454786235658163 0.05902712232281822 -0.0016707182491637446 -0.09520840886749912 0.10475840315425507 -0.1112693586037062 0.04108477616925653 -0.05206141112682056 0.10314696094980216 0.15134347617838736 -0.0046185179182421645 0.1531569729886894 0.0005097705856727842 0.0477797742104179 -0.14760185819388819 
0.016007671444724685 0.17036654458996317 0.041817339189062525 0.15519247237690922 -0.02793928991687909 -0.09615684763796599 0.10984107162946256 -0.18274694956388723 0.03410789933356373 0.18237671680738923 -0.004941007642312299 -0.13159724630032738 0.18374862022087143 -0.12418539610462614 0.0799269868812114 0.048338056554669925 0.13064886051637048 0.1067605231559913 0.1353447493385891 -0.19816182205733385 0.25204523146627417 -0.12863520012077684 -0.06652132967115797 0.19314773037580935 
-0.1977497821268694 0.13398965023937187 0.13200949023142466 -0.03858253270080581 -0.09744213621431554 0.09028489905794002 -0.040237363468472426 -0.1318858465775437 0.21678070193180882 0.18090138042112663 -0.019928396840182105 0.1418880821095572 -0.06778700453375748 0.03918910927214223 -0.06406273642341262 -0.04149348828593834 -0.1339582606596386 0.1877708931323763 -0.08195929958465195 -0.1783850572682939 -0.15783075524015483 -0.2147064126539362 0.06840302799189243 0.057883471355590625 
0.18883743596338284 -0.032312526965992336 0.1166471773593959 0.1063513603117147 0.09822080548074433 -0.0428963684877644 0.0009605680323466788 -0.1204978588178542 -0.04214074615165516 -0.20055334893340385 -0.03619622615222256 -0.1141198703720133 -0.03757683096699701 0.17822716650562462 -0.07148021369230606 0.2169877473182353 0.031707360888487 -0.06603032396732432 0.143263987302257 0.11753993591556663 -0.09823772574808778 0.11950043972085855 -0.010152693223647159 -0.08920822471849377 
-0.06748866343211857 0.12764691351492813 -0.09224332903401847 0.1566910030267931 -0.08152807925918495 0.04580039005351442 -0.024246433459461276 0.13064830820579407 0.17007714040360716 -0.12627867989342753 0.017561752754080385 0.1815491576443057 0.010349514601545375 0.19784281976431992 -0.08808118953789752 -0.0025414305287177535 0.010214925986426777 -0.10855323097325342 -0.19577291137609312 -0.032979376863987706 0.18608928230176508 -0.10116666396748906 0.13488840999834792 -0.24503679348921148 
-0.062812530929583 -0.2506163260777649 0.08303598287349377 0.027967750799813895 0.07501711901480486 -0.04029677945071257 -0.010207647135887912 -0.10892003182994284 -0.09953960960992123 -0.050831239565923565 -0.05746954477868136 -0.10130492582227717 -0.035121856404607875 0.1551668222796899 0.01794090700832122 0.16157448447356682 -0.08272072275943296 -0.14044887260497418 0.005594010089285089 0.13516088976021742 -0.12645328513191367 0.019192214481923632 -0.13253622452604572 -0.0010691421859683032 
-0.1355521836459718 -0.1247454186521405 -0.09496990830381903 0.16427756250473152 0.11118071420127132 -0.02403906969388456 0.022000560352695517 -0.14206565933616563 0.0003069796142774128 -0.08086177819787642 0.1439344624631553 0.09109124217465986 0.04696260383784463 -0.11437714696886882 -0.01161636355464701 0.23362049355009148 0.11751939313839285 0.051940055980252274 -0.1395239211200784 0.06103329099369481 0.03706543000611974 0.020492170269044277 -0.10361921828421268 0.03934390582063183 
0.1667227980881223 0.10385681487628487 0.03142269478215944 0.1807249164549846 -0.1749361958562377 0.21903389022094122 -0.20867762378694416 -0.12699726584114931 -0.055100588223554764 -0.18191775996296178 0.025728199205494007 -0.19121990782829454 -0.11563599522315074 -0.19139094854465996 0.08104917555154166 0.10077939571167682 -0.027348611405643136 -0.1247354858928493 0.09855064726562947 -0.06344246036446717 0.13934269986830947 -0.006268919067402776 0.0032596507907299414 -0.1897480741031029 
0.02528256140501336 -0.0157660026944966 -0.10814966380897323 -0.03132285010363949 -0.046622807554099116 -0.05841557951212632 0.2641933402535113 -0.0755495246500473 0.17154497393135346 0.0034336891658424675 0.22792182475322176 -0.11398770030436653 -0.07816583457593777 0.1287181845981855 -0.18359740081752593 0.13407045447016586 -0.014270274450916172 -0.04905840802497688 0.19938436562681489 -0.19472390821172955 -0.012281846078129625 -0.18868211401716387 0.08261838303505116 -0.12786527435229397 
0.05899061621599716 0.19432092543851157 0.12349827799110465 -0.01904064190970167 0.07420321695967191 0.21334483130647725 -0.0404895672575663 -0.009273807600757156 -0.21668385271176144 -0.05183837865011291 -0.14338352266829787 0.14427640514430995 -0.03774779527945756 0.04128246345496018 0.13595418641688822 0.06992145245283903 -0.04573223501261507 -0.09214592776916924 -0.17196848428840558 -0.03241787448852285 -0.10138435544354871 -0.1057498637110369 -0.018099533863158258 0.23389785077539355 
-0.15673786608213625 0.12438166934460665 -2.666901424746129e-05 0.11069573484362337 -0.1428205969717369 -0.16740411666313998 -0.04621843647737095 0.15702351989369956 -0.09463506753702419 0.09513060321803873 -0.08353390641365425 -0.16731699434291988 -0.19456615441266947 -0.07576963981553057 -0.047175693744983836 0.026630936134091145 -0.20173810897994282 -0.17486401337625712 -0.19462333688908826 -0.15494144937453186 0.05277375647289606 -0.03857673351700358 -0.11985240375537828 0.022905709977117876 
0.3081925303633379 0.04745649149364518 0.07948399065767224 0.14289638021232576 -0.18515285086323705 -0.17425137524522955 -0.023051448681633696 -0.05992542920085969 0.08493404586593477 -0.0041172516796529855 0.004558379578175465 0.27595474353464794 -0.08951053400170632 0.1102563794329826 -0.09831418334262526 -0.013427457798770397 0.04224291202726091 0.018803076035425956 -0.11181623520010228 0.07303345251743092 -0.05741332723183704 -0.16296218415063268 0.05982185981939216 -0.02595249974750902 
-0.043591257618012275 0.10770356835376221 0.010188622152462757 -0.2187324737992346 0.15002795569013305 0.14199292755504292 0.21312620014841502 -0.0644120500474589 0.08178552878072975 -0.06382784091515713 0.015231707251271341 0.1366767126740375 -0.019053680103060307 0.019198268528681527 -0.06921583457035851 0.04547785516209406 -0.15846858579037476 0.16626163252121934 0.10044686996916526 0.1005841457242648 -0.08463075861391312 -0.11819113738857746 -0.13178830845101436 -0.0708749243849077 
-0.1862223044249551 0.14983056404327763 0.06773988961248359 -0.02751620944535635 0.10693586159326895 -0.047059507772380105 -0.1850992115558301 -0.1464018813793176 -0.07591559735973699 -0.03802781788378534 -0.1800105714967029 -0.013110569541631915 0.06713829270667777 -0.013367904061351861 -0.026768169824336583 0.09367602869176014 -0.04578764446861333 -0.19510320871908943 0.14959780105124412 0.062073791461641194 0.08220593443974851 0.13810298710876126 -0.1908224013400259 -0.10578091719163306 
-0.17550626657274204 -0.08647009265854752 0.13308343331349187 -0.16804782560667003 -0.0106180882709205 -0.1501625460058651 0.06896693072996 0.10484633120280393 -0.24388286005517062 0.033477861262574085 -0.10402961546245794 0.2519531505510613 0.14575903783659053 0.07969401655484643 0.19111132335334424 -0.03734601594996228 0.22436155325009274 -0.0008563734759455408 -0.10548109315367774 0.24017147210273165 0.12319727350735014 -0.17486615079999177 0.1138984328233177 0.08973791422624562 
0.07114831198126198 0.06860073903973513 -0.09837171097703577 0.06820340630131784 0.12587505172471983 -0.17927505272244104 -0.14814266924484185 0.12151244390488444 0.0412080309562247 0.012358368437526574 -0.10044749507759984 -0.07023209130691699 0.1440217165152444 -0.12194363267765133 -0.17506262343036388 0.194993495335725 -0.14259594238821896 0.1543958195212705 0.15313756075339766 0.047673389970469646 0.0661573678929269 0.04780615258834574 0.0365025588224701 0.16238583386245786 
-0.0992230339251576 0.22877918780181195 0.02678640444611125 -0.1544096802550556 -0.10903973727752589 0.026039429660821376 -0.10401541386262608 -0.14777475717327485 -0.1309377256639699 0.10423173932646465 0.12805058881480774 0.1749361627671996 -0.0774991581689068 0.10546117936120934 0.034978945425402384 0.027986002820079663 -0.17893617880693558 0.10418330035220061 0.17503682524343162 0.013700271623404594 -0.12296921765181582 -0.002606215295182299 -0.2081421675748013 -0.068298457658751 
0.18907113116917457 0.03002785842288897 0.1423320623341374 0.041495814480186646 0.12909996278963065 0.1438677265195555 -0.10049399721526947 -0.1512152504663852 0.09165737283376638 0.004640299980192638 -0.14967756120660447 0.04066470997542989 -0.18664928520638555 -0.16719956180678713 0.11021183949980855 -0.1964568994531239 -0.058825698156075044 -0.19265889330174765 0.20038077685886893 0.032483918691267134 -0.11659151220133648 0.19693563201888217 -0.0054653503530597974 -0.01790898295800288 
0.017744950959751846 -0.1007039972835837 -0.07751161150223275 -0.050938062455397316 -0.10199738848110507 0.033484901782955 0.1436870222830871 -0.17199492955732876 0.26367074525521034 0.08933889574059713 0.1899159079555812 0.05690253786404835 -0.1370228513213558 -0.0576922549043738 -0.021483887419236212 0.028170132136784935 -0.042635301499856275 0.08136823245269843 0.07226814287069713 0.14952647524735257 -0.003058837404111969 -0.14668270720883037 0.171877426803126 0.0557792155322228 
0.19659212917984564 -0.1121081944422384 -0.12940109066323344 -0.04318103056559622 -0.07138183360098314 0.15587980085062114 0.02193933429360664 0.10089549757023675 -0.05167456039978358 -0.1607865270376784 -0.15443736427486465 -0.038122362769054355 -0.1224462345160597 0.16114320604426138 0.039489762470193264 0.1015328685642584 -0.010380914023575497 -0.16537753116002224 -0.10577858699233704 -0.014336030278653614 -0.12052606175514635 -0.19098126138441246 0.08299438842008043 0.08369348610219497 
-0.06744266056065557 0.14519369931578 -0.028322174523014273 0.13873603812537452 0.05846471025805771 0.043844879972759425 -0.11966166235643982 0.002511606578193785 0.1666289185557937 -0.07762978570893768 0.15466212502311713 0.19059292801987843 -0.06766191417683598 0.07799272157467801 0.16024133252915235 -0.18256587843434188 0.17312399030120768 -0.12366430447201103 0.1401304162609974 0.061066558487794534 -0.0522863734219662 -0.1396657367284516 0.055670002054757514 0.1766953377299407 
0.14879295613323754 0.06667372067118657 0.15683233999317236 0.035623366420505745 -0.1208331339797352 0.0328104140590621 -0.07507343984065781 0.19440835231420503 -0.07619307497250098 0.19842134817882645 0.0074226717946150236 -0.12268494148460682 -0.17092322535274496 -0.035108484086084225 -0.15102648822923254 0.08181814148188293 -0.007306682931918724 0.19769029934307586 0.17277135690090087 -0.14053445581655824 -0.024607976139585007 -0.027340533340973684 0.0020938107409597057 0.1468354901244541 
-0.005053405719781809 -0.06372420361432526 -0.09492184656515854 0.14666851439230946 -0.1922924451096378 0.17955476372716392 -0.12462445916643922 0.04270552307558714 -0.11115350566552534 0.2625060746695541 -0.15128953942645923 -0.08713501765938085 0.12037556906464146 0.07778276862708818 -0.0759226667782867 -0.2010979055896817 -0.08672757105665625 -0.1420908315370145 -0.11856663536116316 0.15807448030907428 0.21484679215883057 0.1318209143043063 -0.06365787839281463 0.1394150541512191 
-0.013938016995707063 -0.03961788402014442 -0.08944440384911155 0.20095569765516508 -0.04481946803192215 -0.0227111413125608 -0.12657397482185156 0.18886320306932036 -0.03402053548697881 -0.08060961962709268 0.07973637066700173 -0.15515850101554582 -0.16287472173712841 0.1632884606627112 0.0973942198830178 0.012403823743497073 -0.13101102586721078 0.05781321747701655 0.05493652148275428 -0.0685736487672574 -0.17381403763609787 0.14746769635292936 -0.0004916627992114347 0.08792316101829752 
-0.09819048012460174 0.06232494215650415 -0.02818209017607027 -0.04676912973669828 -0.14968663971905274 -0.10207053791438286 -0.16897860025824 -0.08796185180543958 0.12380652396773142 0.03965265563237479 0.05888499749928355 -0.2390395025503599 0.09970015907667643 -0.02642562800693358 -0.10746179961699155 -0.16818962574549134 -0.1530586635419464 0.1378940206404609 0.19428184867743672 0.173001283421359 -0.060644777700369565 0.11076650400266662 0.042535212438019526 0.11554128572834407 
-0.0064226697565921585 0.03563457548114883 0.11480418551654754 -0.1604630758524445 0.014621742224681693 -0.05320300926708205 0.04135030665207151 0.18455247556197155 -0.04249399742949315 -0.04243419856616308 0.11616831783545681 0.057624011157594884 -0.042071161812358544 0.07520081224236615 -0.03804133395590094 -0.1458653908526669 -0.019513446026922694 -0.06582911064706785 -0.11268905734007093 0.17106554910433777 0.07547546397073499 0.03916515631374119 0.09841061805581462 0.016587244645930664 
0.07984947403924364 0.1730179082463893 0.1453492174792616 -0.1331462222831742 -0.09446287945546297 -0.1721324068863302 0.19267884837256102 -0.10525123817572508 0.06383387868532307 -0.16478365215362303 -0.11559896331191279 0.0011139405753945386 -0.15854120921629214 -0.04406825499320848 0.015009940078054188 -0.0639129389029524 0.022107757912940812 0.01452721472563714 -0.04337579242663084 0.07813735127176362 0.07099972907536325 0.07453791533601958 0.024325773638811096 -0.05636130989888812 
0.0448599671955435 0.18779537262701296 0.028727357175905358 0.22103973797276405 -0.023334694567018407 0.09557116333106103 -0.18602148105172372 0.1111876441402719 0.02155993231420746 -0.19923329563680225 -0.10111668838144744 0.0223359821428481 0.1070060743859999 -0.20671914414481699 0.019393241339852076 0.1402551703809292 0.031437067136427764 0.18102312942337784 -0.1708590252134692 -0.08438572950796842 0.19264500055751668 0.09106421366187636 0.03354213514514776 0.1105789351634029 
0.20542585555129464 0.19752497210851114 0.20080495909476814 -0.14442843683820672 -0.1725682822267531 -0.171375009590483 -0.19537326271189476 0.17722468047133016 -0.21291397929688696 0.11799470162342933 0.047562930625145036 0.025454742866027308 -0.06091467849881529 -0.029018587392011103 -0.09821053009285949 0.21238319699663916 0.05841743650775499 -0.19079734800407974 -0.015204340387350275 -0.08715171778514383 -0.1647384137917075 0.19906284916099465 0.0976308354511462 -0.06770578480756469 
0.11856356538786356 -0.06974852380289541 -0.07647015389714398 0.17201790014329127 0.1919600669316746 0.009300377888917702 0.1817460570316835 0.15567113926336829 0.0071177727177259955 -0.05050118608912505 0.08379623801569054 -0.01753214984041548 0.041711307998087456 0.19748170068456466 0.10941029530277384 -0.06588638491123106 -0.16504144320161593 -0.1260675614939109 0.01060378436190415 -0.03282888937319951 0.1202230039019744 0.17409633206044012 -0.12892045737377789 0.14431308787657834 
0.17899012958413507 0.2475280755027435 -0.18591571511956898 -0.17785797760681255 -0.19903635709840087 -0.07473944388285252 -0.17862780889579918 -0.08210123967797237 -0.011404734520659411 0.15499297287143085 -0.009100263585513097 -0.14425776156891892 0.04716421833495704 0.08495521195731716 -0.1559796018684399 0.06751825657544479 0.11064810899263723 0.13535751572551674 0.15669298331784487 -0.04687214671162449 -0.028865859429444612 -0.15991450894414885 -0.07236509132240054 0.16301933737063723 
-0.06387982169281206 0.1297264518622219 0.15671148701625415 0.15758423819443662 -0.1377277839985372 0.20364923262544304 0.0343047089361821 -0.11565669287862591 -0.07496663763080665 -0.13619813640092784 -0.027142022616808467 -0.13419998102622527 -0.13400746286970122 -0.12109072881369158 0.0760325359142003 0.08277327131251262 0.2175057355351732 -0.08999312822433582 0.05144218913557626 -0.18731864096689418 0.006393206363462402 0.1886074494285171 0.164179640246479 -0.19736739047025956 
-0.09861260468195213 -0.13618748427139726 -0.18196147968847282 -0.19724476659693743 -0.0038684115399329477 -0.18280137141203018 -0.0883478498263497 0.055583658673102256 -0.11928626573599525 -0.09183884397531013 0.035871416265981185 -0.024126744127196106 0.05802691326407068 0.004301188793246277 0.05288049032473246 -0.058234733969208606 -0.08484214971723097 -0.147046526758916 0.17567928342661152 0.11393132389177031 0.22328905911191482 -0.12587517085560135 0.16011446511993502 0.22168685050549286 
-0.09084842292405493 -0.07017866728901395 0.020335883749980826 -0.12591214902456044 -0.022900511564259908 -0.13383350097361346 0.22976476895705444 -0.002435996274209717 0.2367849132282352 0.033480858994066054 -0.006190081572346707 0.17636199171330724 -0.14299007576101602 0.026123398447767985 0.06435040720176013 -0.026178893997146208 -0.22757685687211723 -0.0028708935066650582 -0.013774279924935772 0.16750981232778087 -0.09707303711315983 -0.04304900583231619 -0.08293308659254181 0.07419294431389033 
0.21165905011738254 -0.1399609732697233 0.128641417536193 -0.1074294527420938 -0.17769777817245797 -0.16831380263135107 0.19735706653788107 0.1781804266929821 -0.09515283771283042 0.19079983869409278 0.13177704731199555 -0.035482431510781544 -0.012620534140077596 0.04317747651518425 -0.13696386299162763 -0.19535758638988895 -0.08929045695672622 -0.19508678949410846 0.06940264663991941 0.020350655465669425 -0.08460858028237052 0.11439275847370611 -0.15221899051260054 -0.10182286945950347 
-0.08272366521276706 -0.10685139857826081 -0.16547332079541793 0.14052307911864456 -0.1653714314482595 0.050514410290708835 -0.1522541146458797 -0.19702917437352344 0.0388384752698778 0.16530998268839495 0.17338816973790094 -0.08506165037643537 -0.19029293757769394 0.121202585630388 0.12237850390543602 0.1477552495539443 0.040646218204551256 0.10209949545854298 0.15953971924594354 -0.018250619679921143 0.022871321881435785 -0.016933617860696384 0.09819035582041168 0.06284474377275648 
0.07546756768430359 0.0697137864235895 0.002279755227615442 0.12945581347444574 -0.0869329637603029 -0.09698851122535822 0.13188005753552517 0.09102061478967242 -0.1625899320437199 0.09637836425771043 0.12852187203513643 -0.11092377506555132 -0.16726892377342756 0.037840584033329176 -0.11005268812066137 0.19209483655052956 0.0681105868809921 0.10931874534219611 -0.15737662482182577 -0.16696360374378416 0.1302650651185588 -0.0016375647781508903 -0.16575302096347935 -0.05117389336422467 
0.06845896864152419 -0.12417128487643961 0.1588192419092273 0.21362716836609336 0.18127910587179455 0.09173305846870478 -0.04532223780911782 0.12478520559505855 -0.07648898396438077 -0.07384763488675368 0.041983643549976926 0.025164927817625513 0.1853189155492221 -0.12449645966490072 0.0990089968685359 0.17694404263209523 -0.24145650824184178 -0.009440945704066967 0.06240951379576984 0.1700254216905877 -0.17155956698797406 0.14023318668791857 -0.053849350554884004 0.15485438776100757 
-0.19006676421601415 -0.1783000078163054 0.19379918151356762 0.04342060517722157 -0.03261817982757692 -0.1535431483461096 0.059490177093292136 -0.18627855893698642 -0.08815606113750192 -0.0702132116396173 0.04259954244240022 0.07281399559893405 0.14703568497201236 0.17232089640675421 0.06377757364489475 0.03377799571995161 -0.04058153333604261 0.2022746743977704 -0.13856816362167337 0.173763683150687 -0.07521360792090159 0.03545589297931184 0.07593824602815316 -0.10521670689325323 
-0.1330266494568804 0.004568406712960492 0.14492206075910877 0.08698292190521971 -0.1528348767888449 0.2050803635080517 -0.007998874960429437 0.20078549480827237 0.02783060392659225 -0.1667520979655172 -0.11895940823447083 0.15472743498280966 0.08948931885750509 0.15887424225566663 -0.06794183829566317 0.011058388180708943 0.0625708644708341 0.023082790171315794 -0.10723790972069701 -0.028966137974426414 -0.10051978845100998 0.1545480793690974 0.2182940586910242 -0.17418892191960042 
0.11981766140316794 -0.10230750785025293 0.049776301668882535 -0.09648116698794981 0.059995448014706125 -0.05114065628604364 -0.10807294117775906 0.1572863562222326 0.17146091922829426 0.04503449336258977 -0.1141042695696432 0.21906563805769233 0.08669187185797894 0.11900275054959854 -0.1152146663306456 0.1321722703234558 -0.09928996740293732 0.052246006490913044 0.08395100874307448 0.08198103295670689 -0.024338713473925272 0.1391302010435707 0.15341088682918066 0.034627521147481015 
-0.16446614712126165 -0.072601433397575 -0.15841544324985857 -0.1310029033776518 -0.14980151596176478 0.049253855706094266 -0.18528251338708132 -0.10316313702744732 0.2582423832814453 0.14952962697969174 0.04179462971443583 0.12117604162928881 -0.1836312083094696 0.10882818293556891 -0.07510002932902382 0.042328759242642996 0.046457609669039474 0.11750974374329706 -0.016380560170372076 0.28233346863805237 -0.0965765385818768 0.1022722383623997 0.14254865782353682 0.19078756976637357 
-0.18804954251263897 0.08975419835209801 0.025938346520833995 -0.0029887185150763735 -0.09604255282135672 -0.06886973720471039 -0.09997508906757142 -0.11216408144260233 0.11981880203244594 0.0009445719165814558 -0.16740931441383805 0.11064966159445888 0.013292663353457674 0.09548084176663674 0.006075324206079933 -0.03965625986546443 0.19577876332539818 -0.18984960934049433 0.17391739511811438 0.17313835134888475 -0.04325294022121672 -0.11410544585523466 0.0472932991679492 -0.1288768534846686 
0.1141289347830872 -0.11105192403401593 -0.08332963909426946 0.20084485038471112 0.1617468533867885 0.022332285927264283 0.15656333173489792 -0.05857937967808487 0.23240919258499748 -0.026238478602042623 -0.08171966655669148 -0.19817334636348807 0.21810427145611133 -0.026779084705605114 0.09354614185106441 0.06748666198355724 0.08656056216299993 -0.18050159986059347 0.1687285984138586 0.1976913612854692 0.02945065838104245 0.2087736117078669 -0.10744673851515821 0.04048972406982844 
-0.04104372195678987 0.11500475598277513 -0.07938137822459967 0.1954164097953942 -0.17287679905621992 -0.1842745016969185 -0.181202031223538 -0.14003949050548567 0.002242210580440172 0.14360918165928724 -0.15616286799832146 0.008497380485467838 0.06770815333244748 -0.10832570883357157 -0.1206848226815034 -0.11162816651384606 -0.1834800081274465 0.08492575194017295 0.06112878929469016 -0.02223863656531858 0.04117756367181761 -0.1564964431696487 0.24815575879077223 0.13926067243088822 
0.06320824071347572 -0.05066878050626911 -0.033041900024500755 -0.020055441692794104 0.17494589167649655 0.19762349607533578 -0.0221447917815112 0.021559807393253475 0.16791659580295562 0.1989472621799293 0.055267996237752824 0.11068068497941469 -0.06462479737841438 0.1569493686378286 0.13484739396823453 0.020583383234015214 0.16521716159974503 0.1318126378199732 0.12336090556412552 -0.1480686154877267 -0.01564225224164799 0.17789509788307575 0.1185653103678056 -0.03139338379627008 
0.19235460143049377 -0.09944648867383722 -0.06615323328428188 0.18267169153519586 0.12348399611240654 0.16069714440926228 -0.1966645420810611 -0.047701154770297245 -0.10559923317083603 -0.0812684027704361 0.09491991328692988 0.08931882199319935 -0.015094215244327514 -0.05348619932153733 0.033542307509694794 0.013315883864483385 0.019998136991113177 0.045802969912575986 -0.0413681892701168 0.10852262431508199 -0.09927310481846831 0.0618973788052387 0.18520429745405662 -0.19995488230143332 
0.0695342835636885 -0.15510731106785428 0.017306714591840338 0.05036737130159153 -0.10260285729435865 0.1543056338117501 0.07022861180553991 -0.10714433403747994 0.1387829107961832 -0.1583158637380959 0.021840104215733486 -0.19633766844133305 0.05614469545959323 -0.1422761104237776 0.059379076133309054 0.08599662866678909 -0.00985370908278394 0.061785803796725006 0.12533820584877836 0.15111710117556842 0.03537058457621971 -0.028498418535298272 -0.024772414464665545 0.14790544004923983 
0.08081309068954086 -0.12605563869798908 0.026008972981665948 0.16414733855682415 -0.1399440894935865 0.13840451360261147 0.1281371715906491 -0.000259840575003442 -0.18602966865953674 -0.1412384106567742 0.1697862706746871 -0.18334380192755992 -0.05060101070205509 0.0472240162924355 -0.1211912330030757 0.1936638365878904 -0.1377985413206489 0.015679645311331324 0.04681379422245214 -0.10742889172718793 -0.01330925790956731 -0.0035474068359020883 0.1065617590281344 0.05330851133890917 
-0.012818169387514376 0.02699308271300841 -0.01842992272273518 0.010152886005410639 0.06302104205273175 -0.12757073984006187 0.10829348723815166 0.03515245901942697 0.20138151640969712 -0.11090525478591759 -0.013326082190207493 0.18643039585997395 0.040205631263100484 0.10839929161878978 -0.03419387142631647 0.09195975793812221 0.1879313154619913 -0.11988075526720986 0.12293734729342014 0.21560535662389121 -0.19544492322134943 -0.1138043921985267 -0.15348440434094696 0.09088349135622907 
-0.1682139548454961 0.20076114821161642 -0.0437738066562477 0.1626781995707288 -0.12458023212553967 -0.02338802225162183 0.1381179987126489 0.037751273836332526 -0.014952212189511753 0.004991669755273515 0.029246963120918165 -0.02360741411219213 -0.12256315948537258 -0.15487250576549227 -0.13972568034672908 -0.17993785517412283 0.02320894875361367 0.13929895807114132 -0.05594582046885176 -0.1706226546794178 -0.029401933220384015 0.04043443953174465 -0.029529448570754898 0.12429627232232554 
0.1753553156411781 0.18402225696920216 0.0812421047314968 -0.011730662027764271 0.07269038280796823 -0.19591586570506547 0.2339654171571993 -0.1312664915000995 0.20088015727873318 0.1160630653387142 0.11648394684805188 -0.12200092466334811 -0.1122101942437131 -0.08199100554354255 0.13293324414797192 -0.01961793432641911 0.21782088087046275 -0.05852068566862485 0.047364659520455155 0.1768159231409121 0.043290217733592914 -0.18279480439774345 0.005101923099840829 -0.06569614904964635 
-0.001576647945134005 -0.08423068260415294 -0.15149735022191604 0.06691407901709368 0.07215360193896858 0.12962926697184116 -0.14738213319100998 0.14625205430140806 0.15805384347030377 0.05116069191206902 -0.1179645248649359 -0.11892714871434963 -0.02206334824154928 -0.004343675125312328 -0.008907746646976389 -0.012853843990308337 0.12093507353347964 0.14668469241587093 0.12673987755006486 0.19313567487544872 0.01958631323885453 0.19231234133116473 0.0584718835467009 0.030372989153908625 
-0.07188990655142358 0.15255779736668315 -0.18015242111697444 -0.1465021492361111 -0.14825183017733545 0.020225918445906772 -0.12994680034579548 -0.06313518758003309 -0.1288260123468408 -0.10632084821015803 0.27764475120161897 -0.06780323231869385 -0.13978796571314459 -0.05481838195274574 0.2701989249634538 0.09027392710611128 -0.12277953962561602 -0.08611950757965103 0.10449003393111882 -0.10359652298168154 -0.09805192074803616 -0.16704380013571882 0.2331847755843075 -0.020601304090933626 
0.024442836861578193 0.11421460800955237 0.11853535814266178 -0.020756231381250885 -0.1263827479292369 0.1349485187161299 -0.18872264997066004 0.21259466540844837 0.06983811883366786 0.12352686479429034 0.04304733181578996 -0.12537780178581498 -0.07480484935470032 -0.04382862426775411 0.22382483737572367 -0.12623364719392055 -0.030272328630749044 -0.06207793343302337 0.1077177244640864 0.14880193943986275 -0.05759354190010874 -0.11828801918986692 -0.17397723954212166 -0.12050308966712149 
-0.09073328720020918 0.01073008016088629 0.1859306625001284 -0.1490695598790123 0.18597352067080344 0.04784196429607613 0.12581667860481047 0.23248042257440893 -0.018629135372295373 0.012475339780901535 0.06556870377372388 -0.012946657068009435 -0.07999190946909161 -0.1583657064852841 -0.08569134608562194 0.09983755320094671 0.022096858613088143 0.1048853474750844 0.0067574557110152015 -0.1069806782066977 0.03920247602486576 -0.07802669428122208 -0.20140479484772988 0.15839558064070472 
-0.031529976711751936 -0.03192289332868898 0.12258843402535022 0.20038316577653664 -0.17176305684932688 -0.11637443055858901 -0.07066294117457524 -0.10867347498805438 0.0021582781577434056 0.129862568517329 0.1418374123611963 0.040178696902702815 -0.11663779918938448 -0.15376732628739773 0.09709379376020938 -0.1049162542298545 0.01342149900201714 0.09173535074263384 -0.10853571478339631 -0.13028382638816965 -0.18514999765433052 -0.13989255756735142 0.1583602820741236 -0.15867060101535388 
-0.11039544425157959 -0.1880031959860379 0.07014739494654287 -0.10714092219635676 -0.034225074111519135 -0.14456990083433297 -0.048717553029214496 -0.004754967434977134 0.03103496790002656 -0.03054735926461224 -0.15943593100119863 0.07909189778900388 -0.14542126824302762 -0.07601548548057423 -0.09091231590320713 -0.07923049663218205 0.03045854184640356 0.007020645835331018 -0.12396894708280917 0.014820606703523571 -0.06377813561475251 0.04840408375056178 -0.10940566935675815 0.10480217402291755 
0.010357739322770494 0.0002443317111286098 -0.0982722363254561 -0.1255611815806364 -0.01112939637644834 0.19396859798439778 -0.1471688278631912 -0.08628242909625182 0.1202155236201955 0.06550719477611443 -0.08817472665610958 -0.07375520296970965 -0.03169745511670653 0.04074472207733948 0.08740919053015006 0.14318917293503247 0.07205402269407915 -0.10500988812443011 0.17104341080931196 0.1123513205200312 -0.07667125614858955 -0.07764116235376357 0.15289250899385998 -0.14994482661982927 
0.052980979386489 -0.07143906626037666 0.1309736267735329 -0.053786238103657416 0.09305523674625986 -0.12633811630805583 -0.007323834018453487 0.10711501653010323 -0.07242111978240698 -0.13552651326134466 0.05918524261295329 0.1387334275636375 -0.08759770419491572 0.005941882115831449 0.1546308617674125 0.1916806299083156 0.09701155077606403 0.036012310519887396 0.1269944356731018 0.1725962025780272 -0.20038382756776738 -0.04073893448929284 0.015648170952272927 0.09327957295733982 
-0.1656632436993968 -0.008316262351829862 -0.08782760641945185 -0.030281800273522883 -0.0007971958951467373 0.03273283277679193 0.034547073492760094 0.04181051596686312 0.07333607588968602 -0.028365897845334373 -0.1993726163239181 -0.1701670772193239 -0.07922916622326621 -0.14145136761289395 0.03910263305716978 0.004335981559814579 -0.021475209079471435 -0.07126784873285838 0.06089584540582574 -0.1238894020304499 -0.19900212353760163 0.061739935452793965 0.011978078535743265 0.06535035890247473 
-0.10890324575026473 -0.24758990920298715 -0.048361867975797654 0.11518578967913637 -0.15941076121921544 -0.08627769146295758 -0.05005858926945824 0.047110587195530955 0.10185350072739513 -0.2012100988762415 0.0469809739587488 -0.018775339941964033 0.04784630444746145 -0.1355366518742273 0.029549284091807033 -0.12607762501438638 -0.24415158479377685 0.006945873931266938 -0.12636240283561878 0.050785749423385367 0.03250137697408236 0.1587503823169653 -0.06090392003742418 0.23093455657845485 
0.02410044901345356 -0.0304640715369535 0.09422284130176652 0.03943775238010542 -0.054608585852854614 0.03825944986348781 -0.13534955016614128 -0.0858607660245303 -0.2250769533290622 -0.011755489935903692 -0.10582463076088588 0.029843752144275548 -0.18669807555895376 0.039153981251731786 -0.08244871021579873 0.05728832832887632 0.11635142072164636 -0.03561401372160956 0.06485835871876133 -0.11717783924635289 0.26628866811157065 -0.1386599471269013 0.17801555901284288 -0.1569702663130183 
-0.01123498475897195 0.07771543902016056 0.10022293732973413 0.030500578300878798 -0.03626660301352551 0.11448928031307262 0.09149143687756225 -0.08229367725924135 -0.07417042666409261 -0.1744073705671182 -0.06429501250291603 0.08403628180745519 0.07974998742995702 -0.10286429959567193 0.06865680500891938 0.1197665428736172 0.11623903105284986 -0.18921958110190462 -0.14154507872669977 -0.11317918818964297 -0.19941534123624785 0.15172731266139516 0.11873585585513059 0.034512969989483874 
0.017059759821771072 0.07753147811992107 -0.078759166603428 -0.052903958838533285 0.02966580697429342 0.1439691550124174 -0.1193099693038053 -0.10283540367951005 0.0801054414583638 -0.06322589185158398 -0.18193151578590058 -0.12455282826412171 -0.1224393148127282 0.025228933711169813 0.04633813546634538 0.19531248273837595 0.18299829380355237 -0.07675985934097616 0.10112132787381063 -0.09653847072968369 -0.05216708164883132 -0.08255775515870517 -0.04371754861698109 -0.11400404744271543 
0.00956035872058527 -0.23441445585223106 0.21947742717311275 -0.02131100567229102 0.14588590224420087 0.16686651661171994 -0.1326376212429491 0.03501417197322169 -0.014317227507273234 -0.08319873714987835 -0.017348407447910507 0.17204634793792434 -0.1430904060474769 -0.15240810849386774 -0.1300955648658012 0.2071540638141705 0.21759566725766816 0.03013780367978759 -0.1472089698529226 0.023565402905696472 0.08826932727991439 0.19941007012990863 0.07590162554281547 0.24727433787712258 
0.1320314402863447 0.0756524462686723 0.06578608487820989 0.06629829483357386 0.11873311490372983 0.2739811261562903 0.11694692508680268 -0.13767045972583547 -0.2667065561234811 0.23916912192034329 -0.040638217818711665 0.10370129189455736 0.046920424159504114 -0.12904988815136467 0.13251432178225195 -0.1349676387179888 0.15718815732315733 0.06585796410338308 0.04838960874912815 -0.03999157431980596 -0.01820358332351154 0.054128964042964675 0.10196126553367652 0.09692676355423482 
0.057248807939276745 0.04126765575180794 0.190005744897945 0.09674395607933005 -0.05763164445467296 0.05020879989733758 0.01684284650790477 0.026899152670357758 -0.19744946569465918 -0.22855403432430677 -0.06695821672506329 -0.02972835990021598 0.25879199747234105 0.01304546888950437 0.05014492307354729 0.04588812279308065 -0.0847468232130384 -0.23488157813239327 0.09767553423988715 -0.10861395660528649 -0.04024880608200427 -0.142950772725494 0.14750827670225714 -0.18686550486189973 
0.01972477846950012 -0.1950957168772689 0.19446570075769776 0.05862351227960402 -0.05323879454522728 -0.1415448549652122 0.07175311547350047 0.1962768526035917 -0.06320281444504686 0.10641229011325658 -0.08465954301950185 0.185019430036932 0.10752832331012697 0.03884568032266855 0.16650649228388015 -0.11946284467212355 0.1654547853805263 0.07083953264761995 0.10837886035081101 0.05018820143093721 0.10972710537054646 0.07059448157129686 -0.1416013996115041 0.03529576245577771 
-0.1861213233674085 -0.04971457216621638 -0.2759827099571605 -0.15691676720259765 -0.331962720200981 0.33630261416897467 0.04111370011800244 -0.022558864418097943 -0.3281036396282214 -0.041303444091986 -0.03201719622447158 0.36753319283642605 -0.14946502291368471 0.040803965252853645 0.11247539514103413 -0.21585686525972117 0.018251159227322986 0.17664028581444055 
-0.2854902180851494 0.07189693896302056 -0.37731005753667496 -0.37793526185983556 -0.3047610050673864 -0.012521394523967385 0.333059531895948 -0.016921759963043067 -0.29381268343932354 0.2677168384829624 0.012992122444297788 -0.13643400497018704 0.36593646381379596 0.33808920084787614 -0.16422897907167427 -0.20506982345545788 0.07211728346081256 0.26162706384043183 
-0.14854184074969617 0.05851433455046608 -0.2450613692429497 -0.20982023499135213 0.17907766991526064 -0.24098312932712046 -0.2189123208740714 0.1607351951876145 -0.33620704262613427 -0.34481336303338855 -0.14515031789477115 -0.1245908704591017 -0.05769865785404276 0.2010590235907078 -0.32141202985965867 -0.09626830243050633 0.09398412340770676 -0.29656696545078437 
0.2845043197534981 0.09898841191589769 -0.28766188521708735 -0.22643576797958898 0.1680623736707364 -0.0654473896812019 -0.0640124333048226 0.24232825132314656 -0.24986759771417255 0.3251130370431023 -0.3167078715416299 -0.3363300999727022 -0.2402452410606378 0.2584848097764765 -0.029772230963786728 0.10427275834407106 -0.2240035566827467 -0.21312503732948737 
-0.01039406249840294 0.1644461189450402 -0.058044673956478304 0.2548264198433937 0.1092001021493001 -0.1718244098537162 -0.22029902321372888 -0.08488295561127708 0.1757934460645007 0.3480067976620205 0.2709359371822141 -0.138802716810902 -0.02881461008718511 0.04853584778329041 0.03160599153322315 -0.07510356166773842 -0.27520669940108733 0.12008120374902406 
-0.37164908836797084 0.2523411503463199 0.24232177865403845 0.1262601619398167 -0.009135054790462093 0.13592687780027565 -0.14280817392203457 0.3212241103584336 0.1965583365181781 -0.2164860143491132 -0.13848642443461703 -0.06978959682910832 0.012999355113947201 0.00473922347415894 -0.31737440459761906 0.10889568716731624 -0.22188540608430038 -0.10784087521167036 
-0.007161009447191081 -0.10291252907799588 -0.12022169283518218 -0.2198136836501289 -0.2986855198448133 0.034603073947544576 0.10034113171515217 -0.18117966097057034 -0.1844557159045258 -0.1692613389348159 0.23139289381464465 -0.2717232104200659 0.04847195044326836 0.060399244780479214 -0.10656273934668396 -0.10161278397492347 0.35016664179929635 0.0475365537697408 
0.16287852388103882 -0.006228683675094799 0.08096655505579774 0.062230001638225646 -0.24443978431269506 -0.11257948305232544 0.0004834993843485808 -0.32828820073835246 -0.09305644399672455 -0.2470996914991523 0.2504651495985614 -0.15995712930467715 -0.24065624775157954 -0.028694973823085387 0.12481524982637981 -0.30045666240594643 -0.23494900764656543 0.18889255566774604 
0.18361682487968786 0.07991366885239118 0.25180456465371037 -0.2608165525901627 0.13897124256565035 0.2883746912954698 -0.25642545576763504 -0.17344066637775066 0.03932592630461083 -0.11776934718642426 0.13749822831818095 -0.3250794984365404 -0.21872687489759018 0.16552522361138267 0.3260835619028367 0.29704776788551024 0.3030009486776352 -0.28637889319081 
-0.3128041291109692 -0.29576636454803873 0.017457298072697938 0.25209283999552434 0.021427199684978932 0.19327824929747778 -0.282787450277244 0.23405988468488667 -0.21483294599501687 -0.2665357277073319 -0.05311874505386738 0.11372675079345772 0.3914635136239576 -0.3664959406981469 -0.15458166533084944 -0.27261044520247923 -0.07312585000756713 -0.22128506149696037 
0.033387107689088195 -0.10323578256347878 0.2917967904377561 0.1990223997817792 0.24878237111887724 -0.25544841268783397 0.11285490971390076 -0.1477607742956243 0.2538597389443495 -0.3803141663644184 -0.2721617770935856 -0.10405543305455461 -0.06706496454150426 -0.13089761275068304 -0.2789814679841582 -0.26302188517268726 -0.13989824717400134 0.35140489398513614 
-0.23346909374927044 0.16930095393997888 -0.21137692346636075 -0.35737333396410736 -0.33552469154904757 -0.23915368554395783 -0.06703352167284762 0.2359108690560358 0.16690980529688174 -0.09250202197830755 -0.014379206575687413 0.2648105095445782 0.3095653682431199 -0.15573179255651012 -0.34388048283357525 -0.31366580465643773 0.17335777883116874 -0.1952135015571222 
-0.008647953086345781 -0.21161160444901989 0.2323517778853171 -0.01940515060626725 0.01829817481343535 -0.14476688910064306 -0.013870767778457254 -0.3198562695269589 -0.1482111434073227 -0.11810395132233661 -0.14762677837484764 -0.3097450837380304 -0.023314596914453867 0.22121046055669513 0.30626397108662284 -0.0018219548768584955 0.06350947408051727 -0.1570501428292275 
-0.2725840551936921 -0.2537822537026668 0.13275551617860262 0.14494633163371287 -0.2204828357481339 -0.05852128623915541 0.08023552888072155 -0.29635848657007896 0.20699408212865406 0.09597581084619208 0.08251718479924311 0.17921856289321 0.4035112204891393 0.052746776931821934 0.2511740620727662 -0.05501342097650133 0.11376006810488075 0.30055312759542396 
0.16653145144763343 -0.1343868296916971 0.07602108933732972 -0.1011308046753329 -0.12106776052627535 0.07474791182624524 -0.21386115721094687 -0.0018605518930917139 0.30840948472659474 -0.13036950818692203 -0.21375739278571232 -0.07280782313698554 0.21352733764750442 0.3023526577237934 0.22549129645039057 -0.33876830305375166 -0.159445178730867 0.4201316345259911 
-0.31843141124228225 -0.006666712614983257 0.1755396932353393 -0.2605717024767306 0.11057518340935842 -0.008019620191773949 -0.27937124883894054 0.2532428566056222 -0.21898692293807737 0.14843768114567116 0.17331859372901304 0.09891093911913129 0.12019216864934187 -0.3204531537196661 -0.13096113481176674 0.058877506344969806 -0.07087242761743326 0.06970625851740363 
0.23872080017665928 -0.21287661108353337 0.2625150013102594 -0.09062222083396727 0.3066356023855902 0.07965901625056966 0.1622420214961714 0.050175922801050404 0.020989824675023316 -0.08032556323052406 -0.2555441707959879 -0.03145920381231318 -0.16152228472850202 -0.4034627280875822 -0.1539097961379913 -0.21962472180578663 0.29001742454918705 -0.36837205268625073 
-0.24719601805581767 0.13930540810597566 0.2705202329577621 -0.17017771077797605 -0.33180584302911953 0.3189251137845183 0.07301095640867705 -0.15798932454191672 -0.018613135054187782 0.1323903566085046 -0.08565213840654622 0.33745738520885166 0.2181614897988922 0.2865805013457549 -0.10130458064248886 0.3024315761329497 -0.01407254136251276 0.049334835740705185 
0.1567348589246567 0.21256897762251284 -0.07032872182014177 -0.03514370776686602 0.2181222944439135 0.1486717293970795 0.3013456712492894 0.33244269405381693 -0.22078849457244423 -0.18173587191281323 0.14758336067381342 0.17874257402316043 0.06613775810076708 0.2560598220194878 -0.1698078640596859 -0.10926940496091496 -0.0035995492787680903 -0.13489701350649758 
0.07425186471884515 0.12441078552798542 -0.20548336516275326 -0.03250673347569554 0.34192790864963574 -0.1198298979460741 -0.39652578900622903 0.21738740201182483 0.0022231266332187224 -0.3719194840698874 0.2819288454910207 -0.10853756328277717 0.28476371866786954 -0.04154894711359414 -0.29254263102638656 -0.17445964141245068 -0.10443420791669983 0.2260490870260821 
-0.2666972534047155 -0.046667307639684755 0.23739833022708143 0.001154198876162638 -0.2739853937733937 -0.329524152043742 0.12072953569955092 0.43028158414922274 0.2068489820102931 0.211923720188523 0.11956011177974607 0.25690640271909576 -0.3169458106163889 -0.18130468143521467 0.13333479733379253 0.2529811885348136 0.1434667879284456 -0.26887734604841246 
0.32394010445706767 0.2785880517092495 -0.3412018531131919 -0.24416588736057615 -0.15369744438413782 0.16313913374177938 0.2358594551506191 0.07116580694842724 -0.20628981642749603 -0.042816844420996245 -0.2693778799359091 0.35941921390672915 0.2336376246827517 -0.004248802803596129 -0.031328566593658146 -0.2777278669479602 -0.12361470819219299 -0.3293835158928367 
0.2204554925225123 0.030284573833951306 -0.24582058538686732 -0.21989772494091248 -0.16396557489999794 -0.13038366276603433 -0.08834754564234695 -0.09424165079031731 0.13217785334619547 -0.3557636183467539 -0.11710695648098787 0.1909328269509929 0.3555123185875289 0.23924157622492426 -0.17757326951808383 -0.18308088064069594 -0.22792545188291452 0.287543832171085 
-0.21259092309938382 0.1768821111349407 -0.19960746733899876 -0.3234639032489806 0.15969247881605103 0.15466482912576118 -0.38873489452575266 -0.09365146140984777 0.3233293244015344 -0.22785043041724248 -0.28560110865982635 0.0955780178803544 0.33039434100109244 -0.290545530263596 0.008755678908258324 0.12546080522931877 -0.2257483415545466 -0.4010697537845155 
0.3265887057544431 0.0856749859462368 -0.31657432289814313 -0.30802488542765244 0.08769054701034608 -0.2393251746486713 -0.21312324819186715 -0.3163391256895939 -0.24208713584500458 -0.014590566817706683 0.007732376738166721 0.009069893249125752 0.4582525824885803 
-0.2981710631719609 0.20476755923524811 0.23538834796957314 0.06695477204282937 -0.029260738110536106 0.31711009384201727 0.26353127962234557 -0.3635519589428226 0.37453335364038154 -0.3991188067902709 0.05762467635501182 0.05706834214001709 0.2686091756616607 
-0.07637137714765005 -0.3429785580220833 0.06441578882857077 -0.3741793419081382 -0.16066099401662431 0.4686284497422022 0.34356193760782755 -0.25876656218832655 0.23112689890173907 0.2409677083055966 0.3457866285423449 -0.22059479176737473 -0.0437314546305081 
0.276139437590083 0.1329026905041846 0.07415587535989818 0.14597768483889764 -0.22609996753906697 -0.3789021646307189 0.18859438890920502 -0.12925933939786288 -0.1000395856162201 0.07424045288490988 0.12472702940445042 -0.23811848532966529 0.2535941874193681 
-0.09477943251544713 0.1043388606767805 0.3773705022297663 0.051009078230365934 -0.11182492864819989 0.09412152289579451 0.0014030179171632953 -0.037435393811741685 0.18536077546706994 0.3427348215024358 -0.01625077784082319 -0.3322245739265568 0.054866100636668046 
-0.20385635676783098 -0.37241344601839615 0.23080533870419798 -0.18127556402790815 0.2217801187121195 -0.009235490414049813 -0.14476531731462955 -0.14791825315751306 -0.37038890465553587 0.027005684228999734 0.2597418520615213 -0.3357994821634986 -0.3154755046886928 
0.087419791175055 0.1207350072847216 0.17499374566778816 -0.16629014273445442 -0.40534177737678084 -0.07718739143206933 -0.21060188025556775 -0.4407252034465036 0.16635243649569564 0.41756619806723677 -0.08603957024822062 -0.15899839793680354 0.04930717466563887 
0.24967896723921137 0.23885495691339476 0.15196552423692877 0.01591631657912565 0.09329154913704801 -0.1738664504600009 -0.1553002844616598 0.31969632948541216 0.3223903737898109 -0.37580691703083197 -0.1624206866579269 -0.40005560076977986 -0.13514198974798755 
-0.23449532376027582 0.11209423188381697 0.16699103044869548 -0.31606356772570093 -0.3363527956619803 0.3272805190511631 -0.08756608023173693 0.02198040914403369 0.38388412399350097 0.2148471002210749 -0.13863850042704873 -0.3341879155126328 0.033357719279715176 
-0.16547672628060767 -0.4050332949518142 0.24687241075668817 -0.0717991403678663 0.0327479601261426 0.2543666503019868 0.4221810864747849 0.13175156321643608 -0.14838999467381478 -0.3436108514358585 -0.3440314963748454 -0.14335088906996393 0.1121401394767742 
0.15532405027476387 -0.2424131338418393 -0.3367063549802361 -0.137798510085175 0.01672910965652025 0.23762471925590045 0.04199735891224972 -0.15327669132602337 0.0982860278811921 -0.2127124595263357 0.12113499875944593 0.2747711409572294 0.09146731870777343 
0.0800896675751053 -0.15968861882030413 0.3363652634617715 0.4770862310307332 0.1969695167625342 0.11169641391707175 -0.2738831033933355 -0.11249238789251477 -0.11965564173187836 -0.19865490470705743 -0.04251075249890637 0.0874633454958209 -0.2995257459038248 
-0.21558458614526085 -0.3291467561495856 -0.15128813918370412 0.022241409424239297 -0.034041812073480705 0.46038924968591943 0.44835909971749344 -0.03062706226059984 0.4267620362519044 -0.2531206569929697 0.03230335810301195 -0.036599162409687865 0.3870523856439446 
0.28464187859454854 -0.24273089155093194 -0.04818339151742582 -0.31281026175836146 0.046352634624995656 0.23701291267639094 -0.4100076500082692 -0.31209524986455645 0.4495875249483674 0.42774301972899276 0.04452285115299361 0.11583613275832746 -0.17926355592732024 
0.3655217206940336 0.13486691883514668 0.13247968358264725 -0.39599829350952465 0.28385292860092254 0.22280341572048207 0.14707105282780134 0.1922661648263742 -0.2760252618682594 0.17442480513967368 -0.325145326729088 0.16485625569168666 -0.4030236672215851 
0.22107554187863335 -0.006610645213747545 -0.23690368559993377 0.1829087703834152 -0.14660487899338276 0.3092010925740481 -0.2566442469839081 0.35432918208298086 0.38096271431879986 -0.15561689762193195 0.2916658891800774 0.2750016164847516 -0.05941383885861686 
-0.09957946361740028 -0.17471929003003894 0.3995970339281003 -0.2356400205216483 0.376996771991209 -0.08476964562442085 0.35098448607628746 0.2544557342031807 -0.2873042971862816 0.08717407905961108 0.13786813024147365 -0.07434965961278064 -0.40838978108787 
-0.17154688074344046 0.29006864338511 -0.33435987312870813 -0.344658816356768 0.17424611822367628 0.014840998913657187 0.0114031462204048 -0.11692019409250033 0.11112017113344388 0.3235757346815247 -0.17790892067486608 0.2771189963575397 -0.07578475926732432 
0.26658936276026557 
0.028983083173243128 
0.5218696115560547 
0.6720221538640674 
-0.021372516173356962 
0.37374632666490004 
0.0660591268000843 
0.3009225540396858 
-0.387805941007233 
-0.5378823568055793 
0.5828150974038644 
0.3792875803439241 
-0.26625686022641026 
