98 24 18 13 1
-0.05659513322367582 0.05333416536867824 -0.23513743339668003 -0.11371813211904024 -0.1848464126698525 -0.19917147297156979 -0.11351686059625588 -0.02127328761411807 -0.06670808605493722 0.010312122966573103 -0.03384099204432274 0.09699384282463597 -0.15238302271999918 0.17757793056770219 -0.22644509908565993 0.10248083679660057 -0.05678096003126314 0.018657132998207444 -0.14435177899153057 -0.14544319542066098 0.1707329338079046 0.2551240277614263 -0.06899725710338722 0.17816319673401268 
0.21360943337834182 0.12794461951357927 -0.20683782468502024 -0.2642617444248348 -0.1322583091160481 0.21712357595823276 -0.2610176091514626 -0.10898043657095063 0.1385629963953062 0.030144504370132146 0.0833573602758367 -0.028501828692265543 0.04167802355906731 0.21738339093839376 -0.2386882993618228 0.1644100803639166 0.23584230592691915 0.11763601063259281 -0.09766548427755663 0.10287399515079085 -0.12593027890111777 0.00898777067040378 0.1599516010840573 -0.01692650357497519 
-0.10304937241423222 -0.20376015263503527 -0.22792797953422403 0.04089067916510553 -0.10586023313997006 -0.1062876609709506 -0.09370777422316737 -0.23519895553703443 0.05192558053421159 -0.14280031540848195 0.11544951474785489 0.08810945204572793 -0.2240221555434164 -0.039708869865806684 0.04333373568121797 -0.013128847343457255 -0.2383455322049993 0.06086330455904141 0.056988675378496265 -0.03556386107053408 0.2027999846902624 -0.002025538026785274 0.20346504116652547 -0.13425992409755377 
-0.07966980547831698 0.03919886703219038 -0.061180726973379174 -0.23218007371113195 0.18240016662461506 0.04114361107402711 0.05855175632468039 0.0922198163574927 0.08703958291341747 0.10696177905316538 0.042847893792896455 0.023664508867340447 -0.1873460781150645 0.26968683540762395 -0.07550311212108891 0.3015944274538432 0.07180801774695919 0.1102694189749911 -0.1661077135203055 0.18415261237468772 0.08638961341267336 0.12863024597061923 -0.08129563501041924 -0.03747177055524871 
0.1833610254128504 0.01767436465470153 -0.25334485651510186 0.04803396136358167 -0.06795690342246563 0.025476306981893217 0.1659600471169852 -0.0515345358041854 0.19405497319029366 0.07066013661646527 -0.1895170601779926 0.18175326968448505 0.09417229413012736 0.20341893713293116 -0.10671689719478104 -0.1392002699530157 0.21025436086703345 0.08489652448659266 -0.18610112096938272 0.13711787984146362 0.1165259598923975 0.2499022594886408 0.09528151087617247 -0.13744005347033625 
-0.08727176299290812 -0.3340576734168776 -0.20051346093747568 -0.1882879921585016 0.1828667295554354 0.15221620547002976 -0.04501642437130163 0.13933186722718935 -0.285131250383744 0.003006833787909251 -0.08086137556514553 0.33406224648850424 -0.08129648738689547 -0.08908643011186379 0.09327638226315471 0.009515673617728886 0.17874710460664836 0.07463277746244987 0.13775073911971275 0.09841745829567616 0.15985968987821153 -0.016668536128562214 -0.2825759083702022 -0.1292412685816912 
-0.15508361958836406 -0.24959359603502246 -0.13686326585006522 0.0504365708753001 -0.009682712745094833 -0.10354012391384153 -0.23168762686703606 0.24325774419587506 -0.02382724887267687 -0.1930546910190276 -0.20630689951851278 0.16828218425692673 -0.12977229201433252 0.09020112195077237 0.19712592115018113 0.2172085268526288 -0.09968265008088782 0.02762273194432582 0.04768023698232771 0.1806320123868029 -0.0905627352192395 -0.1437024433961051 -0.28505308980155497 0.04981437057835702 
0.14431948883505277 -0.0777106848561525 -0.07279709959493975 0.16350116859888092 0.016339353786645232 -0.07756691185444091 -0.0271425469063704 0.07204033846817888 -0.04334005959713241 -0.07361707232930462 -0.17453890912649903 -0.010521894208693363 -0.028897667387401637 -0.09767807345005247 0.10104040300651172 -0.14820964804106648 -0.0550841601822513 0.1412474073482567 -0.12281205792849724 0.021844969555423137 0.07247585048227752 0.3052840441049999 -0.1613457519428409 -0.1483110236911479 
0.08473469470971605 0.09855007438843004 0.22226605586033021 0.17617371594409406 -0.19597055370214803 -0.08187951666892754 -0.001208515869810912 0.1415342171184906 0.16225267266253238 0.022451682722294284 0.11115069998623746 0.12042904722252445 -0.04881736962686842 0.03744998958691642 0.04143173293887026 0.07901399892326758 0.2588915090394852 0.21182393392734877 -0.041756585698872584 0.15003112998913756 -0.14015823201184835 -0.16336193631240625 -0.1429683142347145 0.019195477731002646 
-0.1928682990817989 0.20757574965483738 0.13114746000548066 -0.19553323062322434 -0.12980339547453593 -0.06689475879313085 -0.14817216828113366 0.11690178368155608 -0.04918615456415648 0.17852410464571997 0.022439817174682932 0.1484550821543077 0.13478181936647066 0.15558498014729694 -0.015886626073546607 0.0003932428103652919 0.11568860977428944 -0.08552461038695103 -0.0038535548795208285 0.06724091706074758 -0.1953225300222432 0.026610550447147448 -0.009439150984041255 0.1161082495367901 
-0.11479261520227682 0.1602984869695681 0.03088625568084992 -0.12247410525835556 0.11912996146563908 -0.006560713248059802 -0.2143329759614794 -0.021826534767588623 0.12410346212842258 0.19971971382366416 -0.1649552609221875 0.159881289273145 -0.10538854531900105 0.15640712288668798 0.017168699042203174 0.09883057220478131 0.003939503044446341 0.15565332837412255 -0.0935192393407813 0.04082473186665836 0.11111787073872008 0.18278567590924913 0.178588132614637 0.18009483036675006 
0.10673521113265244 -0.0802295814380293 0.050786844283361374 -0.03111018727590397 -0.06296703911021806 -0.07714872263654843 -0.0029176278986060298 -0.0006900134081449817 0.09252931399619425 -0.07757565136058779 0.25934456695410013 0.04117199886215548 -0.1442933617946465 -0.0733968761310421 -0.09315712040250633 0.11128645926511381 0.08508315088682455 0.16449038230400717 0.06480201781296509 -0.04337469724952878 -0.13491745159660895 0.11549367985758975 0.06178666342239814 0.18190552619397332 
0.12097004105259397 0.13128357601709945 -0.03233781110107016 0.11576435245631383 0.04500234861857944 -0.12492362620245807 -0.08599500959001395 -0.25615197140132756 -0.13105602153085474 -0.1552791581131487 0.25013263644009337 -0.1060923913126706 0.1639816875001463 0.22831464578428257 0.06654413729376647 0.056013204884133964 -0.13102538308142958 0.02428968901339868 -0.06163773006152983 -0.18093321591356168 0.15458513643030966 0.006470295193555856 0.18470425757931658 0.27914635102078844 
-0.09262729337376362 -0.229377342936156 -0.12300320160637639 -0.029690474968232093 0.07516331124835514 -0.17955624939919948 -0.1578141314214111 0.20074257099260853 -0.04231682685167402 0.029179488786226608 -0.10652652496555247 -0.21483697034023005 0.039030663941068085 -0.04362869105208064 -0.15130070452014024 0.05270918943639408 -0.01992397594757288 0.07693149459870256 -0.14266055210150702 0.11665272176893024 -0.05419878447910139 0.07712095639464557 0.11872967223490412 -0.16833848902266146 
-0.0931007533288044 0.09183281092292399 0.1775018655544094 -0.019704233352722936 0.1633315857047178 0.21179049362368718 0.07348918952450025 0.1369878252344969 -0.18699355047443914 0.1498278366685313 0.030851236387688417 0.07389919574392728 0.10804030739888591 -0.2139640917519413 0.09989265289794041 0.1595177525201592 -0.05008148335893114 -0.04849434011809337 0.05261764821677276 -0.014571966557049159 0.13561745137098807 -0.06139480494935515 0.0808989386201401 0.20943036096007203 
-0.15062484075825824 -0.13133491508860404 0.16133242161370273 0.0064814849380797875 0.20058218168262376 -0.021680265415779602 0.2886103203145099 -0.0004185669912855289 0.009780675281765433 -0.12646075683838115 0.005901414074594485 -0.2644537682731841 -0.20027906529529102 0.07986334126949651 -0.1892344584312336 -0.06353850540572742 0.1115718570515692 0.07264024944366064 0.07613430391897462 -0.11844561429685017 0.003807972410692541 0.09573806727461563 0.2622749666979243 -0.08999191136152399 
-0.148780920809241 -0.07691971924435347 0.09999732229440425 -0.01703935961968322 -0.17838235838093006 -0.05453773260069878 -0.1249825023413247 0.15016638439265387 -0.09331167957402971 -0.19037814695215147 0.03709223338405756 0.1350291943777565 -0.031179870040922902 0.09378594535820221 0.00440542110507287 -0.0020723647870233486 0.21765661736880226 0.12084786268972608 -0.18844715909685664 0.07708187800082404 -0.022016920919866647 0.2124024620223499 -0.11147374695311565 -0.09303894983334463 
-0.2146129264881135 -0.07935712408415577 -0.17978590541488013 0.014248598339879098 0.11859547174195562 0.12507724164440145 0.12375705948424043 -0.10708884064137722 0.11488768058716245 -0.09825783615959668 0.12497639821129598 0.09777454419305671 -0.1581783475795504 -0.13382693810724255 -0.23061263128139628 -0.14130988472603756 -0.04470327490928954 -0.1824969606724469 -0.19952028022701387 0.09308637711366519 0.012113341969262163 0.13100556708509348 -0.02490035394650327 0.063624341788904 
0.04424333893180066 -0.09211862426042589 0.11317023946729349 -0.052361547122157445 0.15245370175986686 -0.09967198088640214 0.07721185848989587 -0.1482321137956798 0.0002808142693342562 -0.2330531648827186 -0.08046352456193967 -0.1483073377161633 0.17012407327631807 0.21822494870445014 0.09697885125980121 0.2580220416538249 -0.12187952904423309 -0.11254580759909834 -0.12516457084660226 0.03605605449956389 0.24732707863822817 0.283826601321135 0.02752841237893811 0.14243235392444747 
0.14032251359634001 -0.02237300702627995 -0.09998799792444497 -0.11043119385249872 -0.15402677990593125 0.13163590645396192 -0.15118436443924038 -0.21910152779265873 0.07217536708420867 -0.056796183609544075 0.2401963623891831 -0.044321780176225865 0.03152024745817383 -0.007279671464196365 0.14071399451281044 0.029410885598006947 -0.052318412895767115 0.0823072041723895 0.17073887984963676 -0.1890095973191031 0.12198908915897853 0.2217817498632426 -0.1481344689477931 0.03181328040598097 
-0.07817835237609631 0.11267207453167137 0.023192227149591415 0.04680907257063375 -0.04533643771634258 0.05454226431017941 -0.08359807813596917 -0.2400261672479653 0.008159074456180438 -0.015498487794093479 0.005939717975384982 0.21560209046554057 -0.09019469009625686 -0.1164420850079356 -0.08100932505145382 0.2241711345305507 0.21184855098316885 0.16934090756931233 0.1644068648798998 -0.14409580319461762 -0.144047952712007 -0.06644150025596827 -0.05343213737752022 -0.12423267638713344 
0.13400252362195433 -0.1436826451429788 0.1149399105411062 -0.15872061135010224 0.0955839584803475 -0.11450379015220251 0.008085504037308082 0.018933767533678342 -0.11791901017905043 -0.1798732073709258 -0.03696691098972751 -0.0689764219145453 -0.01735373492585482 -0.21826623864632141 0.025786314799107618 0.15368688927899232 0.12051256141993788 0.015349525420548054 0.19185017285864175 0.2447592818037495 0.016335725372239585 -0.20325668332110294 -0.253549797111581 -0.14803767641170895 
0.016838523594608377 -0.09487267328756589 0.1766061186279856 -0.2180249531811347 0.20001937428869226 0.06976923060338075 0.10210584087841186 0.07534720394141342 0.07131299316340671 0.026930237042103834 -0.21523062238616028 -0.05909879468387714 -0.016940409734577274 0.11154227806451045 -0.012417183428002087 -0.005075468302157488 -0.16068452532209596 -0.20459942897127473 0.10327113642630946 -0.06063553847789553 0.23468550377243969 -0.1612538553254128 -0.07399203525768178 0.019112784784112817 
0.09861489030634726 0.029553285936695983 -0.15068540952457832 -0.12444555535994582 -0.0008417213845064055 0.0415472271446205 0.033509643411314426 -0.17628347063473507 -0.21971905455922966 -0.0090306822692306 0.07707131967525943 -0.22566920281747224 0.11678752906181339 0.08083395636265894 -0.020107764761379352 0.16781460086710934 0.07313779955209915 -0.22487377066874148 -0.006158485412163154 0.12656319084423223 0.14175184447981012 0.07795444774144285 0.07934672938412324 0.016968961029815793 
-0.11080221692911822 0.04399473841912983 0.11626720335740269 -0.06986680343033905 0.13563282258231898 -0.16272442702386763 0.05098926067151735 -0.1337244757842448 0.061125547381382664 -0.02865924221469617 0.12843849367578253 -0.01335894545030672 -0.07231048673105261 0.17158304034492378 -0.07630149537652182 0.12720172513419806 0.1666222011843639 -0.11148832518125024 -0.11443622350316315 -0.11425267328254166 -0.14348492313423158 0.045509167524432965 -0.16324338408447453 -0.13940781830440693 
0.1103683595770825 0.06686672582086542 -0.16874225254200645 -0.1073204177771077 -0.1170623923489286 0.13077671850383635 0.06874067932559368 0.058950434838454115 -0.058762961498197326 0.12827034471596493 -0.02564823339709738 0.1569371171333362 0.12389210272576745 -0.055166792795294795 -0.15012052185943664 0.18036757276058346 -0.16876333014109388 -0.14585713729035604 -0.027288693342019124 -0.03645013458675201 -0.15045489959359515 0.10471795470402996 -0.15825399509024413 0.0572577363160793 
0.15482106511983657 -0.25654587226361797 0.040092407831631705 0.14412531111944785 0.04718997259331366 0.012952047050706537 -0.19531035622684578 0.15233446379512294 0.21015166577432717 -0.02952527988661813 0.07629438340135689 -0.19559425680891435 0.12497933811548721 -0.14893792249061452 -0.041668273727466065 -0.00681739751672819 -0.18079493644597805 0.125443656541124 -0.051634561345299285 0.012149914355403834 -0.004112895306999629 -0.07013737126486262 -0.2628908189529047 -0.1705143600791832 
0.003131785302941195 -0.12637216788711927 -0.05687440415624589 -0.17292549270123256 0.10795842449788148 -0.18556298686181444 0.17250525260615127 -0.15827871999064308 -0.005219325520711762 -0.18332342918337297 0.09207664287731901 -0.12077823365968533 -0.04598067362188041 0.11551466242935532 -0.14047084289832845 0.03750524864722549 -0.12377629441009143 0.1250739965843828 0.08900267974797578 -0.1569432028968271 0.19613106282721324 -0.17382160674776692 0.10783929622055209 0.023346149803475887 
0.039054220435452494 0.0773711985454978 0.08368271218816022 0.17667660334055582 -0.12108508049901529 -0.1157889786791757 0.10711812500598314 0.20106223293900083 0.06359941807989034 0.01587547925830639 0.14535117763422442 0.153791490069726 -0.10189929197049456 0.09551229390691261 0.06768612953112119 0.07504517779013613 0.039248937181341745 0.07869390821654823 -0.20041264743956602 0.04804950110679569 0.15352062055307297 -0.10645297231103283 -0.22742864685410624 -0.1577782224906146 
-0.07608199916318588 0.11185176331195486 0.017095619944725332 -0.15590547903320776 -0.14517841700041192 -0.10183401755890403 -0.008671577419978461 -0.07007571238117047 -0.08110942169937466 0.02009690241362481 0.10431000742884859 0.024851058743864455 -0.0883642977637064 0.0916672461500256 -0.11145379279003978 0.004616379897336557 -0.008101191767634026 0.10088564131323807 0.15157423157179187 -0.020726499026679224 0.1693607771291969 0.04835485162539786 0.012706059358202904 -0.14782864037348387 
-0.026572739403450726 0.1851062637866726 0.0418981296710413 0.11828832950929567 -0.0077379498880019845 0.030963493346813347 0.10221675682446715 -0.1830100691525326 0.003912929143560698 0.17825646962031025 -0.004615711795719341 -0.10934363690494296 0.2050236923510432 -0.05836632809286852 0.0800687503205457 0.07073908769820698 0.109138389573564 0.10195841770503852 0.13555802709961115 -0.19843691510320577 0.2692293253983344 -0.11130281658814242 -0.044143656328891105 0.19476240191259453 
-0.19802452534113799 0.10406821117796317 0.13515985289565602 -0.02440406090536255 -0.09760850306898325 0.1722003780730776 -0.01931722068776866 -0.09732590756987916 0.22313759942510616 0.17620114466949524 -0.0033426528434824456 0.1327991169657566 -0.08131864936947995 0.011525068612337784 -0.04891665819625275 -0.05427087728960103 -0.12044055116742146 0.20543024099623836 -0.08210402097828333 -0.16322296801098718 -0.1583668799141651 -0.21801820871981548 0.027167283868479015 0.06411370152851427 
0.14596488085571768 -0.016552942633602106 0.11683833389273722 0.13200867673275254 0.12455085469237095 -0.040832744266363644 0.044602989890348686 -0.11267946620133897 -0.06997371721951369 -0.19348510874550992 -0.03626706701667192 -0.10132338222949046 -0.01062703121074607 0.20091832417917022 -0.07160938034288415 0.2148634642471295 0.054716433935048575 -0.015492060211814627 0.13959233548602376 0.10787983083134343 -0.10291907279794714 0.1574241565959721 -0.022738762765095864 -0.10011542241138535 
-0.067611703443546 0.1333616976271824 -0.092402599625724 0.16910424423987444 -0.08167217535108598 0.04176528821777679 -0.01661337073851046 0.1488080918930621 0.20407462568043858 -0.12648146856507292 -0.007424039289720841 0.16381251921073117 0.027486133386515687 0.185544888647681 -0.0882346549314113 0.04151898796110638 -0.02709370277634045 -0.10873420627137537 -0.19604596683699974 -0.03304440397254624 0.16702602367660827 -0.10277646580579665 0.15769737521725755 -0.2177805736284672 
-0.06292824738944021 -0.2249350474880029 0.0836143008026812 0.058097760256219065 0.07515162039740574 -0.0216892446190314 -0.011086799818435689 -0.14531285264083024 -0.1085514025118924 -0.050927446231478726 -0.07025446325808456 -0.08834701022717859 -0.020793357031702195 0.1631322436885435 0.006986922670359082 0.17648208486718386 -0.08144549005336617 -0.14066786637562645 0.005605775622459786 0.1201029803521621 -0.05671678492243138 -0.0013952331485339448 -0.06065006756959329 -0.0010714154565583341 
-0.13576569632901006 -0.14553669373078298 -0.09513292182821557 0.1462307555071718 0.11331487938171858 -0.00075202777629538 -0.019775697565959434 -0.1422864359598293 -0.012862332186974508 -0.08100490564655421 0.13000932401146886 0.10598839305386624 0.02921638309288711 -0.11142025183940667 -0.011640446502903088 0.2519933352918602 0.11071418228982727 0.06520186552118361 -0.13974188896708786 0.05534837442357216 0.05467742746952283 0.012131519152030656 -0.09921047089216795 0.03942035065594092 
0.16281133192325026 0.11069889876840044 0.03148487663938534 0.24572728142474456 -0.17519048948077354 0.20319434117107807 -0.2634728693626668 -0.12035565312791115 -0.03278833573227501 -0.16223542096826635 -0.023336675523640545 -0.1962393498845761 -0.0853763819715923 -0.16627778483279115 0.0811925757333514 0.06382096428392124 -0.03326106429572094 -0.12493644526195175 0.09871850534210705 -0.08436909152522165 0.13537748258488091 -0.008571798536938038 0.01321139593996048 -0.19001588932645427 
0.024323945145194408 0.002166462495153048 -0.10833012148257458 -0.031384848752245786 -0.04671189778710971 -0.0743467563742678 0.2813592806385262 -0.02678341575403557 0.19147432140174087 0.009057400565512137 0.21733846864023149 -0.13201336295055371 -0.06023391720042366 0.1049867870464798 -0.18385971333125495 0.12768774045148268 0.023458460788910323 -0.04915163394578032 0.1996604927074842 -0.17779655599729777 -0.03124816815111962 -0.18894898676561386 0.10406195858115748 -0.12806993030868474 
0.08826459521748914 0.16468004473844575 0.13774237495490776 -0.01907942865279211 0.10398468505803926 0.252309504098535 -0.03706294534426512 -0.04041354299396025 -0.22411338453495383 -0.05193626767545596 -0.143605742759529 0.17914411752058532 -0.03920646933549842 0.050547604439433014 0.13878697027207595 0.0815161364214365 -0.07700800376298224 -0.09230506377966885 -0.17221995572540055 -0.03248187771575078 -0.10664206217707872 -0.06258064103564816 -0.04602500297871868 0.18943389518018894 
-0.1569742308628133 0.0864610906995304 -2.6725862316482877e-05 0.11087944213530629 -0.14304220155384084 -0.15812857398944022 -0.0457704671881098 0.19458270677914644 -0.08113930506467214 0.09117870984964703 -0.08368090054033799 -0.18088169854860434 -0.19483817196478145 -0.10281204750986975 -0.0472657269363866 0.013854160281664151 -0.21496071115436105 -0.17905021937394985 -0.1948954037540708 -0.15517596156407096 0.04474475174689807 -0.03865182016971819 -0.10962780041285479 0.022951947807808994 
0.21830968355287203 0.04520525335029337 0.07962510563062732 0.15873393625244825 -0.18541656979176044 -0.25328237139464127 -0.021495778573430623 0.004437741975020311 0.16514685921137187 -0.02253523534058532 -0.019174271948090897 0.25272177663244044 -0.09222489197003372 0.131577128561618 -0.09848172395539058 -0.030328911884351748 0.024365249097632255 0.01884140030787782 -0.1120013606043756 0.10267237525907655 -0.05033886493805699 -0.12922076097809163 0.10457543229603265 -0.03650734728618819 
-0.04724087280889555 0.10853909813493796 0.010209817082633625 -0.18185243381275218 0.15025732191353688 0.12045167464313584 0.21560629451443977 -0.0950874366821815 0.08726178451430298 -0.06394516108358167 0.004217450822983458 0.13419041853494937 -0.00018126127713667954 -0.0035241520317056364 -0.06934153957157724 9.561240189269048e-05 -0.12242567967541627 0.12291461965878396 0.10061726134419073 0.10503035615797567 -0.062292999255866836 -0.13644999631251126 -0.12390243236707833 -0.07100316926688417 
-0.186486984483924 0.13040524012472332 0.0678633185917577 -0.0346090369841106 0.10711475661244847 -0.04312864070882861 -0.18536288215273558 -0.14662737477745202 -0.05954828255621205 -0.04322612702842072 -0.18026960204606376 -0.00457289337090348 0.05094958228808855 -0.049980523648797334 -0.026821718150042053 0.10024953884252852 0.022330094082423847 -0.1953756888993746 0.1498267112133587 0.06594924763598832 0.09921506761664418 0.1629872093143002 -0.20463631263886176 -0.10595831720668833 
-0.17576109790550765 -0.07692252247815824 0.1362354654573782 -0.16829550895352108 -0.010640153999640354 -0.17824829243976947 0.0719175796456246 0.11160495624107006 -0.22356350840090375 0.009442874554181233 -0.10420473331326156 0.25051254141257434 0.1477573634462232 0.0879797675710232 0.20420050656868144 -0.03001849993864507 0.20658995870856992 -0.008744586716495847 -0.10565810376439508 0.2051786413367797 0.11797900691524295 -0.1751203782582785 0.11588630789372209 0.10034008527936165 
0.06589494099401977 0.05744830029165959 -0.0985393288551425 0.059502987007769396 0.12607736318647886 -0.19472683671266322 -0.14837002994052428 0.12083827903862074 0.07136759013447531 0.028403279433525695 -0.10061788728410899 -0.06806802227497222 0.14491578613921466 -0.08484381535283032 -0.17531703642733096 0.20147764018863035 -0.12121806351482452 0.15525259556624701 0.15337019719055486 0.023387998694615816 0.05950696493556684 0.023496468654608048 0.04888493932736894 0.1897947165565839 
-0.08837299725262594 0.20744218235864192 0.02683998696760667 -0.1546436411061892 -0.10922133530389778 0.028998770523318635 -0.08946831912470857 -0.14800172446255783 -0.11172524177650449 0.1159157607877835 0.07148515871458297 0.16858110279331368 -0.0713201543738273 0.08222771442078695 0.030891519361391 0.02248380360651868 -0.22366674393697614 0.09225120234425513 0.17306036310936895 0.01372853457721733 -0.12316806731550499 0.07566793831089272 -0.19868852832461084 -0.06842274983024679 
0.24673177249018557 -0.02518277887515912 0.14255313145617157 0.04157604292229807 0.1293060624858303 0.21918980785329076 -0.09255572081639951 -0.15144587082434155 0.032827602955816555 -0.054852646894966016 -0.14990655600060976 0.10384742135111955 -0.18691434767150333 -0.09295788099814725 0.10880571035914888 -0.1149765693992074 -0.052720844762209514 -0.1929292585577942 0.2006577423743972 0.032548042489040224 -0.18614749873957098 0.2062683686649474 -0.06532734037625104 -0.01794556199114256 
0.050964807902080925 -0.12072832447246434 -0.07764982306636715 -0.051034447937885453 -0.10216983492445487 0.04749492297122664 0.11905155411359389 -0.172246426313732 0.23997429954542288 0.09707520586600094 0.1661149202596516 0.0789977344605921 -0.13042785124086181 -0.08447642506356408 -0.021527400185138462 0.08489198369574469 -0.016466255680042775 0.061770845194945655 0.07239850555015515 0.12506640967522445 0.023897253465785143 -0.1416158505961882 0.1418272932163243 0.04782440237796835 
0.19996921542763252 -0.11250508532509546 -0.1296075412331857 -0.043264195418780085 -0.0715108506090754 0.16329563905583366 0.02843896813599757 0.09323466824795662 -0.0541538091714694 -0.16102701140225367 -0.1546713538620604 -0.034350938522752936 -0.12264445621604701 0.1645062174124786 0.039566464971648674 0.10630203076692085 -0.006432249709065873 -0.16562259505939564 -0.10595598398305589 -0.00432215427864688 -0.12072196485983801 -0.19125016114687435 0.07893033262236815 0.08519492214501635 
-0.06756562929764458 0.13574698520996903 -0.028378626521206346 0.14888976622155115 0.056119971760853204 0.03661887392561154 -0.11985651501162814 -0.0038723567147214534 0.16445500400833613 -0.07776817197754658 0.15164023553066436 0.19328043395852312 -0.06778522247711447 0.06909845396744135 0.16048126660753878 -0.2020530358190044 0.20279763354590594 -0.12386398641929303 0.14034905730272176 0.038676865591375016 -0.06827796127363848 -0.13988386215524953 0.047781127742048714 0.16978086955905447 
0.14165342855979624 0.040578322170139514 0.1800429324336359 0.035693178416968 -0.12432494903792796 -0.031166526803939405 -0.07494626151777024 0.20966084686830425 -0.06402953189325843 0.22921505993743044 0.007438215195105321 -0.13708334633339475 -0.17117369355507198 -0.05088862386530788 -0.1512569096554706 0.06501183431809276 -0.03379128781129285 0.2053202277482997 0.17302359565562306 -0.14075354429308512 -0.038234565771215534 -0.03888337793027104 0.020870839347657013 0.12995655061437722 
-0.005064048028640261 -0.061895474036369406 -0.09508479451912911 0.13649548514043486 -0.19256249122746 0.18099353284653688 -0.12482528642392278 0.030375987597770163 -0.11701339307557652 0.26588107706711883 -0.15152023802836342 -0.08412545475635369 0.11845712522822155 0.08552971863489278 -0.07605851998916878 -0.20137547213674326 -0.13798249609905036 -0.14231163581391737 -0.11876015129721063 0.19131161317505255 0.21922976164893512 0.13259240507410822 -0.06694243899024901 0.1251489496644839 
-0.014645436308904964 -0.038908416819125394 -0.08959978290128541 0.2092060284407393 -0.04490546557280443 -0.028676383620966202 -0.10856754718063588 0.19329457828641616 -0.027262382990155657 -0.08075237971738701 0.0773289286051849 -0.15944170101296978 -0.1631159995165331 0.114981081071259 0.09756052210644366 0.013241687213662489 -0.13188418843155844 0.006409862579899741 0.0550395363274404 -0.06869836538645287 -0.1740672686666318 0.14695659813211653 0.003820184226218857 0.095805590476144 
-0.09835785452224 0.05034011473544117 -0.02823828130178128 -0.046858469763154734 -0.14991564414411881 -0.10224308094854229 -0.16922718911150367 -0.09039806180192958 0.12587753964779308 0.041185752338537766 0.05900912120406538 -0.23546331265462953 0.06261900206004292 -0.021770080143311242 -0.10764137280252345 -0.16343203893879696 -0.15491194066444752 0.13811017002320658 0.1945536208563872 0.2060043999994801 -0.06075704464423786 0.10896159839974552 0.04029451684638925 0.12011405864852909 
-0.0064361513505047045 0.035704407636007254 0.11499305697375278 -0.16070323391156435 0.014651840259257455 -0.05330316520365293 0.04143028046030622 0.18481565283860765 -0.042575967968011295 -0.04251606496978792 0.11635888250328873 0.057731412678514754 -0.042152395387880286 0.0753355883066833 -0.0381154698378632 -0.14609030575562382 -0.019553151623133754 -0.06594956976291308 -0.11287528234335924 0.17131615419274598 0.07561065029345519 0.03924128513384993 0.09857828817839374 0.016621230014137033 
0.07319637039881344 0.18101853484748298 0.13755735430845226 -0.13335699638566564 -0.09617211315489 -0.2457149658473672 0.20243380681556009 -0.10542794989223266 0.0485812789310257 -0.16502812909193249 -0.12798518281224494 0.01102998338460603 -0.18536640369110374 -0.0036702552541578613 0.005756877344375983 -0.06114660897409156 0.023354798242617318 0.014557124883591519 -0.04345929514600145 0.07329494294055802 0.08869387338190296 0.07491637093875068 0.01807236236830122 -0.06297122543149314 
0.044946034479510046 0.18448004859058542 0.03847048868047212 0.22294191693603105 -0.023381750977061785 0.07488316296878161 -0.18628598099084817 0.10674561671394678 0.026247359576066307 -0.19950929525949773 -0.10491732618249681 0.027112611183618768 0.10718506003540523 -0.21125543814117181 0.019432713525117763 0.14498662744155472 0.06544303226847334 0.1767960835006184 -0.1711094316391188 -0.08007504726091276 0.19770990744887232 0.0984276804771452 0.055221162776278525 0.11238656575514464 
0.1591858877453682 0.19051176700208836 0.2010822803631277 -0.1446517952411871 -0.1728203271681281 -0.17162591200633917 -0.19564597508618345 0.19014318080277823 -0.16293294797779898 0.13708498035508354 0.0738157287832857 -0.004920310419230282 -0.06102737683396426 -0.05824160882673379 -0.09837793143728203 0.16529278248631377 0.09010181033009558 -0.19106608641498235 -0.015235594483242526 -0.08730387147557822 -0.18982129093250646 0.15455603152072953 0.10841519268370793 -0.06782916100978341 
0.1615218927941437 -0.12131433925053609 -0.07660682166448339 0.16233629938191077 0.24686625021155717 0.05741206633509922 0.16667110851848668 0.1373602320050464 -0.025458268489402934 -0.0556192157124192 0.06525970688495086 0.013952025930817746 -0.0005958569359927827 0.2324620220386773 0.10959236670963089 -0.06013048594618318 -0.20585117153308174 -0.12627010067042932 0.010625821116443257 -0.032893642339237424 0.16626754331225785 0.22328897783529225 -0.1774227698223629 0.19146519649346289 
0.1768184811703774 0.24849251399060104 -0.18618012012920626 -0.1781150122539128 -0.19931219042930723 -0.09095659431748188 -0.17888555961637168 -0.08224616662259111 -0.015316119026345098 0.15497456017282077 -0.009119243676494979 -0.1440937382117176 0.04691650346424494 0.05679553646617214 -0.15621518653920505 0.06766313172972348 0.11177952315187696 0.13384970860845893 0.15692930199835584 -0.04696166250033971 -0.02888879876739415 -0.1601541124845235 -0.07345754538011269 0.16281699049893333 
-0.043889915619291835 0.11855565429798957 0.15694782470351096 0.15367996308305565 -0.13794374714686278 0.23208117666434827 0.036992321199726494 -0.11584662374253268 -0.08127805221766465 -0.13641237920246338 -0.02205377791942308 -0.12259996414673303 -0.13421922075504555 -0.12128731587362136 0.07616855275524231 0.0948662880210486 0.2209427203344892 -0.05963746967496703 0.05153941729857667 -0.18758430139167942 0.0064066270592148785 0.19443496465220297 0.15303402273629568 -0.19764180842533613 
-0.0987805458819454 -0.12003923239458886 -0.18222230207315557 -0.1975190801267543 -0.0038765815114543832 -0.18306296024537266 -0.08850169050177957 0.047676001341033995 -0.1267536184353457 -0.09199755528604252 0.03594167410655425 -0.017256002197609317 0.053533764605646544 0.0034355183912255375 0.052980111801310965 -0.05834312469414414 -0.08499101957002383 -0.13193897160378304 0.17593427767466951 0.11983386467436943 0.22866691049156526 -0.12607748245833936 0.15344038087523734 0.22783197056224053 
-0.09886047745655108 -0.05478955353639252 0.020377182756935376 -0.12611450438340063 -0.022946739465206076 -0.13670733813641328 0.24362407585656617 -0.0024411587893126544 0.2515713805871557 0.017781264732985903 -0.006203082192688055 0.1611272971526984 -0.1432118658204982 0.011035282732874003 0.0644685498266069 -0.026231335646714 -0.24252324739252912 -0.0028769713156112623 -0.01380269056294479 0.18346370704463041 -0.09723890574524413 -0.04313194147756902 -0.06787143377100499 0.07432621040049331 
0.19754199192297014 -0.1293029423327665 0.12884698200356595 -0.10760898426555739 -0.1779546634867997 -0.14499055444275288 0.175146812954961 0.15612871400745704 -0.0840985758104679 0.18030108928108612 0.14041475558176222 -0.025907201177446375 -0.01264663650986612 0.05163744096212191 -0.13717896849193756 -0.19563028529353974 -0.09366807316046949 -0.19535925554766043 0.06952863860845963 0.020391983034668118 -0.07107571699786124 0.11213529295737223 -0.1421563963913426 -0.10199508532624371 
-0.08286949193284969 -0.12711820501666676 -0.1657184792184055 0.14170564959951043 -0.16561648932712764 0.04706983301209579 -0.15248582675414252 -0.19730330416289332 0.03682884934494898 0.1689267556837476 0.1715604302343243 -0.08284639476212717 -0.19056123275098652 0.12293535818652643 0.12257664416860087 0.1506094763866109 0.03889054276595155 0.10960525684113345 0.1597789431249657 -0.018287866455056145 0.022917494021169018 0.0024236753320582803 0.09770826162607825 0.06843022598357723 
0.008035877884256165 0.13169652730107392 0.002284588445499985 0.13023146195089033 -0.08708480791776635 -0.1288706883575093 0.18934509119467716 0.09667414865731941 -0.09597560080612699 0.032231533785310115 0.18336743586806553 -0.16865066073922652 -0.1675158463745238 0.04735217500636859 -0.1102355782625465 0.10606171830698427 0.027023858540372103 0.06619328372786483 -0.15761364465698774 -0.1672102273965393 0.04974506407179218 -0.03583094331388562 -0.1659984551514965 -0.05127067330099402 
0.06858350844701414 -0.12437157219904195 0.15905773410519133 0.2127734641411065 0.18035761843416542 0.091891623337672 -0.045557598838377934 0.12321301816615994 -0.07964365739191812 -0.07398038200868735 0.04206472440620472 0.027828346902942506 0.18330855672645546 -0.12297120648472788 0.09787939710023974 0.18042835519886383 -0.2392797240683053 -0.009460620336392564 0.06252459157397312 0.16850721508092564 -0.14806436100158737 0.14420585251832901 -0.053950575147605456 0.1565273763021003 
-0.1903348603086819 -0.1796466584378838 0.1940705363794628 0.0435041855924552 -0.0326825486169562 -0.15768182699955433 0.057021513725062686 -0.1865432894210069 -0.0927165572813549 -0.07034044585936854 0.04268169670760744 0.07713278377612068 0.14357786927380423 0.17589409533246214 0.0638948145931373 0.036094482293199344 -0.0370660711240674 0.20485378229755175 -0.13878506678966326 0.16761280048216315 -0.07534840311024679 0.03022035083040197 0.07117164363192262 -0.10539337367934219 
-0.13323728666528825 0.007203674209264977 0.1248538294952614 0.08897891107152248 -0.15306719695735935 0.15619564365235736 -0.008015601885901839 0.20396694933021708 0.030828147411173238 -0.1669985142798164 -0.11915340440896766 0.15154136521358536 0.08645248212591598 0.15258877377423952 -0.06806557961833563 0.007827580431005164 0.05771283407078184 0.019956389279451463 -0.10741719441384881 -0.029023786969991482 -0.10069027680189623 0.1475228251082015 0.2227503497437236 -0.1744425085474443 
0.1140470027074862 -0.09428340417234535 0.04987073760128851 -0.09664623492213173 0.06010667488695949 -0.051237380656345026 -0.10443597207579436 0.1614842034544102 0.17557863015208172 0.04512086104410336 -0.11429226813673245 0.2129275389265469 0.09153846069759841 0.11702853634253252 -0.11540404840843459 0.1370002652181881 -0.09781931855748678 0.052344574180439786 0.08409860213305417 0.087108096792381 -0.029599009990426087 0.13314753196454443 0.15787631882642525 0.0346955379504506 
-0.16471030959422167 -0.14899465195325934 -0.15865352430548943 -0.13121121224659996 -0.15003064222013318 0.11136597910085426 -0.1855463490983091 -0.10333711892867621 0.15226888699962 0.19083870157586755 0.04187538052710978 0.1919522182986219 -0.1838935514990992 0.1806317423192227 -0.07523465471874814 0.11973510521990452 0.12445935396273944 0.14450858929225074 -0.01641413847715945 0.17330492693272503 -0.09674173568500677 0.17485770626519687 0.04734610137844213 0.1957232882725208 
-0.18831585376560567 0.15408097954646785 0.025990335525438207 -0.00299504397072163 -0.09620702597560431 -0.0689949098972624 -0.10014485222333608 -0.11234964559948316 0.19371305793777638 0.0009465809225916925 -0.1676563743347717 0.06065216235266038 0.07853718483014219 0.05026435435965181 0.006088087319157706 -0.0397332562801576 0.15777230106268836 -0.19011751409432562 0.17417072425000607 0.24789161394038464 -0.06101664330724211 -0.1142934458916683 0.11717916924570225 -0.1290826929012226 
0.10744038413076304 -0.11276460734390878 -0.08347633932210669 0.20755723407110088 0.16365948230501595 0.01638934516762394 0.16116617833509023 -0.05868832739159398 0.23567240289417465 -0.026291032293810166 -0.08186404061853224 -0.2034689247715902 0.22021833107006064 -0.030598676030712705 0.09370720676210612 0.06339726088054383 0.09738214161030075 -0.180761082922887 0.16897694443342764 0.20727826417753287 0.02332189710361865 0.20155766346199466 -0.09640449080144047 0.040568188317104514 
-0.04112315868102707 0.12419262027021119 -0.07952234280168391 0.20281196918521985 -0.17312913837280489 -0.18453742767879824 -0.18146215800275098 -0.1402580307412576 0.013709260899113989 0.13676638231609073 -0.15639864146440022 0.0007592010669624836 0.07755086869374465 -0.12437282621047376 -0.12088091826529278 -0.11181305440705422 -0.19454805574814918 0.08507474127447738 0.06124182946426562 -0.022283598178490557 0.03310992360996715 -0.15673255986698748 0.2588039822833378 0.1394783474944473 
0.06332458310918304 -0.04818380030414974 -0.03310704097395052 -0.0060208647489252125 0.17520019445825374 0.12828889950573966 -0.013085893265205373 0.025632207353855706 0.19719342674438936 0.16998937906886405 0.055371555116934236 0.08324770743057819 -0.05905193652241784 0.1347735426176115 0.13506010755589593 0.020625160531703508 0.14703466655661904 0.11431252151430296 0.1235602245540864 -0.14829589705155385 -0.018403327706806197 0.15953319074527886 0.14509483260653463 -0.03145551187867887 
0.20111864590369163 -0.09989833156836216 -0.06627419803437284 0.21041367700167518 0.12368346241704575 0.14696678820565867 -0.19693836069019133 -0.04779208188213805 -0.10387361451468703 -0.08141212170965266 0.09508285860303319 0.08805588386354049 -0.004141874627495237 -0.08822764754860449 0.03360835837987587 0.01334337892750312 0.01442244037314102 0.045890657385180555 -0.0414481943817362 0.1281817803535827 -0.09944193068764123 0.04977359437338307 0.21701715392669949 -0.20023148992128995 
0.08918234366192807 -0.15713229656613226 0.017342113814609778 0.05046280043316422 -0.1027761022554109 0.1664458455468159 0.04862224886724613 -0.10732349806600604 0.10806212643250468 -0.15855384328630986 0.021884301438363916 -0.16285580007190284 0.03213145596387292 -0.09872458396797323 0.059489312806534744 0.08614714438584312 0.009569453094549209 0.06271745943405863 0.125539881225293 0.1231957510616013 0.04757084151750987 -0.019370803259855348 -0.03654104680612861 0.15051041412429464 
0.06616741344410107 -0.1356556704507081 0.026061094939664978 0.20290087369769758 -0.14016252391661083 0.125778537900215 0.16621902878116676 0.0024958973621599166 -0.18629417594545536 -0.14145827671531233 0.20991398676741266 -0.22474704993770622 -0.05069683167010363 0.02543368078752384 -0.12138794161325872 0.18731295167893006 -0.19427413712095265 0.015711840182853678 0.04690321046358599 -0.10760842252802202 -0.039765107865141903 -0.003554904639683145 0.14477554077360005 0.053408841932552686 
-0.012844668066138374 0.06920579093085281 -0.018467519517334354 0.01017400839502511 0.06313708848038198 -0.12777505018213078 0.11078691890355162 0.030150045347893825 0.19657753994102636 -0.11108922780303152 -0.013353597644650798 0.19103752333741492 0.04028359583501452 0.11571604559926228 -0.03426110385419857 0.09651992205723875 0.1881740558360302 -0.12007587456677175 0.12313615873242081 0.21261901192077512 -0.19571769716091666 -0.11399201591777226 -0.1537174026478502 0.10696701362858556 
-0.16846180009633369 0.23227475777718365 -0.04385799887601144 0.17902981976929658 -0.12478100673814047 -0.023435180303804596 0.1625949530863164 0.055343538200781535 -0.0198894043722341 0.005002183608062488 0.029305132970915474 -0.03871679338926478 -0.12276152171209356 -0.1719330619572413 -0.13994387234961841 -0.1801968186236153 0.023521280211040916 0.16235126534558394 -0.05605048921031135 -0.1708728334995859 -0.052196769831865636 0.07700878950667324 -0.012912856290681956 0.12449670867354884 
0.17459673190935981 0.17925702474923855 0.08138578545030899 -0.01175497532436437 0.07282138462432468 -0.1961890437335787 0.23605119993733215 -0.1314751048563476 0.207700060324954 0.11280778108934986 0.11443746564634419 -0.1257193988382552 -0.11239581651189237 -0.07212653789700413 0.13347622663607983 -0.01965784270721847 0.2460344739473362 -0.05862953858889073 0.047455014436356406 0.15650495321088898 0.042876613293842465 -0.18305638724984805 0.004282693086041974 -0.06581640052355546 
0.0027828076871758436 -0.0862145395291163 -0.15172826755624036 0.06703622770259009 0.07228379102382822 0.13451832766925684 -0.1476086799156818 0.1395614075931174 0.15244192733575665 0.039541788587251846 -0.11815730292365136 -0.11202351205999993 -0.027907609494304726 -0.0008623162123271192 -0.008926333755296074 -0.012880414165622816 0.12092426052934724 0.14991974254934265 0.12694321041456133 0.19403947933402063 0.022903944711292624 0.19815398611404794 0.05420996592943127 0.031478495762729666 
-0.07201969563693747 0.1473790633303231 -0.18041158249494965 -0.14672775059460416 -0.1484793074703889 0.005150785765518921 -0.1301538855411559 -0.06325141450671497 -0.13103113534049624 -0.10649894812142184 0.27289412513888756 -0.06344147573936185 -0.1400062268735704 -0.05354527356923963 0.2652360873952737 0.09368092112070937 -0.11869810971787105 -0.086270197962702 0.10466575354785779 -0.10377107361640585 -0.09821910885638523 -0.16729050235196258 0.228531550230009 -0.020643115998647217 
0.02449200009649587 0.12065730171133512 0.11872883579918672 -0.020798342372382116 -0.1265856594972596 0.09949457399847225 -0.18898955864438216 0.24254244136205802 0.059881037974508465 0.14900453452713908 0.043130264553872054 -0.15393612445284813 -0.048278334227536815 -0.018964238336200128 0.24987977795663258 -0.1264363826671919 -0.037417037544076714 -0.06219248483913799 0.10789762705676718 0.17656005396811733 -0.05633727705758397 -0.11848119393970218 -0.17423062545374723 -0.1206989649092114 
-0.09089046452217524 0.009004587654042563 0.1546392354057229 -0.14929790875168583 0.1881409100413899 0.05593011245919546 0.11864033720791989 0.2248257255120031 -0.026168496774333888 0.012501150760101967 0.06568849965020568 -0.005371654408857388 -0.0801337678316663 -0.15860373684703363 -0.08584142743673275 0.10692389603662797 0.07138032231459768 0.11175704473582218 0.006771628671437217 -0.1071596310782559 0.04578878814660402 -0.07816566662549912 -0.2016195234599642 0.16599867164159654 
-0.03159235532805565 -0.029271027792707956 0.10348088102606581 0.2021723969640564 -0.17201433149944778 -0.1657628448103058 -0.07079086262356538 -0.10548620820478527 0.005165767922363418 0.13006955586020116 0.14205793809533515 0.03699457409981273 -0.11754634752533685 -0.1607442865892859 0.09725969043282158 -0.10846179667103448 0.00858586690950229 0.0886115847061507 -0.10871666763479118 -0.13049130272980763 -0.18541371401227624 -0.14597523564256257 0.1628215927850506 -0.1589089419566862 
-0.11057877025054123 -0.18826946603529818 0.07027452847170054 -0.1073200818243766 -0.03429236303171305 -0.14479341292645345 -0.04881020301123527 -0.014832317170617372 0.015233910483612592 -0.030607931986251717 -0.159675049627142 0.09538408220328479 -0.14564570317121883 -0.06114703886031732 -0.09106974216356382 -0.07937123993695366 0.04625252759080283 0.007035361528928449 -0.12416899296681697 0.004487060132665848 -0.06389537744875046 0.06470365620783644 -0.10958773485903257 0.12078966367577317 
0.010379277374125261 -0.06235929053855591 -0.09843972058628757 -0.12576312134174872 -0.011152496513572516 0.26209426477066566 -0.15819651542026728 -0.08643335090825324 0.06864114202516346 0.13812230657852767 -0.0883283237408626 -0.017217275495423377 -0.06396706736808218 0.08987068816538892 0.087561708139292 0.14341118070192493 0.144991769412548 -0.05294990244813219 0.171293994611145 0.11253712055885881 -0.07680822259906143 -0.07040580450189397 0.10412378265581021 -0.150174104777837 
0.05308076747429329 -0.07080022037442006 0.13118190180048517 -0.053887358488943174 0.09321562681642619 -0.12616461439036306 -0.007339174076070338 0.10866478280695491 -0.07138267470666047 -0.13573999688447022 0.05929516730453233 0.13796523150522774 -0.08775048797984865 0.004951853062421693 0.15486515739974052 0.19108097561339119 0.10065991207543375 0.036082821371101394 0.1271980684117535 0.17122500431442683 -0.2006607956443684 -0.04081783650938649 0.01164171502570403 0.0934402716091943 
-0.16590858941193096 -0.0186092858616305 -0.08798071450605875 -0.030341883496731593 -0.0007988920508861647 0.04195039309480984 0.0030848990570113634 0.04189087808774548 0.06252639650590473 -0.02842243123194918 -0.19964873349489282 -0.16004764019783438 -0.07937030723426786 -0.14167146840702594 0.039178651278208444 0.013741857396158836 -0.010973291267784107 -0.07139669227709476 0.061008513657038445 -0.12408935293626126 -0.19927792794669671 0.07362684358466348 0.003385292053819 0.07211726813683172 
-0.09918629034860564 -0.24459042139521783 -0.048453915978948305 0.10948256510849393 -0.15964985431256837 -0.09634861815462828 -0.047161239949882465 0.010818279090979242 0.09555525280792412 -0.1433013304675028 0.03562225400159947 -0.020581354066246206 0.06127262460746832 -0.12813462727366617 0.056810768811968636 -0.09563566636841106 -0.21193299623150882 0.04280976749130803 -0.1265652903822623 0.07992433648826727 0.0265492255360127 0.15338873846802464 -0.06964432676907639 0.20869661704372444 
0.02770999867251903 -0.055610494922057566 0.09970260409319431 0.05277043368381443 -0.05471106164163501 0.012732067439837083 -0.12041864603821022 -0.060379010979164816 -0.1931255388307734 0.0031869287241664897 -0.08196810175550909 0.03200615230823543 -0.21871438638471097 0.03175681921644466 -0.08259413978165288 0.017192522412796576 0.10681844220785876 -0.04026635626811228 0.06497729888285662 -0.07445250807966483 0.24570043993603558 -0.12799643066542868 0.1833701481686995 -0.15033553993327897 
-0.01893487216126178 0.11317024707681604 0.11352126880585083 0.05830723514115167 -0.04574762220303866 0.188880368134335 0.08377987611453866 -0.07419667278037025 -0.09026492494155379 -0.17466116412157848 -0.05655682089961482 0.09498148558703631 0.13063017238598124 -0.0728481766494938 0.058057259370802736 0.12370823439186965 0.09329900258814691 -0.18948692963664684 -0.1417652827428785 -0.13738522768164949 -0.13583807680652774 0.14653102935423876 0.1449921849762889 0.04209717078653997 
0.017094674292661906 0.07893564483662471 -0.07889921769213772 -0.053003619233002196 0.029724752379808136 0.1453261955501936 -0.11950439337371449 -0.10238232942603737 0.08193624059593475 -0.06334226214108826 -0.18219231077182724 -0.12668651706514927 -0.12263752819387759 0.024343114931573775 0.04642684280819032 0.19473081201382683 0.18708077728356495 -0.07689695729926668 0.10129261498366025 -0.10035229331575665 -0.05226551803654649 -0.08270334229318084 -0.049838487553666086 -0.11419192078924346 
-0.005486951487928194 -0.2206612898113419 0.1692997193865463 -0.05768244830127288 0.21993164855827882 0.19216196031359048 -0.1041510343037396 0.021153031548876 -0.022961701855632635 -0.07638200198713671 -0.048022969676254204 0.17088282412574482 -0.1513774585735006 -0.1253815809651867 -0.1187588140974896 0.21693312732553507 0.16394528404634195 0.022923449840274654 -0.14743533085015484 0.05467556982137218 0.09469436935118271 0.16393961525843306 0.07982201136410451 0.20644335932780758 
0.13201399147152693 0.07817114552375584 0.07970890907716661 0.06970220347932343 0.1649802840699548 0.2612978211419735 0.11460163696733845 -0.11107477409475812 -0.2533848718621802 0.22891626683626 0.0022062267378662073 0.09168283091513456 0.05754677782872994 -0.15797251142684196 0.13983556422324028 -0.1374225204939819 0.14066845973887646 0.06134633719041498 0.04865750321314361 -0.03540205532883597 -0.02218549128478084 0.0667212075292792 0.1044487945347251 0.07895728377815864 
0.100196193754563 0.02694013831664753 0.1902737872449028 0.09690937979133002 -0.05773905835685823 0.014687183658949762 0.01687733472416985 0.01666602996917155 -0.07704737486545664 -0.15751029834829794 -0.05241539472335049 -0.08999495895763898 0.2576967981686047 -0.06299578128860803 0.05023997873867954 0.018299090198536726 -0.11241469196798132 -0.18107829236162243 0.09784221570607533 -0.21061083294041116 -0.08682224754603743 -0.16698586978798086 0.127169051232125 -0.13750226023974854 
0.019764894102579405 -0.19536819061187474 0.1947376316491664 0.057022173424600364 -0.054534109387159975 -0.14176505873497236 0.07175162366401093 0.19506865414940336 -0.0662884545972174 0.10659050838581285 -0.08480815173624427 0.18851610040787234 0.10513158773428834 0.041245645344282475 0.165452383013207 -0.11753175602107989 0.1694141497453355 0.07096772355285803 0.10855961211504588 0.04807187340438195 0.13674197207859798 0.07423116113171334 -0.14182166564332657 0.03625747145188654 
-0.1786873548412014 -0.0498089042132527 -0.2758225338066635 -0.15715331564242294 -0.33232170696042057 0.33666349662363443 0.050029430299136556 -0.0778576551749014 -0.31705583801991416 -0.05307751989535822 -0.03208046716426722 0.36065608961496176 -0.16858524125755142 0.04822280801226297 0.15276061326176538 -0.21614636554583672 0.03512550521085547 0.187418483523261 
-0.2692628872425198 0.07202673872235042 -0.38353943082270764 -0.3787730516428836 -0.3051070887071403 -0.012547297952379284 0.3439723615719973 -0.11495029134649036 -0.2853245393683384 0.2640002754384684 0.013018969632830545 -0.13933350457792776 0.3428574371154621 0.3390680219810444 -0.12517441331547938 -0.2053506828191855 0.07505285843758236 0.2670781982417141 
-0.1569699285099488 0.05862317721185777 -0.2475689344810399 -0.21010495335212293 0.17933583790608382 -0.24129113814708794 -0.22057347102324001 0.1294622077216786 -0.33315195633456113 -0.3127788180458255 -0.14537445951878872 -0.08699157490147467 -0.06938301044964368 0.1769382421267093 -0.3217662249361351 -0.09643308186125826 0.09414578911782652 -0.30642569109570783 
0.22256675260470896 0.09915685679950363 -0.2902722497508798 -0.2293453127062152 0.1683100712005927 -0.06556725233029773 -0.06379673086950381 0.26769939672304366 -0.23319962843832395 0.3937061770690843 -0.3170598444836011 -0.27240154891865526 -0.2029252185286542 0.1860405681576443 0.032716393212187604 0.10444819414098475 -0.21734635202136937 -0.28326038648848473 
-0.01615707893635033 0.1646902615661538 -0.05940206841068383 0.2551437220442496 0.10938190513761725 -0.17207574329576544 -0.26308533302412707 -0.08529930685375338 0.22114509157256415 0.36929168093888437 0.2497244602317722 -0.1392116381460564 -0.04459568582891786 0.0610242807167241 0.03166850950312673 -0.07523819233964475 -0.2755366049223905 0.12021265417048276 
-0.38836694172795294 0.2526568291070294 0.2319195156574934 0.1336908161259777 -0.009154105861604256 0.13614081426268015 -0.15748670863554448 0.2061269072141414 0.24913839176218627 -0.19347560568243385 -0.124407067442716 -0.05445809071257928 -0.012330327381804137 -0.014810304139658052 -0.29018199203524087 0.10907710095467603 -0.2295264673824168 -0.12906570820182384 
-0.021938534578010063 -0.10308618158764137 -0.11142754711537739 -0.22010624580364035 -0.2990284692152663 0.03467104657372604 0.09564123783096744 -0.24573414465128438 -0.17941223790318558 -0.15429150038728925 0.22785476722128858 -0.274948064357822 0.026386476208415742 0.040591599026897886 -0.10674115225057522 -0.10178472202833054 0.33368753428255993 0.03921839617451726 
0.1693330625018387 -0.0062417641587085085 0.0823004577022915 0.06681937995687862 -0.24475017151469813 -0.11276557025375747 -0.0021503032225832926 -0.28565472451620333 -0.09260860670587566 -0.25477404205269033 0.2396068179635954 -0.16342428519344274 -0.26638328604016503 -0.03125933005648352 0.1743045629102207 -0.3008005353896402 -0.2105267893986955 0.19319533838661201 
0.1877064532570005 0.08005541281592406 0.24916054412143043 -0.2626383318157822 0.1391885953185899 0.28871209852574486 -0.24170640403775057 -0.2335168743224269 0.0438676512666408 -0.1127070018629995 0.13025359024761243 -0.3293070831087538 -0.24009786770907846 0.15996993982709415 0.4003813882204275 0.2973898558793998 0.2966629954175017 -0.2825351828016292 
-0.33391174088190023 -0.29610777365049495 0.024690586912493158 0.2620351065355975 0.02147060342053657 0.1935491527167478 -0.27305009212174836 0.21920703641490266 -0.2149322325046882 -0.2941356131364959 -0.05321876143039385 0.09238660467157171 0.43530280865974946 -0.3465590599523375 -0.15481580464361763 -0.27293881361688194 -0.07024495594170836 -0.20978584795614758 
0.05968617923137218 -0.10340985987680233 0.29385362334717374 0.1992982213215703 0.2490956912743539 -0.2557661181691396 0.09951307985542789 -0.2139859118112725 0.2694388513907865 -0.385825808341958 -0.27248987789618684 -0.13282421296564487 -0.08503118718937012 -0.12866988826618864 -0.2686965088088616 -0.26334440541330806 -0.1263186526028183 0.37945724098634864 
-0.2291185766251745 0.1695498554917738 -0.21543572711470355 -0.36056083017626056 -0.3358852373740325 -0.2394604196883226 -0.07088585258489906 0.1687785151586923 0.17767069922566445 -0.08606888554752594 -0.014075385448891128 0.2592371925009686 0.2868760363631228 -0.16321882716109898 -0.3010274391702364 -0.31401631179953376 0.16604015341007106 -0.19204222790944905 
-0.0005060590629593442 -0.211897755955358 0.22335827944151293 -0.014602464651332556 0.018335514450644103 -0.14499061503827826 -0.024402719012152737 -0.3455019493982283 -0.15858632073064302 -0.12685275588462405 -0.1478535872436388 -0.30945852780429783 -0.014314640032659238 0.22755977001540942 0.3751926348628903 -0.0018258217938686779 0.06929731452975656 -0.1506873179323774 
-0.27250789784005675 -0.25409887618529725 0.13199082931117276 0.15264828941244604 -0.22077591011108427 -0.058630140129498964 0.0848613734491259 -0.30370378050400115 0.23600585698652318 0.11595372657557654 0.07831928265957154 0.19359358299801283 0.41522172362196286 0.030037756682573444 0.3200155774490033 -0.05511656210793191 0.1081903352262623 0.28438210011410897 
0.16254513859191697 -0.13459901968992127 0.07617036448341179 -0.10130210435133301 -0.12126431980036989 0.07488201023273139 -0.21337363237803822 -0.008885332555898018 0.30875740495721055 -0.12373236576582342 -0.21404524526206722 -0.07674108544814844 0.21062216384654917 0.293426986287123 0.22578815388290965 -0.33913024340483217 -0.15972315994586936 0.4159739879374596 
-0.3099914895205204 -0.00668069829176351 0.17868701998521522 -0.2608926842332025 0.11075873769461232 -0.008036389667013016 -0.2910363775667006 0.2520723237312494 -0.17711591724229384 0.1497849885447093 0.16506104002825264 0.09418321372519822 0.14193151704244225 -0.32337718677996097 -0.11708190392298795 0.058986935144705016 -0.0935004989157118 0.07861453835300262 
0.24500741254662192 -0.21316376742718854 0.2613540480555881 -0.09903410955497259 0.30698263390219 0.07980038758829598 0.17479705567729634 -0.024684815754311036 0.04860783712486136 -0.08275436331227326 -0.25586193825685016 -0.037308556185480415 -0.15371452348760878 -0.4017721984874683 -0.16747829999603464 -0.21991713902497673 0.30279096054972526 -0.3650014893218811 
-0.2520778256575839 0.13952313294921584 0.27044431254174606 -0.17042746048041818 -0.33216476045218646 0.3192781407938182 0.08109859501812111 -0.15505888530182485 -0.033436625828029753 0.12556244450716603 -0.08580216392702224 0.3419776057811459 0.21590740245062465 0.2980498192277006 -0.08220436754022403 0.3027764693541859 -0.014101546654067024 0.049509618707793766 
0.15693371002792533 0.21285589014917042 -0.07045613268738565 -0.03521265614424538 0.21841355471317192 0.14889965464986307 0.30091556132970504 0.33280189259822873 -0.2210818023703224 -0.18110545843522546 0.14781012304082614 0.17975805832871433 0.06726742050415863 0.2555425814423926 -0.17005725640026312 -0.10945129647821632 -0.0036071563369493406 -0.1358190809571807 
0.08433111354721434 0.12461135834382263 -0.20536299913090117 -0.028944877649338292 0.34229118460393376 -0.12002495537426247 -0.3895179750928501 0.2023265196503551 0.0012206362865922475 -0.3926076724694741 0.26970663175775195 -0.12614712956193241 0.27287674422883085 -0.04292036189485161 -0.29711450764538017 -0.17471348444983703 -0.08645606026826014 0.24523037071176196 
-0.2524697309500645 -0.046756473859021756 0.23700332538764313 0.004860269825408512 -0.2743145786496529 -0.3298820545541191 0.11575303734675715 0.3312482573719637 0.23229330958070815 0.20255448143017224 0.11975484075299016 0.25707369520615814 -0.3325978407034472 -0.17723918881004633 0.18840570076588137 0.25329728723651723 0.1574382776853762 -0.2620501666232215 
0.3400564612827991 0.2789199301228851 -0.36287397856643955 -0.24634467935863535 -0.1539306646747612 0.1633819769205166 0.22163467525787303 0.021303022931219162 -0.19965469146361706 -0.05890945082696478 -0.24988949120194714 0.3390525808111784 0.2068414506724326 0.01351227092600029 -0.02655115785220934 -0.2780592465699396 -0.1238143308418181 -0.3059739255257382 
0.25221908609886134 0.03034466217277698 -0.2502766936203173 -0.2187322861220526 -0.16420924065871148 -0.13059125485981005 -0.08735764739966917 -0.1754007778145276 0.14703489790341187 -0.36594938334559296 -0.11729868007252547 0.16944375063850853 0.3075007345248567 0.24792067155339564 -0.15167518778069447 -0.18334272388284423 -0.22859633855476955 0.3075472060042147 
-0.2293575004839221 0.17713823439594814 -0.19692675947926422 -0.321062054027311 0.15993185751928116 0.1548990546834953 -0.37372324904625726 -0.13380101287939355 0.346602525240765 -0.2539528626653214 -0.28593697599436857 0.08710484369661115 0.3180537055759348 -0.278753958853787 0.028517917457356455 0.12566262600666703 -0.22604539074856805 -0.38181509001075015 
0.3374329450475963 0.050251252964258954 -0.2892762772696101 -0.3199998867563007 0.09993740216661112 -0.2513529401180449 -0.17215962203579377 -0.30031210175022144 -0.238555862715521 0.00019562287666363926 0.007748556681830275 0.009088811369604401 0.47032734713796787 
-0.29851374272393855 0.205048170150122 0.23569242350488936 0.06707698393190253 -0.029318933491577465 0.31746225888978796 0.2638541174341703 -0.3639237919766715 0.37490915898301846 -0.39950265491396897 0.057732078954904495 0.05717484117545659 0.26893513671684127 
-0.07559612799589877 -0.34335568032730934 0.06453403421546845 -0.37795253007252777 -0.15889308585467557 0.4653275785739677 0.3436657801150867 -0.26236347157786855 0.23295869618842538 0.2392995253860208 0.3461515054818859 -0.22088795167122152 -0.04057016661323647 
0.2775192192294855 0.1331131857176613 0.07428908577548157 0.14677597766851733 -0.22584907672458773 -0.38327917158969776 0.1876162670326391 -0.13207195146225412 -0.10156650323823148 0.07644399367761306 0.12492797871347698 -0.238424493271273 0.2566564506959122 
-0.09494218608918732 0.1045143828509992 0.37774729472233054 0.05110558254072857 -0.11201006502642334 0.09428337683304658 0.0014059986916134816 -0.037508450757701296 0.1856246816324482 0.34309843497272086 -0.01628410033817629 -0.33258367629302193 0.05496899979422653 
-0.2041362165909196 -0.372788503389007 0.2311061136748883 -0.18153575826517632 0.22207418152132732 -0.009254746324996914 -0.14498904154673872 -0.1481453739653632 -0.37076323934661365 0.027059677739148354 0.2600623086116835 -0.3361601470558725 -0.3158268865692087 
0.04904140671198162 0.11943075606974743 0.17998077408860366 -0.1909252056029882 -0.38030906828095934 -0.10186029752573404 -0.2431194718338996 -0.478086916382747 0.14760666339633044 0.4358663870560924 -0.08619014701707954 -0.15923707230176853 0.07406726519665009 
0.28337199428065035 0.23668135075356986 0.15274199495208476 -0.027838559809672907 0.1481052537531148 -0.2163043734294948 -0.1669817888893967 0.2672536369638427 0.34511730679500685 -0.26432967260453305 -0.16266281219997936 -0.40043973309542885 -0.08674596934453532 
-0.22295036424145118 0.11227970799289895 0.16723768097297675 -0.36114419750704657 -0.32027890105552315 0.30031241900016437 -0.13165318326940117 -0.01237470262087508 0.38611433081970536 0.22088385595574098 -0.13885548210701945 -0.3345478796485831 0.06963526767606208 
-0.13840612129498175 -0.4255235034477441 0.2437473151045018 -0.06555003249152001 0.02692812731848972 0.26054863100384096 0.4362773097188221 0.14043518155325294 -0.16109551536413186 -0.3479582072151407 -0.3443956491915204 -0.1435730735226846 0.10598782856569791 
0.15555895831233288 -0.23448791513868472 -0.33706741160229686 -0.15502333430052223 0.03746953594667356 0.20382746398749763 0.023318542053421848 -0.17001281433712573 0.09845353067090361 -0.18797293912581214 0.12133163936657664 0.275100789965518 0.1102917682780973 
0.07787546769437738 -0.16031974459921178 0.33435590884304434 0.46992866502169567 0.2040877374817081 0.10453000815907491 -0.259504956798845 -0.11612439154381522 -0.11943149673808905 -0.19096794999023328 -0.0425927522097744 0.08761593959392483 -0.29236706365935694 
-0.21618545227806307 -0.3436665694540991 -0.14364791144316613 0.022228218969318394 -0.03373616458337033 0.4602976292015382 0.4687735749303137 -0.01876056641923355 0.4209488143048756 -0.2508612722936124 0.032367152179435144 -0.03667072529194767 0.38716257844041124 
0.29145084851978 -0.26562610636727063 -0.04366626026449824 -0.31534032890283126 0.04896686402823578 0.23437579350244814 -0.399931287502711 -0.2963299331551385 0.42252417772466994 0.4313223591103954 0.04460833748922165 0.11602628608305893 -0.17660481844704773 
0.31151094402504237 0.12998918752841265 0.13268969363307914 -0.4942386594367008 0.3411676156302631 0.15345173085530525 0.13143930068156626 0.13098987613085766 -0.2436286417709193 0.26411508788024834 -0.3255012473868927 0.16510080447391562 -0.3410970675568085 
0.2213690685927857 -0.006624515132809006 -0.23720883678709453 0.18317045701000015 -0.14683059091146336 0.3095494068296152 -0.25696272442809887 0.35469748766553805 0.38134073410330616 -0.15585210817638126 0.29200509644892875 0.2753314012947841 -0.059524131453806 
-0.09410808242500891 -0.17539571183510827 0.3999810273331121 -0.24595989549317607 0.3881465352256592 -0.09469480857598184 0.3430846653984778 0.24812716403267832 -0.2888991799199263 0.09702501570873813 0.13808425062862453 -0.07448316095233162 -0.39945253644245593 
-0.15927758958684432 0.26197743284093 -0.3475515818848319 -0.349484126900588 0.17917070670913293 0.009897705969208904 0.023682153291277395 -0.10899970933771029 0.10799295257440945 0.3288925445956081 -0.17816600278631742 0.27745002164345484 -0.0708156137843015 
0.2664444125437678 
0.004673736498347422 
0.4949870281628207 
0.6711925098272538 
-0.023333613709970977 
0.3764800408280651 
0.07156080884204445 
0.2967275598820954 
-0.3341574894088652 
-0.5438577148480646 
0.5832298560728095 
0.3796650309337072 
-0.27152089081749403 
