98 24 18 13 1
-0.03285137891050851 0.07006671332305345 -0.21263338687873992 -0.10884742066123579 -0.1668209650546194 -0.17371332437738984 -0.1232413375931965 -0.022819778144157775 -0.07054982601264165 0.04272145974995172 -0.025780821298322053 0.10315997853507806 -0.1580777464702153 0.18255498737137693 -0.227455865845804 0.10105905080093974 -0.05850426635997507 0.06626092807678963 -0.1435230478259839 -0.18299158161647522 0.15124353023775883 0.26058542534464946 -0.06534395723847193 0.1845628381104167 
0.2281213895040093 0.14386361631913325 -0.17949526950078912 -0.24772620989989133 -0.12091941996303726 0.21326076938389216 -0.2566644267949559 -0.11978212817335572 0.13133479512952717 0.008876631181295063 0.09043244522413674 -0.016711476397868474 0.07537300907828597 0.244699740120983 -0.2305781876147898 0.1581234436965456 0.24904462044783787 0.14363147425339698 -0.09579340389869576 0.1019974587176149 -0.11202630835919143 0.002454337359249055 0.1500172431558883 0.0006025084401950246 
-0.0978131169204912 -0.21545212388254611 -0.2278137528835744 0.03879711800643277 -0.11552122894552852 -0.1287125300162684 -0.08564440081694015 -0.2662767634856772 0.05901732653157808 -0.15002703419315588 0.0701452535818183 0.08853767261642391 -0.23069429883303005 -0.06441946090765735 0.05682570911766607 -0.02759300689571716 -0.23948838239299033 0.03567263559299569 0.05788051622660521 0.045928342554706555 0.2129234311857498 -0.017331786357094474 0.19690238970209148 -0.1119415245627235 
-0.08305506537375852 0.05213897122987646 -0.04589735314830449 -0.2578126577115836 0.15230185099301885 0.036854998445289076 0.04231538899037872 0.07108503172794729 0.0696767896574157 0.14426499719639732 0.08908611196642498 0.037653377136868324 -0.20571216467586442 0.2770450738627416 -0.06012584546259324 0.30326323622974255 0.07425497215367306 0.13702698079187348 -0.1639993571798672 0.1669758154288481 0.09239419195127102 0.0850701299807132 -0.0824246077996026 -0.025328148478681124 
0.18014777412472813 0.011253266348200345 -0.23645500867867023 0.079666221024183 -0.09172602240471488 0.03643321365499989 0.1764316545510235 -0.03515678768731368 0.20191682785493992 0.05575233951107082 -0.2485868101541396 0.17956245171037324 0.11392155516689592 0.19810644272250424 -0.14144342433777515 -0.15063702477557692 0.21954752335702063 0.08262067417277412 -0.18402989162742608 0.16339518499341793 0.12628372500567914 0.23263372064449955 0.07810836584307623 -0.10620657431713897 
-0.09648107598686895 -0.31179393377253295 -0.19821996238850395 -0.22087272272259326 0.13675857073852657 0.13314896148254185 -0.07366964231926866 0.10337949969571752 -0.2831411233287576 0.00602055933412099 -0.04346696170800325 0.3297699012536013 -0.09127009903530206 -0.08719367531879835 0.10659608077519506 0.004079647167081429 0.15354551855174733 0.053638374163773594 0.13953377835416225 0.12303948883722987 0.15135116938099427 -0.09598035815428642 -0.2543517121155385 -0.0929351904848933 
-0.13723063348528197 -0.24386621821989593 -0.11072678064676646 0.04615068662850064 0.020176119117078145 -0.1124646949088626 -0.23605986676770985 0.24424031758980086 -0.025699751184771743 -0.1995919266543977 -0.17293308651190112 0.16949328422106064 -0.13496620276188964 0.10457970948422644 0.1986223705361039 0.2136903803158463 -0.1304080338546302 0.03158268592668884 0.04731742734767566 0.11733514822530047 -0.11069933278076403 -0.10702707962538394 -0.26765690099581485 0.037725717698046515 
0.11907108286456526 -0.027474130321978173 -0.07228293190364925 0.1956170123052122 0.016069150827347885 -0.02714391217117076 -0.028125091292215628 0.06657338541898303 -0.02970230313083848 -0.0721560212681936 -0.17361933316866573 -0.01585903797433772 0.001151708420381211 -0.12328098705221588 0.10038330435082922 -0.1465341655944712 -0.10534495658125695 0.13203932198826515 -0.12206207809266527 0.05707277798577015 0.1129073938546642 0.2692904104088822 -0.1500470985946645 -0.14031609216683857 
0.1269123193913061 0.06589287544699518 0.23551303774705354 0.1662089307189552 -0.19499879780839735 -0.1000415543242047 -0.0018182940112122907 0.1429716802247915 0.1626544480094383 0.022267347954341304 0.11369236389014295 0.12230407729962671 -0.051883702395753725 0.035677869227876746 0.041110515624739365 0.08262417278097128 0.22855188741172988 0.19750938387508976 -0.04143316517119 0.17950570614898098 -0.13185184569914712 -0.16838754532282785 -0.16039370609062273 0.01645098450416897 
-0.19190350986329957 0.22813798244138794 0.1303655308981781 -0.1945624451826884 -0.1290264892494375 -0.06641398318824154 -0.14733073189062848 0.11276583510825709 -0.04358550007746967 0.17672185962704812 0.02215960530192631 0.13814299532500773 0.12207503902254678 0.14803891754805085 -0.015753556365606897 -0.01066885839280164 0.111189794145431 -0.08494269234984604 -0.0038200622480814767 0.02330415834218653 -0.19435221350040302 0.026528154101438696 -0.0004038470052619141 0.1047981871030497 
-0.12993502926693123 0.1389723121449286 0.03063907132993994 -0.14205656702160757 0.07754317702625264 -0.0034869486478213405 -0.23649166427715745 0.01111609718949338 0.12243708213535469 0.19055972669263577 -0.17667243708178518 0.17368194401615883 -0.11868273990187608 0.1476016011509198 0.020881188830611373 0.09969375400375191 0.039322726639644555 0.10437519382542294 -0.09289763925906748 0.08460978986028118 0.09586661570591909 0.15549042271512545 0.16646959757454427 0.1610107349296224 
0.11568322273352362 -0.060463682805397365 0.03842235612150096 -0.02761579662802038 -0.04608662172461307 -0.07394936085034778 -0.003896456768092621 -0.007389721471217334 0.09482714493451777 -0.10296370065917565 0.25390286477705815 0.04376263825702593 -0.11974701419108784 -0.06914889026689465 -0.09117632963359658 0.10506257729871907 0.05018505358953825 0.16958637750458652 0.06433339306217642 -0.075651857295625 -0.1474946434674146 0.12470920341910031 0.07693341683724568 0.15613204513530526 
0.0856981330026819 0.09041482040485432 -0.041020440443776576 0.09597523872448913 0.053341433585345675 -0.07586639278615821 -0.09049650295056648 -0.24627180624834505 -0.11018906708288519 -0.15391038616889613 0.2285952891398674 -0.10561909460240147 0.12756959190985742 0.21052937358911375 0.06476926831434225 0.06948191324555968 -0.15151576258957802 0.022060515551647678 -0.061187793459204644 -0.15489339923346088 0.1336221081875154 -0.012981196624196592 0.17343406626723426 0.26484900973285824 
-0.11161596873635407 -0.23374983669749216 -0.1222524675359126 -0.009512464936567428 0.06242004550077828 -0.1809394473432932 -0.11835202696147695 0.2030758549172654 -0.08808292684838825 0.04915151816585741 -0.10584468268188829 -0.1890465631558225 0.06052992963959716 -0.023162454722466082 -0.1385455271473347 0.060702710900637835 -0.029064982674057774 0.10717680059294044 -0.1418375629228305 0.06917868700059003 -0.0256467066104973 0.0633986886956939 0.06477381415980635 -0.13709708305563936 
-0.08227969444525973 0.13603791115949865 0.2058060593150887 -0.018944157193654037 0.16137332244381786 0.16975381948182122 0.08828270138045145 0.16286580094609956 -0.17237910568708903 0.1656178532551265 0.03854376478336382 0.047832375917676646 0.10460639957445297 -0.21456998682316272 0.09793839363977003 0.10467867039823475 -0.04845052033701286 -0.0696666149102604 0.052223123558271974 -0.10325271977620794 0.1283027357594665 -0.03899739851771405 0.08779919956738111 0.21487529135231098 
-0.15143078636582696 -0.10531993626526132 0.1537702927105669 0.008467595263698191 0.19052922903093825 -0.028460730788859207 0.29991229581663365 -0.003489856113488638 0.021047854235614005 -0.13334161970613237 -0.006890010691575601 -0.26299951151120665 -0.19539541725996937 0.07242705535206978 -0.18827807640578192 -0.07431858417980382 0.07319148018468973 0.06288115961810863 0.07560181859278715 -0.11346555701508017 0.01488710238703357 0.09702910808097918 0.28554066628503555 -0.08889668298258349 
-0.138822925762325 -0.09827929142928028 0.09934503419699293 -0.016897135907236606 -0.17745271181007066 -0.04884222063402213 -0.12416833728540698 0.15964073188406716 -0.09266739552882229 -0.18941908995297219 0.03680088576194969 0.1228748736589345 -0.011523718473928633 0.0848828406625585 0.0043671971021186015 -0.01425366766794231 0.20936392179706767 0.08700836873386911 -0.18749263404795313 0.08663683734213867 -0.006598003249171249 0.21002271178047413 -0.11077037983211198 -0.09241963979494867 
-0.19116473829783645 -0.06562152456356364 -0.15159921700079385 0.010479591505988433 0.09802279851616526 0.11743049638127587 0.1241639616582604 -0.0805064416168505 0.12044663706857317 -0.05913540204596117 0.14058030423463455 0.09584497726677386 -0.15139936940375048 -0.13541250655707254 -0.23123730115550023 -0.14715877315820566 -0.05301274644814353 -0.14827791710079447 -0.19854082571438084 0.0523678220999852 -0.01036517013426073 0.14807140830780052 -0.03411336662705097 0.0557013168615807 
0.01526592168449541 -0.06181669719026377 0.1131907217954873 -0.05363936646171256 0.16941942794808543 -0.14255120406351515 0.088334071860915 -0.14106804496949932 -0.022271150991767703 -0.2512908742899471 -0.022453475206981568 -0.14884435962250375 0.1685332738681617 0.24367205559806215 0.10251891863402059 0.2581912281929367 -0.16995994815058976 -0.10438536793959721 -0.1244053794277245 0.017147530934825093 0.23170212047528072 0.299463509502111 0.0485417483586329 0.1351221387093179 
0.14278385358028303 -0.02632401443876743 -0.09933575298434151 -0.1167393997246497 -0.2002946899780213 0.14619842474936548 -0.199623214578909 -0.17085793234857086 0.10521584152885408 -0.08078981892765381 0.17763290265328535 -0.0726166185413184 0.03995359574830116 -0.04738170461748413 0.14933161142916307 0.017724686179344668 -0.05967543797255174 -0.009262026916670062 0.17121876199954594 -0.18805374436872158 0.13985002490588624 0.1838467210837244 -0.1701017370033129 0.023585610002401274 
-0.08219716094621057 0.14165052015817178 0.02300224039864418 0.1010337599461165 -0.06968032117556212 0.09385493192904136 -0.10132007840452961 -0.3142977988781944 -0.0352273786406606 0.01090245542164456 0.008056007163817578 0.22870571662963035 -0.03782666380428354 -0.029827341876725845 -0.07911971810554609 0.243516232467062 0.1683790970287098 0.19608773283131467 0.16351536852391513 -0.1287847765245245 -0.12905972958167244 -0.09396048683354263 -0.058099701311805696 -0.15480428235946536 
0.12296357231441468 -0.07613443313854219 0.1349799344223338 -0.15711234265664314 0.07746031731328727 -0.14458781531135684 0.026678692387427077 0.026725497520219306 -0.12485855027219263 -0.19007489216061849 -0.0076588935841960986 -0.06472026857222311 0.02412523855758937 -0.21300687341780353 0.03523061128720805 0.15680333545031294 0.11877323352116831 0.032604456907952536 0.19088771214515404 0.2088652394069227 0.010825647647950012 -0.2517125299849972 -0.28305710044312105 -0.16810999953567404 
0.007502460250613285 -0.0713520885410187 0.1635129983402777 -0.14234496113295628 0.22508815096125914 0.08998699702489309 0.1206785872568305 0.05883577332321619 0.07773525406121135 0.011801478268118802 -0.21612171705353805 -0.06535568490369228 -0.06349182261535244 0.11361840159577845 -0.012312064722235328 -0.01924206539888139 -0.16124271652420985 -0.23399813195412955 0.10260386423208255 -0.16024416367663333 0.22179567787906765 -0.12604008771949224 -0.07927432761700062 0.009546717881099974 
0.11844413482455901 0.05366427407476467 -0.14983581322798153 -0.11582844669265215 0.00177068563695231 0.061813117223289506 0.0457915751289265 -0.1748909929299371 -0.20671012816393475 -0.0001756299869726468 0.0632508091830605 -0.2340382585586262 0.07023324749029439 0.08230142211245578 -0.019941492587231303 0.15359347742308105 -0.0008942363387454309 -0.2139160428709791 -0.006105338582597487 0.1325617338559801 0.1343601578580038 0.05654842499984345 0.1016588389843638 0.032962334847638816 
-0.11304782705375911 0.017444241527238682 0.13543837542081125 -0.06521148311395573 0.12804685762697945 -0.14441418501244607 0.05399339834345585 -0.12131017965794458 0.04574020205268595 -0.028428330797753837 0.11802136114254021 -0.00024266069392357985 -0.09324583777991241 0.1965221667738137 -0.07576810286083484 0.15886797195353394 0.13715476384677958 -0.11078489571727416 -0.11372031682976935 -0.11353745625120015 -0.14265912600116293 0.033508588778174024 -0.14696959265510462 -0.16197309257811296 
0.12062351516156575 0.11994790545186154 -0.1678384796388864 -0.10663507152838349 -0.1785678698832793 0.18151382224842078 0.041141381037416325 0.035526805111169735 -0.041001564345926785 0.09879316121701263 -0.025439688190273212 0.16908991945065263 0.12854629703041692 -0.06842726207133239 -0.14927274604191937 0.19019659596256466 -0.1848818620381262 -0.19128331074996505 -0.027067910238874598 -0.09009061121836721 -0.07607715152892987 0.06677479585471581 -0.13050877401785257 0.12961180341822504 
0.06783309971927115 -0.2394717147708363 0.03978032208273714 0.1853191374262166 0.047222416900746224 0.11037139802701107 -0.17603533425221526 0.09671191284201316 0.17030943163356085 0.025842352907334797 0.07839434357290467 -0.1464993081938249 0.08778181609110837 -0.1377934081375777 -0.04134545169984422 0.03058675551495614 -0.21149974998870022 0.19744645960357785 -0.051246271992938304 0.018271411457157823 -0.0200297277578934 -0.10817866967527777 -0.24132981137651757 -0.16960567657834474 
0.05581612742699723 -0.12490085721843308 -0.056453329113312835 -0.1769705027667078 0.09719801532840702 -0.16936616748529498 0.16191192547381678 -0.16233079218109403 0.0068983648303599125 -0.18135251182997647 0.1338805484110838 -0.10414186604065082 -0.057432449242860104 0.10396375951660802 -0.1396553966681437 0.052680563346088595 -0.10504567806841708 0.07039122425218497 0.08840322054161613 -0.14147899990093338 0.22723184211783337 -0.21328092981721156 0.16050932765355527 -0.02552034651107438 
0.007491846108443758 0.08448914208302248 0.09632452461659612 0.16153229611400197 -0.12709893202722233 -0.1532519364205432 0.1062025820439406 0.22405000913740597 0.06835428141579593 0.011912043980874077 0.08309902981901594 0.15849490389404952 -0.13944667645326125 0.09458864432639497 0.07152531406775019 0.08371181700036524 0.024623839781937024 0.10308723463643682 -0.19943124811423826 0.07829945520051115 0.13020849152610073 -0.13505029676604785 -0.2075331953437361 -0.14022857291898463 
-0.07571431700282082 0.1184046092303957 0.016952951142127016 -0.1600678448798617 -0.1443469056471666 -0.09891795556111735 -0.009317498696366243 -0.06957678117931243 -0.0782256708680879 0.011285128655366397 0.07159543671996357 0.01909144690818818 -0.09587965410024246 0.08788682898128772 -0.11075051101214581 0.0327274795034347 -0.011163465892766865 0.11156992030824008 0.15072178669874498 -0.012990002939038181 0.1631469714306605 0.03591189452462127 0.01024984392851354 -0.14698833149027699 
-0.026357281881274595 0.14519867888623786 0.04157375058222083 0.0979129965299484 -0.017793150818276298 -0.056831139676828686 0.10389480508572235 -0.17301956049845899 -0.02771132648048554 0.18109257119302097 -0.0035434260120943144 -0.07967086516138788 0.17267396249739356 -0.06915444132195278 0.07951517901391666 0.08330599719854666 0.14124920274340896 0.11112352531484565 0.13475995620665077 -0.19745975705678984 0.26270107518883645 -0.10150642012811396 -0.02154228188089585 0.19170995737206908 
-0.1970482622127209 0.10393727140666412 0.13309413553262767 -0.023239433954356275 -0.09696736148621733 0.1870634744747108 -0.01908981300726761 -0.10983934466462965 0.21432308394679855 0.18999333043997343 -0.00956528800231127 0.1373895327405791 -0.06947216561951573 0.034527366644161755 -0.04100938867424757 -0.04181433422920784 -0.11962946656212582 0.200473870732611 -0.08153975502990211 -0.17000405053741696 -0.17780462182858303 -0.18694049597888343 0.03380056827409762 0.04896671632970401 
0.19521859208227954 -0.04808277151912297 0.11611244869690666 0.05195942526812711 0.11613611460686805 -0.07304623543498849 0.02592288777475048 -0.14264642786605028 -0.04761261844096831 -0.17618280325516808 -0.035981492427165335 -0.12396633757629615 -0.06726171807738854 0.17525445693132563 -0.07110182914906714 0.20217322677609678 0.028880737611713524 -0.062930082903078 0.13878007838209744 0.13833674298663495 -0.08514733100351837 0.09932375746362951 0.004628169181431056 -0.09379141033855731 
-0.06712680294563023 0.09748654451622038 -0.09178638359148485 0.1706886998059638 -0.081110166577415 0.035327719222126894 -0.01860412325426087 0.14579217840051245 0.16314172383810724 -0.12571718794093695 0.0075780399805019496 0.1887497370437948 -0.027228786504057044 0.17497889763141775 -0.08763903417352871 0.013645945797346851 0.018879290093073323 -0.10804266743265653 -0.19507404397991798 -0.03278166564563728 0.2008621596984306 -0.10697448066314437 0.12200378454308268 -0.1296167512006534 
-0.06247064283189499 -0.23015827717074674 0.09729234634757714 0.03039569674214915 0.07462448734936429 -0.0002547817059088672 0.0018934489119447704 -0.14520957867038772 -0.11331965989009313 -0.05054366609993863 -0.0571513095317508 -0.08500364314373496 -0.02378211219559029 0.16685951180278685 0.011394387112018912 0.17969868965380797 -0.07531830669994644 -0.13985173640945095 0.005557316200534675 0.12356098025204416 -0.03727316338915116 -0.011984120716889557 -0.08761822398994082 -0.001062023066288335 
-0.13496687816431777 -0.1682229452850946 -0.0945035238597149 0.15350313695171097 0.11292219155777512 -0.023359373726372867 -0.010485822132647862 -0.14146472680490055 -0.013273461317802234 -0.08044639727949593 0.1352752199959756 0.10121212354175872 0.03670411384824143 -0.10661007917486284 -0.011541668514412875 0.24315477657417717 0.11894234355879454 0.0642213898627454 -0.1389289811588804 0.052673775689234 0.046991469587312575 0.026154734053667663 -0.09551636716372855 0.039112876256331405 
0.16504911324037272 0.13082408987728728 0.031233356800121265 0.19949234267803348 -0.17426918360479277 0.20163738881329074 -0.2405975900906269 -0.12544307325359624 -0.05777766976504552 -0.1822210351316132 -0.0013588723977319933 -0.19356178506619362 -0.07609710546082593 -0.20553898015713512 0.08063308131147609 0.06464532291344599 -0.02069811639992261 -0.12417814033438701 0.09807216183214157 -0.126175487493525 0.13848762360960304 0.017279009799306324 0.010413226579898632 -0.18905767672117305 
0.042143400155922446 0.0035081552179932187 -0.10764034641685168 -0.05894865528909692 -0.04635542614391313 -0.06111810460736559 0.27009587210349584 -0.01910770077850843 0.1676541428194059 0.0022063677568534136 0.2314939887955661 -0.12133694279939204 -0.06037251219846999 0.11748203472562418 -0.182916263471368 0.12578829388061583 0.09561151721336568 -0.04877926820330832 0.1986806990310467 -0.18193508541111106 -0.013547975869652508 -0.1879932766029791 0.09452418434003194 -0.12729957471737982 
0.15170444764463545 0.11523607853929888 0.13221055716790747 -0.018921164791655558 0.09475996077074435 0.2128556738364316 -0.032836849466270766 -0.020803896773845813 -0.22327514797145462 -0.05154606055689803 -0.14277953554646372 0.20324798913022174 -0.03249950243373178 0.056075072845572144 0.14691426094718055 0.10593849082612057 -0.008609687221307042 -0.09168932314776444 -0.1713066122218208 -0.0322231732506117 -0.12095845409406675 -0.07504146751742863 -0.03518000000147739 0.30840649865825426 
-0.15610489177321105 0.059636487562000094 -2.649081627716777e-05 0.1101786219154788 -0.14221791025724217 -0.1487361814594333 -0.04577425596827577 0.18258606723926235 -0.0934649986075514 0.10656578884255061 -0.08310844720458051 -0.16825912366982093 -0.19386893674635464 -0.08964759120127788 -0.04690562557945279 0.02631242307021465 -0.2408042133022475 -0.18975504120629855 -0.19392604052495 -0.1543121704144595 0.05065221261815074 -0.038349643146485084 -0.11234459230504873 0.02276379205020996 
0.2830421825667998 0.07815905085828204 0.07907388468889162 0.15965431456813714 -0.1844693122374494 -0.18204896987457098 -0.02024670894473223 -0.05959621025320766 0.12251444303747927 -0.0040901120571973015 -0.034755405851772926 0.24564737873582243 -0.10529330316519028 0.21178467338838497 -0.09783648681101786 -0.03304704862149894 0.005004883649351606 0.02782907376009047 -0.11129574119765796 0.04691278842883466 -0.0999831124811612 -0.13017577472513595 0.09133778702523623 -0.06781703618125913 
-0.08706208464812042 0.11090279912737623 0.010122798116517345 -0.19986338023289368 0.14940910450658806 0.1149983523685437 0.21595529495712573 -0.023984861135201326 0.08895981790394138 -0.06348155917370234 0.016302346227768612 0.1331084797359979 -0.008070357988338953 -0.002962250345516534 -0.06884676541607708 0.02943994121184763 -0.07540644245080842 0.11707205653675068 0.09996211004008855 0.09813018823087584 -0.09152969704182413 -0.14130832106963903 -0.12405595877893742 -0.0704990149763862 
-0.18553713829133792 0.1223037976147335 0.06737697499425646 -0.033766741873500886 0.10643031623879275 -0.03824560856128623 -0.18441575506207925 -0.14579103174769248 -0.08557032045109313 -0.049886397404979486 -0.179335127354488 -0.0011749133557458014 0.04986422276075536 -0.006958036213997987 -0.026604405903883223 0.10177785412515668 0.057717065371393234 -0.19440525398794492 0.1489798853720348 0.089404859222054 0.09962928812268218 0.1497803270213455 -0.19782154261501786 -0.10527899459633352 
-0.17483828471317045 -0.06961419813615459 0.1341656495325193 -0.16739298514495637 -0.010549586893026925 -0.17176115185064478 0.06656151138561696 0.10482937478243698 -0.22364169879567306 0.0157465635789557 -0.10353324925277844 0.24451887618114024 0.15706013961343027 0.07767051978466792 0.21282279709826468 -0.04119656655164673 0.14831096514784478 -0.014086123086785763 -0.10498011641438547 0.25652867455975115 0.11307018012449885 -0.1741992580784465 0.130407893853979 0.08456651604767938 
0.0486747581030572 0.10034201548085499 -0.09789382238682189 0.028305353095474575 0.12531463913549243 -0.17961943600154603 -0.14752794547141243 0.14856543251233917 0.05362821244815949 0.012279096525545622 -0.09996273309519751 -0.09101395207601368 0.16546664663981614 -0.06412673171101173 -0.17439539565192452 0.174020905158972 -0.13349089605581796 0.1409494591822393 0.1525120553068056 0.0055223410175761324 0.042012270705040024 0.016113464554826797 0.06116504788562427 0.15504249415968396 
-0.07210406553565002 0.22463618127983062 0.026622538744968595 -0.15378150712525207 -0.10852767676480403 0.02082578791381755 -0.09822750495388598 -0.14716084712594063 -0.09318093165028342 0.0932521188849231 0.11845082470951278 0.1477870172092093 -0.06415425371351174 0.027826279591107842 0.03477060896958491 0.030176599306600528 -0.20350534247557212 0.06166350984690752 0.1735347806638246 0.044704588902491564 -0.12241668352543339 0.08494847008128577 -0.20865443518945823 -0.06793320615248899 
0.2333951249782378 0.006537505827740121 0.14173050944715862 0.041253846310624835 0.12853102726123955 0.20566335654834556 -0.09002849658324429 -0.15059383613805336 0.04712704393165824 -0.050766201972825956 -0.14905947178713289 0.08778273281131779 -0.1859634746107764 -0.09302586056797058 0.1093932528257691 -0.15026631231366888 -0.11656381344926536 -0.19196433058546436 0.1996758222170618 0.03228886281686247 -0.1520827495622218 0.23614986100961352 -0.04088147145371162 -0.017796188027129834 
0.06476404981906232 -0.15984144535205577 -0.07710915080085064 -0.05397195625536824 -0.10150756595295762 0.0638713686619971 0.13086120591177575 -0.17133301099718126 0.25462506264339296 0.08767461032178023 0.1799386052930412 0.06346175908823966 -0.16802921130966073 -0.07743163835528655 -0.021350156521374595 0.02541224258084428 -0.02909363527665823 0.029257096025337347 0.07188655260364549 0.12880386033132477 0.007094463712028985 -0.1409407362369442 0.14125004996460996 0.02479590684801464 
0.17970675811067646 -0.1134274751324948 -0.12883137102190773 -0.042930609150687346 -0.07100385061155132 0.14402528011109353 0.027479547082246293 0.1123332071086812 -0.03586909958441316 -0.16014545035499297 -0.15380913344013544 -0.053086024429745214 -0.12189513856604513 0.1461518352365033 0.03925798633435435 0.0880232462339873 -0.02504598124300062 -0.16472763919904765 -0.10527667173954837 -0.01705270033034267 -0.11998029959513694 -0.19028908250822837 0.09790828720738708 0.06666391161858574 
-0.06708099330667926 0.14896095720724195 -0.02814978176431013 0.13733970604113055 0.05912358608592469 0.030907623362075705 -0.11911832885458247 -0.0048767534260684845 0.17326885575547507 -0.0772268638136014 0.15915035469993039 0.18619008394170944 -0.06729932653506683 0.07024428070780539 0.15960132883106767 -0.21543059386241228 0.18964793057256651 -0.12310986848240411 0.13953403420913202 0.05491125853699925 -0.08143505900182972 -0.1390704588794999 0.057047916582072554 0.16437958406265107 
0.12984694625787999 0.08211361202616302 0.17670423560084414 0.035411636622253655 -0.12028651318478077 0.029973440738884263 -0.07420667631526864 0.22171252002401787 -0.05201246288158693 0.22824537733087172 0.007374276730722175 -0.14840192759425838 -0.17026320095340872 -0.06186000252860826 -0.15040547954284839 0.05479536998477808 -0.047834776718965716 0.20042536997779378 0.1721080788439169 -0.13993711730862352 -0.049855086420578926 -0.04443977344344899 0.03245753371806168 0.1170268908176454 
-0.005020198488833386 -0.07237298005619908 -0.094455626811434 0.1479534597536583 -0.19159839920820704 0.17505029867800573 -0.12406741398205137 0.03806393741835348 -0.11270167423382003 0.2614122344414576 -0.1506679656467854 -0.08802335592564346 0.1213822202824135 0.08215389716438473 -0.0755264461989385 -0.2003920334997327 -0.13942379862164783 -0.1414898403263383 -0.11802640322787752 0.1944377948295371 0.21505995064955272 0.13089599017434358 -0.063053399245931 0.13178273534741686 
-0.04806218355649146 -0.04701995157922983 -0.08899735308506529 0.20045046922924403 -0.044560922263615715 -0.027058045990219885 -0.1062606043559571 0.19020111217415991 -0.030749843200540576 -0.08019520010359751 0.07709116626396507 -0.15590006221606556 -0.1574606655962824 0.11732921604452876 0.09691960626750869 0.008778761964170628 -0.11918748404749725 -0.00024712266126695613 0.054629816991386346 -0.06820724940028676 -0.17314895070145433 0.1441539236407267 -0.005445714074720161 0.07761183103315773 
-0.097713196869986 0.0704956093891682 -0.0280104715155627 -0.046501036264030585 -0.14906853053200556 -0.10158047804760323 -0.1683220654167725 -0.09658803052329604 0.13188469968276906 0.040006839124219894 0.058478118647035886 -0.2466715587316272 0.05363526981400314 -0.029729120617478042 -0.1069546154120179 -0.17488174240012824 -0.16001750061762196 0.13730299424685813 0.19358502306622472 0.16233226399319406 -0.060312377679688216 0.10902748368198946 0.04944795093547933 0.10881326836565734 
-0.0063806557536476545 -0.07329979277268166 0.11427482218693624 -0.1598226350714973 0.014528649311429285 -0.025005905515830554 0.019509560519279476 0.09081067733038956 -0.1590882200865372 -0.042187511167020846 0.04559834062082834 0.17651145230421725 -0.041826296523667074 0.18878738602500597 -0.03781700507686601 -0.14525574747876546 0.03368761755366432 -0.06547426167933891 -0.11216595049327584 0.2585890210975786 0.197026287337372 0.03893504271006438 -0.004410301465931316 0.016482319127613283 
0.08824687704339891 0.17401747458667552 0.1575649483482373 -0.13256691588472666 -0.09243642452393659 -0.21717398875217037 0.1953339937671849 -0.10475098806860242 0.04975688938649217 -0.1641348785088703 -0.12916129619905842 0.017896761553464032 -0.19230755926608964 -0.02221014003630304 0.004418354180368263 -0.054684071841399666 0.032565775167657636 0.014434694835246599 -0.04312440041679831 0.07084138590209234 0.09577051706549221 0.08441648965659843 0.011736133324738812 -0.0578490608589007 
0.03412951569102859 0.1812153097168304 0.026716488737252308 0.22132109074459536 -0.023190321942648712 0.09298949083089564 -0.18533661907902751 0.10488541368959138 0.026899190134607523 -0.19852982568142144 -0.10575095244904875 0.0293204249390838 0.1065003098518078 -0.2098533007212603 0.01927169261222924 0.14682147314086777 0.06734900549810757 0.17662237488930763 -0.17019911493494408 -0.0806510931469941 0.19966138026276814 0.09753996032855582 0.03178453644498017 0.10631027522577252 
0.21668710976376906 0.1747885023232117 0.20009946081565813 -0.14382205305077156 -0.17190535871181925 -0.17071418419413217 -0.1946749390933099 0.16934051168134567 -0.22099640194982204 0.11839005784341598 0.03255266883860282 0.0341267870539336 -0.060581089132384 -0.023011507915384748 -0.09773317982708096 0.2227634730491156 0.06392266756190153 -0.1901054332400882 -0.015107723812960794 -0.08671292909709118 -0.1603536717844546 0.2043097973114853 0.08110201388976793 -0.06734301317929643 
0.14860750116558685 -0.12334750025658092 -0.07607177500338867 0.16271451902429515 0.2683062591263652 0.0700379349833321 0.18202656593194708 0.15198911376628194 -0.01131622147762348 -0.050215174813083595 0.10432100626886946 0.001349537684785871 -0.0028021400181756136 0.22386022225063287 0.10889709845208505 -0.06494601714627032 -0.2409691212151967 -0.1255066336509078 0.010535372032248826 -0.032631983720297575 0.15222727815209772 0.19331075111840368 -0.18119643200409746 0.1818480605885812 
0.1832954313144342 0.18414252054475755 -0.1852310136067796 -0.1771860558208442 -0.1983331440248648 -0.07415346506265312 -0.17795461823658906 -0.08168115911754031 -0.0568692787404394 0.181778427262278 -0.009041259100424017 -0.08794068997911704 0.001177374971129628 0.05662029456944728 -0.15534817978338633 0.1025167537788029 0.14041588674942415 0.13729888627909909 0.15606010058003428 -0.04660355235271045 -0.02208658843531022 -0.15927515114446378 -0.10900857592003049 0.18898061218316756 
-0.047728812718186416 0.1311831264804383 0.15607856652198374 0.15627191387775693 -0.13713715988881484 0.22947479073112279 0.03279710199407165 -0.11512483779732115 -0.08282895686164435 -0.13561124131586197 -0.0269761744751515 -0.13183546068039845 -0.13342599478850584 -0.12054338939833024 0.07563588151190125 0.08573460445645573 0.21667038740879926 -0.06388807869818619 0.05115173348724488 -0.18663182617382992 0.006351381015289987 0.17966562296340777 0.15995621108843333 -0.19666637881568014 
-0.09813391278071192 -0.11865796486690894 -0.18128291184792467 -0.19654391841794477 -0.0038428911398265537 -0.18212147871684603 -0.08790473291179196 0.05527398863304136 -0.11131737544032634 -0.09138331553403914 0.03565838430649825 -0.03314684132629562 0.07130603810859099 0.007215877716648245 0.05258329806312335 -0.057913055928221394 -0.08441182880261422 -0.1544080949682714 0.17501100841676498 0.12395929846453944 0.21207056062953575 -0.1253147579472635 0.17761166335662143 0.21357042227119807 
-0.08581391835525405 -0.08938588544445876 0.020208820933895505 -0.12535163707980101 -0.022758623427044412 -0.1253401608354144 0.17920824132414054 -0.002419849128193186 0.18595779265935264 0.05725065512118969 -0.006149557847725803 0.1875001118423597 -0.14238699685240583 0.05223368135221939 0.06400187653156422 -0.02601842606051669 -0.17646298709499753 -0.0028518910708993923 -0.013686337329706347 0.12213519406306579 -0.09659950496587533 -0.04279924310863112 -0.10322708197330298 0.07380359977966136 
0.20947053687461606 -0.1295827970794523 0.12807367985068213 -0.10692236913574142 -0.17702612172375695 -0.167297561148822 0.20006293827451394 0.17874150597859675 -0.09467519048155397 0.18916743283683496 0.13135675648757159 -0.036321180616734 -0.012539650566003624 0.04633719584097343 -0.1363750950147301 -0.19465928415299075 -0.09248838939313513 -0.19438885722876997 0.06903280316797716 0.020223506520108427 -0.08686435999782295 0.13552279875672144 -0.14572656797904193 -0.10133361371613267 
-0.08230124085213313 -0.1688218696779523 -0.16482324906350546 0.13873079470695027 -0.16472155094048715 0.03844644236880956 -0.15163048038267601 -0.1963286141868313 0.04684783951083968 0.16007523554799435 0.18139638936858254 -0.09216351270509034 -0.18960175001076726 0.1140945390650977 0.12182759466519782 0.1431431547430888 0.034540571686765005 0.09716436848368724 0.15890110462156123 -0.018135802082167793 0.022729601036245693 0.0024025171475570714 0.10447629322879495 0.0562980080504019 
0.0642420125290008 0.07216242947221267 0.002264635893678031 0.1253817779592471 -0.08649497084860677 -0.08951447383069976 0.13529047730699711 0.09158835211381806 -0.17021441481175817 0.094420013532457 0.12849517175743133 -0.11499544001176841 -0.16661551330387264 0.10627885551905261 -0.10953752922956353 0.18773466161544353 0.03983337226198115 0.13235680824759855 -0.15674235148015112 -0.16631075682668492 0.12419171605945928 -0.03554843209455357 -0.16510242527551514 -0.05088470189155371 
0.06809304734423915 -0.12361546859369847 0.15818206339379692 0.1802158089059422 0.185000438836019 0.09127790133497016 -0.036911405625534896 0.09676426483127078 -0.08403410616182594 -0.07345967347266555 0.041739218208701634 0.037361069780126585 0.15124965801903748 -0.09742709920374015 0.10578612969082203 0.17661401378488373 -0.20028216101004712 -0.009379801190416813 0.06206937857628484 0.13692369570969476 -0.12597780502673722 0.14212317413212708 -0.05354765868631154 0.15677803719354436 
-0.1893759040664938 -0.1774237396614215 0.19310302446319808 0.043168990028868134 -0.03242240350760545 -0.13574035274922333 0.06978880884328977 -0.18559330772238924 -0.08197389856440708 -0.06984002055347648 0.0423520266878829 0.06409536618820161 0.1563513092190188 0.1683098198153592 0.06343150867910322 0.023717660746321808 -0.046411778297545905 0.19355757845927624 -0.13797551178921602 0.17723626118294947 -0.07482019549924071 0.014535900125536223 0.08275139543788078 -0.10471656606179205 
-0.13244764444288157 0.0007438528939776382 0.14007677836660584 0.09336659413543451 -0.15221001072420068 0.14915473232069404 -0.007946822441632084 0.2065895389996993 0.034190381142485765 -0.16609964243773884 -0.11841806049069485 0.1476400413366474 0.09064155535841983 0.14843613683510928 -0.0675780776950397 0.010987149911209554 0.054485157237646464 0.016165127919697514 -0.10673142233821101 -0.028790196205322756 -0.10003478906986589 0.16435156173590076 0.22478570397433045 -0.17352318931902477 
0.11977860611373643 -0.09249503371082055 0.04949373408725267 -0.09600963474666808 0.05966591871666415 -0.05085162158807932 -0.10573633892136522 0.1574853203738063 0.17176955248467032 0.044774888221992826 -0.11357696481692249 0.2189063946030765 0.08706231591148944 0.12433792541676633 -0.11468410108898586 0.13159542775452732 -0.09037205575859017 0.04886980483933714 0.0835239943470218 0.08255292488828166 -0.02479843753237957 0.13827317364526978 0.1538066468104249 0.03442104153368522 
-0.16381797402724507 -0.1880439648228181 -0.1577790739210923 -0.13042904610575692 -0.14918315678413333 0.06288689894633437 -0.18459877642194567 -0.10266954817197713 0.2461572894091425 0.14646967572212993 0.04155115544160089 0.13269105537138165 -0.18295001833946273 0.12342347033392616 -0.0747070680794496 0.05356506217289036 0.051185602551874036 0.11029438040256732 -0.016276871567699525 0.2732922076086323 -0.09610468346993664 0.11363273999338885 0.13297945118895324 0.18220847446504648 
-0.18736163966076735 0.14845146133527312 0.025779227834773138 -0.0029689439302353683 -0.09557250850423839 -0.0685021053567244 -0.09949188165700144 -0.11164254395709092 0.199074359107539 0.0009382796713926022 -0.1667556453846789 0.057254152853121985 0.08129800102403613 0.04181778248528792 0.006035536627710674 -0.039423632426607125 0.15599674029925925 -0.18915906433963842 0.17325212992258726 0.2531594386174049 -0.06177596385955121 -0.11357813763312091 0.11852416052589142 -0.1283085001997818 
0.12296696042924962 -0.09213366194615376 -0.0829049432686132 0.19160652385155774 0.16110390028663352 0.03159548288254092 0.14227333093564218 -0.05825615707646897 0.21902523783307384 -0.026077676791391845 -0.08130102820463204 -0.18578664473993112 0.20552290314770313 -0.014657304441684478 0.09308466183072402 0.08023758338104343 0.0667527060957104 -0.17982536338794852 0.16807251713465288 0.18929637497119833 0.04123704723834997 0.2021791694266014 -0.10770839440451829 0.04025284981176748 
-0.040804038378420934 0.11378445031955065 -0.07897166726538837 0.19607786495562923 -0.17221333719953755 -0.1835923140594054 -0.1805246716580589 -0.13944332416385824 0.005776296044579939 0.14560845886495066 -0.15553106974154715 0.009901809646981799 0.06814546150848877 -0.11654128891070926 -0.12013861632454188 -0.11110823789546818 -0.21428336691046032 0.08449512195091673 0.06079425805287904 -0.022100549912142164 0.04240921397574302 -0.15586396187372273 0.24850024771800816 0.13721058070359096 
0.06286463642754828 -0.07478629423065362 -0.032843854361386676 -0.004665504816792232 0.17427886288619854 0.17588034301547636 -0.016726173972106826 0.0162276748201382 0.17378963265763925 0.18733222490243892 0.0549597710483536 0.10040120280993108 -0.06427508920463 0.154633199412437 0.13426383300706388 0.020454878456921705 0.18234142612657456 0.13113287607256763 0.12280729837617724 -0.14745405528433414 -0.023982254984561472 0.17325472949322104 0.130215788836711 -0.031204204332312246 
0.19667834614273702 -0.0970317970494849 -0.0657970083287223 0.21878285444940448 0.12293005242445558 0.150492760582405 -0.19596447065122735 -0.04742854271187062 -0.09826397949013725 -0.08085147530403392 0.09445370015912244 0.08258079807692133 0.0001668684679915712 -0.09504616143060735 0.03334159025741833 0.01323073934862837 0.008473291038157634 0.04256401173609437 -0.041126865313882925 0.10378396930184049 -0.09879221797538382 0.04747154641184667 0.22036999136489918 -0.1992504763108443 
0.08858198937149526 -0.15626247351289774 0.017197496772943008 0.050081994420781324 -0.1021110743385987 0.16554854146180847 0.0482533109451286 -0.10663813825931676 0.10737352384964051 -0.15767969443659305 0.021704314770718935 -0.16196885009472758 0.03187527158916587 -0.09807821207895233 0.05905228414953268 0.08556205669969785 0.009487731534343109 0.06226110296385566 0.12477923450541653 0.12244425824744717 0.047208745944217714 -0.019210265058578556 -0.03625355206419525 0.14966138095155704 
0.08039789526042261 -0.1254947427424111 0.02584945791709474 0.16349977035202817 -0.1393481496641126 0.1378122554731662 0.12757075647629715 -0.00025810570854631365 -0.18534479427300712 -0.14063941381320172 0.16912827823915827 -0.1826630599410775 -0.050314526560443114 0.04695371379516619 -0.12064361361976006 0.19296786768033486 -0.1372077459108884 0.01558016421914275 0.046545483539180185 -0.10692180986581569 -0.013224153902188424 -0.0035239792111419633 0.10605738353518161 0.05300932746472644 
-0.012736072725856187 0.08079350469664426 -0.018314045421981937 0.010087285100226906 0.06267824903960231 -0.1270058170972257 0.12173422649384054 0.030135987615691445 0.19589001503563655 -0.11038750734158385 -0.013240875329332918 0.19100619004578268 0.03997020181896447 0.11534970641038432 -0.03398968929758991 0.09681146684386423 0.18855382155677466 -0.11933680456557245 0.12238490063137192 0.2093744206740553 -0.19474650191144915 -0.11327797298885171 -0.15285816842800795 0.09537828131976456 
-0.16755881081184096 0.2141092282203082 -0.04352043522097154 0.24582955102307535 -0.1240233066710678 -0.02324334497894142 0.15127139507808648 0.04255232392323066 0.04841783628083174 0.004958861494860957 0.02906947854286248 -0.02615090180409641 -0.1220117414590502 -0.18730791437078428 -0.13913025980306837 -0.17926252871910955 0.029462027916824205 0.10720313076036499 -0.05563449670621164 -0.1699631652044012 -0.05374882544395735 0.028107800858400263 -0.03611044409966741 0.12374011664168998 
0.18094457406295708 0.1739802687671735 0.08082527714582272 -0.011655260480384833 0.07230708218245989 -0.19521680441707445 0.22777039564430474 -0.1306919587178482 0.19710033613469352 0.1213778459258555 0.11592679815715899 -0.11715225859995981 -0.11168851864471387 -0.05899858090792842 0.1393728958354431 -0.01949506804293624 0.21796459519399455 -0.05819772584258552 0.04709367544802418 0.1847335145736777 0.04935593478778318 -0.1821149220150952 -0.0036284321025599874 -0.06534186546763698 
0.012630527332836393 -0.08533239562525587 -0.1508753309809683 0.06655463664316383 0.0717724765469653 0.1465747331583401 -0.14676909451629755 0.11885516283598746 0.13022531945042487 0.05789087413235614 -0.11742600987513273 -0.09468808559079253 -0.03208054201776616 0.01641461020709735 -0.008849953636356982 -0.01277152852896855 0.13551389225434826 0.14777663020396903 0.1261771567283213 0.15090075961095112 0.027933023219922515 0.18600611506996703 0.04199613505659052 0.04096672565344437 
-0.07150985286437779 0.0717103350595104 -0.17947674766009813 -0.1458910748040255 -0.14763686548898886 0.06133654734820267 -0.12937566478690182 -0.0627918997591041 -0.18259905607245053 -0.10581722789745748 0.1860829442469676 0.003581989870103161 -0.13919239697960464 0.009025332387981446 0.17763162120562143 0.14598533584627696 -0.04254722125774037 -0.08568448530065757 0.1039921995549161 -0.10310154263122909 -0.09757510087040201 -0.16639080502943868 0.14536005981065814 -0.020472694998491192 
0.02429215627851116 0.10737140091626292 0.1179952150010216 -0.020626721000880623 -0.1258209782719311 0.09566797812318022 -0.1880337528932388 0.24596436331224944 0.08174606209268637 0.1373705329886371 0.04279757744789977 -0.15752910871512363 -0.07537026530831417 -0.03639664466229366 0.25264140909364835 -0.12567227548567317 -0.04395829955800093 -0.061739244175206626 0.10720974523827893 0.18155134719622207 -0.05720586569005515 -0.11774858058922026 -0.1733118712189564 -0.11995739182855585 
-0.09028165399494571 0.005097524809306827 0.16010818005010552 -0.14845279804879025 0.1967073279819424 0.0540809158062092 0.1212041726596376 0.22831695394085194 -0.022097634358971035 0.012395348437825504 0.06521484096075436 -0.00828311542087516 -0.07957985265007406 -0.1577294370401321 -0.08525789467429187 0.10381045126405221 0.07612460221352084 0.1085882430043916 0.0067133006724718865 -0.10647499293648165 0.043955597459025435 -0.07762222631501867 -0.20042276121498945 0.164334363939252 
-0.03134005880438271 -0.03553815171877303 0.1181291327297861 0.20647924644484128 -0.17110154637008712 -0.17207358546907683 -0.07028790117594919 -0.1019779349123797 0.008590083031572581 0.12929165108365592 0.14123701249684667 0.03343062354928162 -0.11278845782251934 -0.16453148202035073 0.09662019164170356 -0.10441706544207506 0.005515058917187351 0.08464482100649696 -0.10802520524738617 -0.1297118196251 -0.18446646339613929 -0.12892016282396387 0.16503710364748608 -0.1580337200065868 
-0.1098792425784222 -0.18731536186598005 0.06977447494948781 -0.10663473705437376 -0.03402072644192806 -0.14396319428922677 -0.04844004674301665 -0.007029291349445646 0.023620708369166597 -0.03036276894383698 -0.1587975226492864 0.08581135716655378 -0.14481262784612056 -0.06819984919703523 -0.0904600497082562 -0.0788213670392788 0.03966901496644271 0.006974810993169997 -0.12341368098531964 -0.017052032622758322 -0.06343206822505626 0.05695708473624607 -0.1088924866712439 0.11120858213077867 
0.01029086007080143 -0.06204707003432231 -0.09779467988949557 -0.1250016108419291 -0.011057717478100606 0.25326306938769333 -0.1569822402777103 -0.08584681040000129 0.05779888420175558 0.14762796619387522 -0.08773223378683197 -0.007424664743936643 -0.06573785568760485 0.09907180754509763 0.08696946688690166 0.1425856340441203 0.1520390248346895 -0.04113167085838975 0.17038317296916825 0.11138593805964113 -0.0762720866382719 -0.05437056622533944 0.09681676446047476 -0.14932615594023124 
0.0526833190029236 -0.0881514585408493 0.13039984462350232 -0.05348483840961169 0.09259546010431327 -0.1224724570904527 -0.007276067745399079 0.12086265609462749 -0.0405957416306939 -0.1349412711342784 0.05885931392856455 0.10061254258628237 -0.0871572971504272 -0.019108063243401963 0.16010051798873315 0.1485406650495141 0.08210158942619586 0.03579853991099914 0.12643103860284863 0.16302656065941903 -0.19967886900613527 -0.040500795154116864 0.024143570722905888 0.09281901710813033 
-0.16501281603263043 -0.009269488417096423 -0.08738636723934422 -0.030098655921304417 -0.000791882790439101 0.03382393429309361 0.03207598662684311 0.04339967983917595 0.07194846376104273 -0.028193263625332234 -0.1986689650088305 -0.16848845681259209 -0.0789481802673111 -0.14085187111865916 0.038872840106448196 0.005873600342359831 -0.016287562310705904 -0.07342129655409077 0.06056233895514568 -0.12333435247997511 -0.19829895517949064 0.06738744943894945 0.010985232903272166 0.05892699143170669 
-0.09993508318357638 -0.24726252153209852 -0.04808607045457598 0.10622710042716833 -0.1587724029213288 -0.10983058451805414 -0.03150374228074495 0.027381669261630423 0.08624927879175769 -0.10733300658283394 0.07179072574242491 -0.0173932709617368 0.04062364150430282 -0.1295640856687123 0.060044384225243906 -0.1302758885038322 -0.18388365160212153 0.05881314440710103 -0.12580068745007825 0.06997822629568229 0.04437190323244804 0.1644709829356438 -0.07602637228074283 0.24821295346490693 
0.00671900884238711 -0.008147859587930326 0.09049726094768124 0.039516325701221 -0.05430338932869522 0.03708537660127941 -0.13231610634178304 -0.11213394678894434 -0.22734708773127393 -0.03651716311895395 -0.10576146063309912 0.027898485597358837 -0.2126194163345403 0.05024141414832057 -0.08202731988836094 0.05499507179483992 0.047339079352077734 -0.04002477422294472 0.06450765007621184 -0.12141908949924923 0.27903411649668447 -0.13258278612546034 0.18958922071088138 -0.16012852568012204 
-0.02009919366353 0.11416948368320791 0.12089810728611751 0.033010715691382364 -0.03958858059965357 0.1976239073754436 0.10874151528615045 -0.07978360393087049 -0.09076293748363684 -0.17374126287319494 -0.06689064118689961 0.0898822922832992 0.10896093601454543 -0.07821974258420757 0.06252317777295513 0.12189200658251005 0.10042438976110409 -0.18852995480662377 -0.14094536265951849 -0.1379702543783495 -0.11644884665265091 0.16365757525097366 0.137096640229752 0.019880020814045805 
0.016952012970075266 0.0456383561193155 -0.07835185727650723 -0.05260665722070291 0.029486026820310384 0.12313246138967375 -0.11876762885856523 -0.06822536431476187 0.09643170903978672 -0.0628822111260179 -0.18125299543178883 -0.13705320020484238 -0.12188823793315254 -0.0019151010213007977 0.05334502183678611 0.15188251786684054 0.16094928001188086 -0.07636034186457459 0.10063435828909806 -0.08626134245458297 -0.05187322228748737 -0.0821359544894191 -0.03398155007578193 -0.11347703841037583 
0.016279011502550116 -0.22722621598474035 0.16398629781018473 -0.04726067496551434 0.19114703421497636 0.18244490031239216 -0.09417788690012986 0.029891016294199255 -0.013719321634791417 -0.08352051078265549 -0.0026591462889353082 0.1727619016681534 -0.172477576624415 -0.12837512418945968 -0.1124756803677297 0.21575073476504567 0.2266087612129775 -0.004009977966299188 -0.14659631647200055 0.06834382864020955 0.08542741338373282 0.13157672832502207 0.0729127766943815 0.2905773122691573 
0.13495881367135915 0.09031184593772468 0.09662539515163743 0.10090583044598873 0.1670050864448258 0.26060733036379463 0.10466137481921653 -0.12700325734574255 -0.2752538813439352 0.2327897360569299 0.021294899371493464 0.10252722178621107 0.0810492263801826 -0.12246850726028581 0.14743342567636958 -0.12230120887853214 0.13359184288939216 0.09375767389614317 0.04934513175586454 -0.04720201193901392 -0.020340154090365332 0.03787460617515958 0.0949598764963395 0.10688177122563011 
0.07833816648486419 0.012832247532013855 0.18931497322555846 0.09627153476337691 -0.057312678317022143 0.008888679845660951 0.016736393705115277 0.038278016521219926 -0.05661430416483107 -0.23477868905406105 -0.0764929615602547 -0.09714905304601726 0.2013300687680712 -0.12200772230317783 0.04986060210321019 0.017331654031509384 -0.1201118612884208 -0.24579915553662163 0.097199975588067 -0.09063125858510405 -0.06260766447012901 -0.1512202599131194 0.14060775058051742 -0.1533695679531784 
0.01960128637409459 -0.19439777239639497 0.19376862146821652 0.038779084266130893 -0.04570179477397046 -0.14094513942210662 0.07797575472833251 0.16227974707250178 -0.07198478385076355 0.1059083829902562 -0.08422989786649696 0.1832262287417693 0.08015136424306098 0.04932696880414328 0.1724254545539047 -0.09162899098259174 0.16952609595326418 0.0704637682988242 0.10786883475004581 0.028180518369394097 0.1331116855684029 0.07853720543572398 -0.14100155166705297 0.044342851546519124 
-0.22168352945263314 -0.04943229865069466 -0.2406912042301705 -0.1562834282780589 -0.33120025327825564 0.3355413633334835 0.03624854305213421 -0.028326775850885118 -0.2982089557278912 -0.030073617043368334 -0.031824649943279895 0.3774393712408359 -0.12415979763288615 0.03391108213455711 0.11195292622038164 -0.2151338464568878 0.024672690619694293 0.16756446510132667 
-0.27355171734981987 0.07151685666833534 -0.40230784057870816 -0.37711535630434445 -0.3039947737683384 -0.0124411200766094 0.3462087983745232 -0.017137355806827834 -0.31460961747663113 0.26733381952422663 0.012908959387922992 -0.1394043448796923 0.35407590802261973 0.3386094315762014 -0.1635812557878922 -0.20435901377747331 0.13931632927242635 0.2654892370890732 
-0.18190369654614025 0.05819140316521861 -0.2381471980833327 -0.20910383530477206 0.17840374250923258 -0.24023807604448608 -0.24022618448569052 0.11357239308366542 -0.33426379769776965 -0.2894314791361152 -0.14454229135624647 -0.06421684229013176 -0.04971390023606769 0.1651753892051875 -0.32064729621355365 -0.09579749167180474 0.08068183398838102 -0.329472704311394 
0.2689771063372699 0.09850846977971092 -0.2624680673356811 -0.22386756584739148 0.16740750660499099 -0.06509416533750234 -0.05730853438835372 0.2317175385641931 -0.25657329837092097 0.364990183365623 -0.31594245113464586 -0.32206006798388837 -0.21259502896594168 0.21188233791315025 -0.029591868572033993 0.10377561615029772 -0.1914463256759267 -0.24086719093272396 
-0.03078451285215888 0.16379798379606839 -0.014974234192717373 0.25407277773969605 0.10868754945870995 -0.17116279130395753 -0.23616896918968253 -0.09981268622736371 0.21645678043044644 0.336528725456615 0.2723555261881691 -0.17691757960933527 -0.03017827858093666 0.03354587096432108 0.03141566297616175 -0.0747105863808888 -0.29977889279716047 0.12192562094992154 
-0.379136328867498 0.2515888743689161 0.273263076091123 0.12574067740325695 -0.009075831537103403 0.13534064916707628 -0.12822129582256325 0.29264382842453124 0.23758926006619355 -0.2065025983245663 -0.12365082524969676 -0.062167740472064144 -0.0006541510722260105 -0.0034992221278405972 -0.31660906909856 0.1083840692938983 -0.2042368372652947 -0.12300230960313967 
-0.026787471096348325 -0.10241974701062068 -0.11987142440149182 -0.21908661381336514 -0.29791940679786216 0.03439672367368689 0.09261612935854915 -0.2123852194984527 -0.19667091405429335 -0.1406229732546575 0.23064074979089905 -0.26416927518682354 0.06067812369475358 0.03268438239912185 -0.10605836078366035 -0.10112421154534401 0.3880365004198398 0.027427091044256505 
0.17105822103676763 -0.006187912452272973 0.10339390448051228 0.06311752053815253 -0.24369236014163925 -0.11205670322266008 -0.030521991567240715 -0.3192867096961311 -0.09195407310388888 -0.23771115278258648 0.25191319776848076 -0.15562078374908164 -0.2464759801986135 -0.03933501810953365 0.12425768864376145 -0.29969047707495144 -0.2594735695820083 0.19038583847151253 
0.2035446385085479 0.07950191206907417 0.2634274843907948 -0.26014001755457894 0.13837762341394225 0.2876096316861874 -0.24778602608315534 -0.1763752003699906 0.024428010820620516 -0.12030379335482688 0.13899246266324358 -0.33879380406463494 -0.25037113692046703 0.16608034433310773 0.32531970957681683 0.29628174967664656 0.36884926579412664 -0.2711625692114395 
-0.3211600612046983 -0.2950004394279734 0.02044045725933914 0.251008593289227 0.021293796838852935 0.19258281800906166 -0.2665502711438728 0.31315087149197485 -0.21328783071780857 -0.2807374995903444 -0.05282044343546423 0.10149274058909723 0.41380190115092474 -0.3617983003357035 -0.1539531339536464 -0.27184916991268404 -0.05458355416935641 -0.21580607399834686 
0.03885637066810867 -0.10274196013296931 0.3239994589284594 0.19831920493688782 0.2480321837768803 -0.2546944404615587 0.04625467380608103 -0.1984510014433113 0.2793514418484457 -0.38626129506577717 -0.27140064948358206 -0.1266076874169807 -0.08149676664551099 -0.13704256893218605 -0.2782183376899927 -0.26226426572000844 -0.14769139980041246 0.3715239143640031 
-0.2249178753975853 0.16864383593955248 -0.1930251163625477 -0.3566517557652429 -0.3347632108070537 -0.23840994944706187 -0.06603027072008112 0.2478438243225464 0.17369540317385954 -0.09018412764830842 -0.011802784684438268 0.2579789751441598 0.28610796973692587 -0.16073242766861268 -0.3431217395056474 -0.3129000492831142 0.21365630883433714 -0.1920545686423525 
-0.006909131544529804 -0.21089318453285066 0.2447280146963807 -0.019292892532894554 0.018183076034057565 -0.14415973379442687 0.002336291986834631 -0.35626553444251796 -0.15331118595097598 -0.12768287698808453 -0.14701319638240345 -0.32320463194151655 0.02815020064263435 0.23586618582051663 0.30549776655775407 -0.0018098532906613753 0.1384401565025352 -0.14564955998849696 
-0.2691722184518193 -0.25302917637146877 0.13922615040178649 0.1442404817536084 -0.21975510297391818 -0.05819832372378181 0.07191027836487235 -0.27074161675920155 0.2327695047686262 0.11833124443013907 0.08469660229690418 0.20309564526788662 0.4107315012099026 0.0246138413227096 0.250422453778739 -0.05470636337822314 0.18490115633232806 0.2818508192769893 
0.13490482333302722 -0.1338044144624248 0.07670658606378657 -0.10064380412497426 -0.12052048512460305 0.07435635168849355 -0.2644948038408789 -0.01956947162540792 0.3076433563812627 -0.09099790633113186 -0.21303661536129403 -0.04090850058618491 0.23265171410235222 0.26063965212598367 0.22475880222046668 -0.3380078150131048 -0.15719773671804044 0.3882388481844887 
-0.3146210373309012 -0.006623137426995558 0.2038102241308879 -0.2598151883044163 0.11005843604237603 -0.007967436255105093 -0.2881282929760721 0.27337943847490725 -0.2088059855245497 0.14165181587909578 0.1751412041236524 0.0934670382839338 0.14900849309299125 -0.31349788868406336 -0.13038738472097688 0.05855295070717595 -0.06261468660473189 0.07965915344104335 
0.2391802266397624 -0.21215679315194802 0.29243212146964453 -0.1035491704753455 0.3058694078637374 0.07924823720524514 0.1740571593118518 0.04682913215395493 0.040709442389576744 -0.08207370933932354 -0.2547901481630584 -0.03584038596533345 -0.15167186174130493 -0.40496675634897356 -0.1532826675314551 -0.2188978403294136 0.3284126929711812 -0.36979176419403215 
-0.27802560042233654 0.13871098959189512 0.2954454103831157 -0.16951901614151285 -0.3310433351992161 0.3181599917236872 0.0710780084041842 -0.09318619177718541 -0.022657209407211738 0.12271417395873029 -0.08521883109446793 0.3408211993555968 0.24876016491512035 0.2871283680771191 -0.10081701267883035 0.3016653470167609 -0.03633131050373119 0.042136254809372255 
0.15722057545984192 0.2118494975006377 -0.069955055277286 -0.034934502288082994 0.21739692875543748 0.1480558402218787 0.3003812622104794 0.3316803536181903 -0.22006046109401187 -0.1807915426279036 0.14696987501753175 0.17824219068749955 0.0655698705894922 0.255071322776786 -0.16914983281615414 -0.1087566397656246 -0.0035757814089951334 -0.13446646457696934 
0.04850934296352844 0.12385431920044136 -0.20455251709395394 -0.032173171928726936 0.34116847315278553 -0.11928609041450024 -0.45908068332677465 0.17780312144666097 -0.0009913712835513035 -0.33356333945895306 0.2836159308644422 -0.07890810986898053 0.3058414390356543 -0.09190240502301673 -0.2917770140767752 -0.17379344409000377 -0.05645145665667008 0.19645509525417149 
-0.23738753293822154 -0.04639970959732831 0.2619828575704837 0.0010640964583260464 -0.2732236799865361 -0.32876107354147777 0.11782435214462969 0.3858577731423447 0.2085302798429996 0.20611330909653702 0.11901706472788472 0.2563272352602625 -0.3231053707196517 -0.19400188219767853 0.132755016255617 0.25222855351017515 0.14768677340368247 -0.26943711714453283 
0.3501150710574964 0.2778250229857266 -0.3589765639701988 -0.2435749255251065 -0.15307076096214256 0.162493490832097 0.2253484899111114 0.08405648178644208 -0.19428213635453212 -0.08046032900728536 -0.2658918693445533 0.3220366832909576 0.20563349367902412 0.03762956310047575 -0.031139737783431314 -0.27696506620973216 -0.14926837728865297 -0.28784691868844936 
0.24059434537626745 0.03010141436613749 -0.24179987850956183 -0.21930805586616417 -0.1633183524043354 -0.12981139840481548 -0.10511170306159033 -0.1892130084682749 0.13158547452831598 -0.34182597723497776 -0.1165709017203107 0.18977482233353407 0.3202917524812471 0.22602154347655926 -0.17690181959939721 -0.18240054969313083 -0.14821823570691048 0.2902812839414042 
-0.22993051609030174 0.17621181257467255 -0.15543719070639198 -0.32269953247642413 0.15905356096234516 0.15403612472271977 -0.3803927471822385 -0.16067119377735214 0.35647578043034656 -0.23132417518499163 -0.290924797265317 0.10920626756428085 0.34684126928005243 -0.30008792095932857 0.008698843936786459 0.12490150418102634 -0.20023193732253108 -0.40384796355704594 
0.32879665990574514 0.12273334804374944 -0.31404390743313615 -0.3206145945113879 0.10090080609262589 -0.25195108298747526 -0.2019777562241975 -0.303706416006546 -0.24093193483271405 0.0010774617007583789 0.007682014067617456 0.009011079775393848 0.4710327079095157 
-0.2974049770083005 0.20405711680155258 0.2346474606482615 0.06659515808461265 -0.02908317793089265 0.3163447241802797 0.26277343924311486 -0.3628019065334276 0.37378945187356577 -0.3983918020478711 0.057305741618532365 0.05675191948899273 0.26784929778948496 
-0.09828581307022212 -0.33963533481798613 0.028161819654611696 -0.41576985209400874 -0.12311827115312633 0.42906947239614296 0.34868266464099645 -0.30189109218605237 0.2770984961137026 0.22735765044753717 0.3450285913638796 -0.21986694869808918 -0.04438648871593872 
0.2755150173471776 0.13232399825508417 0.07376667913662575 0.14628912035492514 -0.22788046060457404 -0.37718366103047124 0.18790568070663552 -0.1269557770217846 -0.09706198062353887 0.07291121736696811 0.1241697067146108 -0.2373755138820302 0.2517652243915876 
-0.09431370111867333 0.10384150777401033 0.37662833393706774 0.0507206645269822 -0.11130440853147323 0.09365805445995981 0.0013936859700790895 -0.03721420257980673 0.18467691892373264 0.3419756682063939 -0.016147866808926634 -0.3314621757616525 0.05455971967175024 
-0.2031470298695721 -0.3716682872360591 0.23006817285955594 -0.18059808704319325 0.22105111879104083 -0.009175635903907724 -0.1441581655859934 -0.1473040254120814 -0.3696425762266877 0.026840595556578348 0.25898572832550754 -0.33503808204112884 -0.314709938166805 
0.07533062623470929 0.12689767303076147 0.13428160060929636 -0.20304360308155547 -0.36911349225176 -0.11386538881771367 -0.24620896665880274 -0.47838759877158743 0.1757043088822525 0.44177973958642597 -0.08560484086692004 -0.1583608613954495 0.08598730924797536 
0.27428759531423835 0.23223853804869027 0.11999154232431784 0.013340527277276837 0.10063311700405654 -0.17679490933278869 -0.12881383058818827 0.316031224901744 0.3667155823751005 -0.36010639635031716 -0.16177642723519262 -0.39932932116342235 -0.16571711635592148 
-0.21984294106105812 0.10564177523189545 0.15630645002543117 -0.3476842589286588 -0.33659860413570664 0.3260309175527247 -0.11429952564103359 0.002652832750921839 0.4142630589393994 0.20816807014839322 -0.1380456795534567 -0.3334260518275436 0.04818064256351129 
-0.17357781239018977 -0.37318493384556656 0.1969783765184687 -0.06720931361649678 0.028757672967038593 0.25892573450983003 0.42757105350273383 0.13852646750663208 -0.16187420969479085 -0.34157598609516343 -0.34327280789765036 -0.1427469771573362 0.10585711986248937 
0.15469397906760002 -0.24165506223177402 -0.33594522550522105 -0.1377393815428189 0.016872640717397674 0.23631723145366496 0.038030122695993374 -0.15314575828781957 0.09780842537887331 -0.21277871937917567 0.12058753599572283 0.2740091860708946 0.09152660313949953 
0.06912217706730209 -0.16816040341062355 0.28574657796696634 0.47906601395164033 0.19548951065264483 0.11365935497208109 -0.2717059203896676 -0.11021840536635924 -0.13263506161064442 -0.19738391333090483 -0.04226368145457258 0.08702342543057695 -0.3060574485385865 
-0.20981403645871197 -0.30442862592107656 -0.20162702943127547 0.027230140536252025 -0.038306415572379425 0.4653230760055513 0.45430778290036533 -0.02110572016245019 0.41182475026547055 -0.2520419114579549 0.032109272162167996 -0.036382322871372885 0.38047331479617663 
0.27526755278225956 -0.2058775816738987 -0.047312240827776596 -0.3154132060067427 0.049045744783004795 0.2343607975504623 -0.41327123878195504 -0.2970375035653136 0.4290346110077943 0.42848333507986675 0.044265769339368745 0.11530375538062988 -0.17647917801179658 
0.3647727050860068 0.13428330940268313 0.13190206113120523 -0.3952689150905836 0.2830886798438869 0.22207343303438268 0.14645870674731268 0.19157215607238437 -0.2752629363949829 0.1737586675454417 -0.32438128164742397 0.16420734498082803 -0.40229972297270195 
0.22034722721164207 -0.0065674284735687165 -0.23616162937272242 0.1822287091373541 -0.14599357445138583 0.30843500354344056 -0.255889653234478 0.35357467262179776 0.380222823876576 -0.15498622192847875 0.29090037449720024 0.2742395921837062 -0.05908689217371451 
-0.14797342948316233 -0.1873159371627774 0.39815272066725516 -0.2721957161621702 0.41920624048870697 -0.12028957439275965 0.3330949780852673 0.23466202355192645 -0.25161409746760083 0.12434025566163924 0.13727716646305116 -0.07395968851209178 -0.3781072594180065 
-0.1645043938298803 0.327784164544551 -0.35243850116388603 -0.3404661511384839 0.1705819609793717 0.01898816002324835 0.02483919026279778 -0.11435337163967614 0.0889845024266077 0.32207699211898766 -0.1772369146053795 0.2763563619082318 -0.07981625128359526 
0.2362561639413553 
-0.05517764669771489 
0.44817296642258153 
0.6789847534453574 
-0.019990218401162173 
0.3788307440600841 
0.07521831281547048 
0.306281307780346 
-0.3464415246087928 
-0.5461708124111045 
0.5823177083375292 
0.3785466162150569 
-0.27650030227687694 
