-0.11643616099512416
0.19835767476074234
-0.12423450180417486
-0.09487993432974054
-0.2593472401316549
-0.0010733980977828772
-0.003725213579449584
0.06645647581178293
0.1485539197470495
-0.06586421265575104
-0.03510664319854948
0.16145006341765994
0.06866414688829758
0.088503867964283
-0.07387546219215942
0.01514576396111032
0.05712074006742905
-0.15926514138455866
-0.21762922624562034
-0.15336401881173994
-0.018932529420898837
-0.19433397039810094
0.09460247165831775
-0.10629900867536339
0.29285921880440274
-0.35133213571734223
-0.22999682305926725
0.11334763447770689
-0.16193288140754367
-0.37062621976205373
0.06417320333641266
-0.15066809282194435
-0.2815340322410656
0.3649946192322809
-0.2513117368753944
0.19005054460229195
0.33626175970616484
0.27217127398755225
-0.23867922243569092
-0.19895404772556527
-0.3634647929030565
0.3117728101818536
-0.0446239330951699
0.1839570793672559
-0.24697508819368835
0.39470829183009426
0.15361713284926198
0.12818487473549767
-0.16415579421776827
0.20133219659424637
-0.19202159032969393
0.27484056330822226
-0.42984693047613143
-0.29340775519553985
0.027280892095661365
0.13592247882401562
