98 24 18 13 1
-0.029654599937337264 0.1023842287329445 -0.22303675609501478 -0.1264202282967051 -0.15728416063963643 -0.20230490176461005 -0.12994729312609274 -0.017975292978243424 -0.05995885480247915 -0.020053386039976556 -0.018486390550430123 0.08335911140497226 -0.15865469584569297 0.1679399239399736 -0.22129231309338696 0.08125634337190392 -0.061628662489349124 0.0014253583037105817 -0.1435230478259839 -0.1965893509833948 0.14718027133544948 0.26077596503965483 -0.03952210939839546 0.16840955950219064 
0.2142407516971747 0.10897770939252548 -0.20270954481261 -0.25808904699694524 -0.1392816929543579 0.23239067872826422 -0.25602626981426196 -0.11272249153275392 0.13248329991130883 0.04210597352184537 0.06935793042177717 -0.010629480280923248 0.008938544815739012 0.2215021579383962 -0.23350170765734507 0.16713082904756804 0.24669595321219123 0.09593823896317186 -0.0975270969815638 0.14137258778229334 -0.12637004124222218 0.00920710625995465 0.1416905574913612 -0.019149547740659755 
-0.10050234994579167 -0.1914231034169397 -0.23668747960282782 0.051889352432449076 -0.1420631053711733 -0.08179331017576953 -0.09069451800901335 -0.27264710999512715 0.04098933916764012 -0.10731092811146685 0.06385078612320655 0.10486964521705806 -0.22008617053040955 -0.026622982194657724 0.049406250462320146 -0.011502094543508644 -0.24881647159783332 0.06221921308486779 0.05577694401297698 0.02683664735573533 0.21585782837943546 -0.004332589036893108 0.20297868732347926 -0.12779614559581484 
-0.07997542403799413 0.05149120838415009 -0.05424306760543097 -0.24810975122855994 0.12578721333229953 0.029572285311758238 0.055522518639930844 0.08142071621596864 0.08988137722956344 0.11182384945615484 0.10144688539095481 0.022433562158190964 -0.19921709691574704 0.2682842169944585 -0.05903715226912054 0.29876125187981606 0.07488868795086712 0.08043463642259445 -0.16614151922222675 0.1681755336571163 0.08522226877873061 0.10121200145355308 -0.05873907704353912 -0.037915880201488 
0.17736445267773795 0.01187789670566848 -0.2575680523438835 0.05683101050717552 -0.11986477580973035 0.036896693381187624 0.1699157070305231 -0.053536273694864404 0.19510345715654667 0.07205436822992753 -0.2505559114102888 0.17955403384941693 0.1268425060703394 0.19781832771122523 -0.16821106270759772 -0.15072736278560595 0.2053779054500433 0.07204902563033592 -0.18593110163137522 0.14039254069297571 0.13476176441210788 0.2622406275432073 0.08035050301999071 -0.11608084154364283 
-0.09862314503481423 -0.30493064828649386 -0.20542456577204934 -0.19748659048786585 0.11119571650856322 0.14031364109920608 -0.046140844095976435 0.1364911087615227 -0.2912796450349967 -0.02128921054027126 -0.02320758372887791 0.3316640046172144 -0.09117639204860242 -0.08390675683391137 0.09873252563907362 0.004691473139818048 0.15153295254013355 0.02859839635090428 0.13751945486690073 0.13734214597824257 0.16032993726364017 -0.04815103271665071 -0.2552831887029553 -0.1002554754653495 
-0.14700045880092116 -0.25959454975612256 -0.1267139947941289 0.030894120227120656 0.022333058868089586 -0.11965209278019635 -0.22967109056337806 0.2319053756964958 -0.018830626040894246 -0.20501039899299198 -0.16571869894415828 0.1633651802210047 -0.13181576955499405 0.09355655510535818 0.17415250501880097 0.21804432117369787 -0.1087893365386976 0.046154256112320415 0.04731742734767566 0.1493955418112397 -0.08699586797428485 -0.13891928545323273 -0.2721720567395335 0.058752188636730755 
0.12654015507401137 -0.052064435691748776 -0.07228293190364925 0.215287857726181 0.0024614503935010525 -0.028104639416623604 -0.056461994887191815 0.051479013523441634 -0.03821837841494362 -0.08971352727584479 -0.17361933316866573 -0.008206891668967917 -0.009786025442936176 -0.13055967525868478 0.10038330435082922 -0.1332337014620926 -0.1082471298768683 0.15151370602851552 -0.12206207809266527 0.056595583932432185 0.10958579978811998 0.29153722949422456 -0.11587588403299612 -0.13953640408824936 
0.08018995292062016 0.03517154038111087 0.2154398919396522 0.1633540722974225 -0.19499879780839735 -0.0688900234706718 0.0007802312667521396 0.15089903770628532 0.1744576388819676 0.022267347954341304 0.14820396848383835 0.11737534272427749 -0.06373390593604794 0.029011563959902825 0.041110515624739365 0.0840727094535906 0.2218996089983819 0.17860541796139687 -0.04143316517119 0.20675529387060304 -0.13050864709846233 -0.16513540947562477 -0.14615547298387557 0.0658913055492936 
-0.19190350986329957 0.17945060575463684 0.1303655308981781 -0.1945624451826884 -0.1290264892494375 -0.06641398318824154 -0.14733073189062848 0.12324315520737747 -0.06136127525180823 0.17624478804924454 0.03228261595342941 0.15131907352612203 0.13749510104130008 0.1621105287144888 -0.015753556365606897 0.01820542701930547 0.11884841760694732 -0.08494269234984604 -0.0038200622480814767 0.03904970439386842 -0.19435221350040302 0.036820270939077485 -0.02608296302663658 0.1223829887854253 
-0.11982219664651124 0.19183748531508674 0.03063907132993994 -0.10957019246616552 0.055174701162894475 -0.015048361436899652 -0.22948348512400463 0.028423508514114404 0.11501445584138763 0.18038570560077224 -0.15071562718990056 0.16306549720135874 -0.10627179298569057 0.15917449776707274 0.021440474946942092 0.09385773677111689 -0.023579220303368464 0.13275863146843314 -0.09291617895087809 0.04439995204527668 0.08434292682689015 0.17234812724993015 0.1750257411784526 0.11530502394285447 
0.11372558453177295 -0.033832049190039376 0.050261836045000334 -0.04654408574691132 -0.05416616882880852 -0.07413820094882666 -0.004359043655075623 -0.034128522678530185 0.09775384211787726 -0.08291895426088663 0.2687838946079344 0.03316133632379267 -0.12402715475942433 -0.07001896524646198 -0.0880913169919395 0.09227014889378862 0.07423996165545343 0.14248901200542907 0.06433339306217642 -0.04710271812065143 -0.14710564470409507 0.120292300358713 0.08773454128866223 0.16277811879286455 
0.12144880155196938 0.04243028070615994 -0.03849669598831089 0.0843619379335509 0.036332114521835455 -0.011883029919103977 -0.08807161255870122 -0.20326293203562232 -0.13748658439227449 -0.14891544337375734 0.1877384923834461 -0.08084044497174296 0.1333321220178102 0.22109213553667126 0.06487860846454914 0.09437905757494044 -0.09405861996189332 0.033850037107768204 -0.061187793459204644 -0.17342564552585135 0.11953418467102792 -0.007038328235948495 0.1062123085369365 0.2588528887912267 
-0.057589965711888354 -0.25363638975154473 -0.1222524675359126 -0.008948775134857739 0.06341273957572845 -0.17318587682582348 -0.13293046407069917 0.19291287883610422 -0.1021027517979596 0.04836699989254082 -0.10584468268188829 -0.17460421070424034 0.05443959156274575 -0.004193362371440465 -0.1385455271473347 0.07649124846582656 -0.003195344642374414 0.09502283169813895 -0.1418375629228305 0.046902764523293894 -0.022268439649115904 0.10004898006403354 0.08420013619487818 -0.13595655708021032 
-0.09326991015825474 0.11650195712982699 0.16934890831315527 -0.017140421653816743 0.13135362534077966 0.16516342649598195 0.07604699933627229 0.15250789108451274 -0.17854175514006526 0.1441433078104505 0.032097342119896274 0.05417455050174301 0.10392335771219585 -0.2067565221958531 0.09804887886184474 0.11239476312539684 -0.04502373502860721 -0.09643550494505243 0.052223123558271974 -0.09987622550626946 0.136975309812279 -0.06273799888449923 0.10636035272379431 0.21796089959865486 
-0.15120172987698413 -0.12667383277654948 0.1604499551890842 0.00657941143343143 0.16852489133241536 -0.017133397751862536 0.28812805050812335 0.00604710618273397 0.008938410284103967 -0.15110682843109816 -0.018491894395928864 -0.27486532234880406 -0.1430295256985316 0.06707819522301378 -0.18827807640578192 -0.07117505246854082 0.1290731077893004 0.07045690623303814 0.07560181859278715 -0.11910919591643873 -0.00419007137872972 0.10911045440493738 0.27585501644620886 -0.07982068827756947 
-0.12915228216589766 -0.09793906441513603 0.09934503419699293 -0.016897135907236606 -0.17745271181007066 -0.04849284989441397 -0.12437427420068572 0.15641250022969416 -0.09237938026442485 -0.18941908995297219 0.03680088576194969 0.12887561811712173 -0.020730459109172646 0.08727690561613927 0.0043671971021186015 -0.00842129395879041 0.20412877260155754 0.09768141759835011 -0.18749263404795313 0.07304528361586315 -0.029313332132890394 0.21437222249584298 -0.11077037983211198 -0.09241963979494867 
-0.1960323923178387 -0.03225673650933969 -0.1685894492254844 -0.007740498162968737 0.06912117209721129 0.14217161212704982 0.12388855789556474 -0.11759774091484844 0.1213349901342743 -0.08089619484176225 0.15792104083365527 0.09043699139258873 -0.16864283878581282 -0.13685352686114954 -0.22487646484742144 -0.14792369330760172 -0.05471798974063046 -0.20888879497540952 -0.19857413649558403 0.04751602607582969 0.003120026024383566 0.11715857006128347 -0.014277998391117328 0.05329932643264275 
0.03163397033351794 -0.08760811566340775 0.11156326681142661 -0.06333562879226635 0.1350776967623293 -0.10910879470946505 0.09851359651946469 -0.19332216695650245 -0.025770033223810194 -0.26292327974794333 -0.034539766267148324 -0.1423312867097792 0.19124895088675742 0.25634886086961 0.10038178081015389 0.2679050690784031 -0.14685064974094636 -0.1060767622267627 -0.1244053794277245 -0.008319299522188621 0.26429808659693343 0.3035380618908402 0.020524272149508218 0.15345927597575076 
0.14449649498467054 -0.04446167735957469 -0.09933575298434151 -0.1184169344821001 -0.22022647227591596 0.14670451869675374 -0.18800972436732247 -0.14971446856364315 0.07109362926663869 -0.03120807308293319 0.1836035822386956 -0.057072054796201636 0.06730689893167557 -0.017249020051423414 0.1499965797601821 0.04443564893413341 -0.07494063312698776 0.01476111283812675 0.1693935032269021 -0.21212186355642 0.14472576929843523 0.20148947071501544 -0.13012694932514968 0.0551657026265717 
-0.06850041983475191 0.1022492423710876 0.02300224039864418 0.08325816901926897 -0.09406672300694009 0.06409060984629787 -0.09242928144464603 -0.2520991847575326 -0.0015655528261870977 -0.021562427945168182 -0.008232566868144761 0.22319300155720173 -0.05037855932280124 -0.07726039182538648 -0.07551711478973856 0.23968730525652066 0.2116969583053925 0.13662435578317628 0.16346143156699056 -0.14624164378297796 -0.1226083144372183 -0.07834386046444274 -0.12238083659962533 -0.10704137217516005 
0.1415884442725075 -0.08336663834176175 0.09100982767134176 -0.1517319575297051 0.08018190674133509 -0.146113030522222 -0.007585204134050501 0.021381723222064043 -0.12202170092903161 -0.18835832636815464 0.06578735466114619 -0.07145050299595569 0.02663006298055862 -0.22013734046690156 0.008368074650372403 0.1472483741763009 0.10647288913170579 -0.0027133953923070575 0.19088771214515404 0.21048504611273852 0.004721003588184305 -0.20481953058590152 -0.27489074507232003 -0.15840056293501267 
-0.0015910288278655998 -0.08542191053064838 0.17349422943472192 -0.17960076508625192 0.21403968582882546 0.0848742452548026 0.11901988109887544 0.0026605265421088316 0.06890878304377238 0.01691507069054828 -0.21282908625121227 -0.05783891783774062 0.0244465147502739 0.10645299151227396 -0.012312064722235328 -0.008019112835348783 -0.16089596448635426 -0.23571494625727715 0.10260386423208255 -0.06680195292413733 0.24506584073436583 -0.14166960882482943 -0.05447884970236429 0.03622325411120129 
0.13741468960238237 0.02946746605680614 -0.14983581322798153 -0.12813729243406624 0.00177068563695231 0.08940424051281698 0.08385526391112355 -0.13753603835425618 -0.23004101406601293 -0.014532717692131674 0.08349402012675017 -0.2118847885007369 0.09647616837969 0.11066879502487852 -0.019941492587231303 0.1628073228570565 -0.00801518179427121 -0.25717481294853045 -0.006105338582597487 0.11141716019377366 0.15545686571020745 0.059064720985221565 0.08730200077008951 0.04365612796979798 
-0.09894773750997281 0.04156848680560436 0.11461989550691223 -0.06630660649653161 0.1442191934108335 -0.08377988468936626 0.0481497597300235 -0.12377409779717548 0.04564669215269262 -0.028428330797753837 0.12050959846620894 -2.8813324856728035e-05 -0.16290229340211762 0.1760916192867307 -0.07576810286083484 0.15748386680825815 0.16987066520978056 -0.11078489571727416 -0.11372031682976935 -0.11203487516473194 -0.14265912600116293 -0.014528644335870188 -0.25565996668827345 -0.1482473744022907 
0.08071120936177538 0.12481829759875648 -0.1678384796388864 -0.10663507152838349 -0.1419059807280941 0.20087338721156991 0.0914666210748921 0.04786970804736007 -0.03415003393622123 0.07721091229808953 -0.025439688190273212 0.16129835644214427 0.13858950778501747 -0.08006908674191297 -0.14927274604191937 0.18258162409401632 -0.20606595316909232 -0.1693264216654099 -0.027067910238874598 -0.12079647022317422 -0.09175050769103685 0.08676436881868851 -0.1527812347104912 0.13912130647559617 
0.14193434949067274 -0.20880333690938876 0.03978032208273714 0.09569671291437472 0.048167404713208024 0.09942349449101115 -0.13684863999754143 0.14949506004570798 0.21234043548666753 -0.11394740061267263 0.07752674421628608 -0.19111409068604357 0.13021183803585226 -0.16585513293008505 -0.04134545169984422 -0.042861641945553856 -0.17992253223421978 0.13072935513916803 -0.051246271992938304 0.06264594661159469 0.04204095924189226 -0.1381633875498001 -0.24171660569752443 -0.16960567657834474 
0.05763083029411876 -0.15894177028051767 -0.056453329113312835 -0.1689544298878828 0.07847155128420066 -0.13596450955941417 0.16920132991394435 -0.160136570120463 -0.006017865667719683 -0.18238130271210187 0.132945310474637 -0.11210310255855155 -0.05790972058976835 0.09127989549643663 -0.1396553966681437 0.0389347338202519 -0.09563920043087684 0.06814041740777205 0.08840322054161613 -0.15114979232336925 0.20904176882206577 -0.19636671918503856 0.13418626323258093 0.004026387543358077 
-0.03424773400581745 0.09587198529232122 0.09966718773277622 0.17611511696335652 -0.0974351776146002 -0.14771617366659126 0.11782391400585132 0.20797742517522178 0.04985520354868133 0.007675695123426066 0.12294947636968687 0.1496217421042687 -0.13809439565458592 0.09794030435791745 0.07408356319751525 0.07056534689578867 0.03339990576484452 0.07814764306704244 -0.19943124811423826 0.06683242588194485 0.1357541828126979 -0.12580159548562866 -0.20769642360579563 -0.1487798846018886 
-0.0788522541921931 0.12849760771401186 0.016952951142127016 -0.15531756117744724 -0.1443469056471666 -0.10781472027906214 -0.034536056586013504 -0.06957678117931243 -0.06786372071839984 0.006494076943550825 0.0749693537207498 0.009492437926352716 -0.08926178439510356 0.09224773884052515 -0.11075051101214581 -0.020400481387147295 -0.023581884225415028 0.13344332691781233 0.15072178669874498 0.0015309146553109648 0.15409956578441542 0.040248562723667905 0.026807286373727222 -0.14698833149027699 
0.009949335915765046 0.14321085151540566 0.04157375058222083 0.08424098844255515 -0.028978688837590874 0.05065364917108432 0.10108195546130985 -0.18342930995833054 -0.008779133980867191 0.2035658301018673 -0.005330937350406651 -0.10493565662533932 0.17887044444073785 -0.0651039944854436 0.07951517901391666 0.07441484344745442 0.1170859894280006 0.11583233754382787 0.13475995620665077 -0.19745975705678984 0.2683203059398633 -0.10582035217915642 -0.03449091149708047 0.21853216067098374 
-0.1970482622127209 0.11680739935823055 0.13258081685954393 -0.0032647649699325014 -0.09696736148621733 0.17019889854337195 -0.016160710933224954 -0.11380591385662465 0.21800394178349555 0.17503907455486678 -0.008119815540975977 0.13065125011162765 -0.08214541562885304 0.023743974055998488 -0.06195314329261502 -0.040652394453717836 -0.09354100887473539 0.2308988366001645 -0.08153975502990211 -0.19023138302091736 -0.16970260962210737 -0.18633013277828958 0.03284148536378758 0.05849831889369327 
0.1685332914163701 -0.03153239202484662 0.11611244869690666 0.10255824519068056 0.09911490707533081 -0.0356989487009772 0.032860509521472514 -0.10159168090919965 -0.06793953183244517 -0.19740578153496402 -0.035981492427165335 -0.08770852375773638 -0.03612149078916466 0.19406057243443584 -0.07110182914906714 0.173569132729563 0.055293304272630704 -0.11379124109725748 0.13767291672097573 0.11391560330994105 -0.11407534829494591 0.16071711850554096 -0.025465504245981103 -0.11557506699132791 
-0.06712680294563023 0.13889469101984997 -0.09178638359148485 0.17234942846462478 -0.081110166577415 0.03898657467217882 -0.01636057607221237 0.17541938470892132 0.21254451686921808 -0.12571718794093695 0.018982635014957425 0.13920298079708868 0.022849306102246263 0.13392917203032081 -0.08763903417352871 -0.03089701406334274 -0.006747038724104012 -0.10804266743265653 -0.19507404397991798 -0.03278166564563728 0.15247265404037408 -0.09648157830314712 0.16591104430419565 -0.23211605308682662 
-0.06247064283189499 -0.22984223755754465 0.09740429658154458 0.038885487682854936 0.07462448734936429 0.0018299325558030518 -0.007249073685717492 -0.14658751101629863 -0.1095532991351817 -0.05054366609993863 -0.0571513095317508 -0.08969731915234447 -0.0460379843701197 0.16608374596857275 0.016567184657855623 0.17720676456303963 -0.05711297335745155 -0.13985173640945095 0.005557316200534675 0.13249940488855333 -0.038988703738755404 0.02050816131006371 -0.07098542735108378 -0.001062023066288335 
-0.13496687816431777 -0.14761296337152796 -0.0945035238597149 0.14044927739714358 0.1138784122633647 0.01805741017675431 -0.028487153683054503 -0.14146472680490055 -0.03188430236624489 -0.08044639727949593 0.11162996584965905 0.1263419739979997 0.008442463343641883 -0.09967738026029932 -0.011541668514412875 0.27238403788428595 0.10371396772057055 0.08322924098475033 -0.1389289811588804 0.06254294069067208 0.07013663651410984 0.017718926303619258 -0.10384856242450881 0.039112876256331405 
0.15806712112171334 0.10862073761797361 0.031233356800121265 0.21584523444153975 -0.17426918360479277 0.1965298476265365 -0.24795469398467088 -0.11961545783265806 -0.03560116282800033 -0.1465113618012071 0.03264776278084048 -0.19988327586926843 -0.09388321841578862 -0.18169810326503988 0.08063308131147609 0.08833192380878518 -0.03871867815036304 -0.12417814033438701 0.09807216183214157 -0.09244692259609825 0.1309684829350231 -0.029288361893368576 0.016905247188908918 -0.18905767672117305 
0.024940032342702173 -0.007433846060346758 -0.10764034641685168 -0.031134052226436754 -0.04635542614391313 -0.07180231603351364 0.27658356836940484 -0.007768312959532102 0.18141725462208552 0.008932418506805566 0.23166608051461293 -0.1267920575019558 -0.06163401970788649 0.11055325085722252 -0.182916263471368 0.12280433562093494 0.03546093359801022 -0.04877926820330832 0.1986806990310467 -0.176868423651586 -0.02675224538700985 -0.1879932766029791 0.09292912573868263 -0.12729957471737982 
0.10900085476645646 0.1808381899027459 0.12971402253847286 -0.018921164791655558 0.07418897458498802 0.15707337447890427 -0.030608442740774854 0.000311058313426151 -0.23961273483053472 -0.056861621096116054 -0.14277953554646372 0.1439371367983625 -0.06786918250192067 0.021652649446729493 0.14944348238663663 0.05277035244414435 -0.014430456683792245 -0.09168932314776444 -0.1713066122218208 -0.0322231732506117 -0.16633865518123434 -0.08704742853040204 -0.03399359860763546 0.24951177502994074 
-0.15610489177321105 0.059119617599842716 -2.649081627716777e-05 0.1101786219154788 -0.14221791025724217 -0.14722598497239203 -0.04577637842462119 0.17975634786490527 -0.09384807771261845 0.10247143623166044 -0.08310844720458051 -0.16834740180036142 -0.19386893674635464 -0.0913752641718734 -0.04690562557945279 0.027474321221762438 -0.2227520758189024 -0.15279002080911133 -0.19392604052495 -0.1543121704144595 0.052001102646434406 -0.038349643146485084 -0.12022223141781375 0.02276379205020996 
0.2340445565760897 0.055623345538946115 0.07907388468889162 0.14969949157895895 -0.1844693122374494 -0.24113564407559943 -0.023769081090641075 -0.07150188365371363 0.15886553955221197 -0.019847556082351215 -0.0009029121762296644 0.22247299959948402 -0.09924363475756773 0.14354943829418204 -0.09783648681101786 -0.06331860845656498 0.01142525990694854 0.01868499745993326 -0.11129574119765796 0.12472888577479058 -0.0657506422144041 -0.11400025111029008 0.13545172672008365 -0.056347144249368736 
-0.08446288101825675 0.10746606535696969 0.010122798116517345 -0.19715857925537214 0.14940910450658806 0.14459912028756747 0.21381070877305572 -0.03238916653766472 0.08390417101584188 -0.06348155917370234 0.016301788094844182 0.13652014997841752 -0.019079704693373296 0.010397705902552403 -0.06884676541607708 0.04502753219502807 -0.15488397297223808 0.15183731203798848 0.09996211004008855 0.06897548470111063 -0.09477058792620309 -0.13732246300540724 -0.1368147788015864 -0.0704990149763862 
-0.18553713829133792 0.12130314498014552 0.06737697499425646 -0.034335655391717256 0.10643031623879275 -0.043216081807767044 -0.18441575506207925 -0.14579103174769248 -0.08601533574902592 -0.05681526499969415 -0.179335127354488 -0.0015701533110816404 0.05145889390785241 -0.00918732887136169 -0.026604405903883223 0.09848923559905548 0.05076639501195501 -0.19440525398794492 0.1489798853720348 0.0784199802371414 0.09804634120520622 0.15546800700908012 -0.20761323933189693 -0.10527899459633352 
-0.17483828471317045 -0.062473948048018264 0.13365224129470152 -0.16739298514495637 -0.010549586893026925 -0.18521809154144467 0.08463537623878732 0.10686621710169923 -0.22224673793739055 0.005395810462921214 -0.10353324925277844 0.2400112242511347 0.1592527814704076 0.07443140086216105 0.1788604333050677 -0.038386762390198795 0.1787427588716998 -0.010858601036040335 -0.10498011641438547 0.2239006185859911 0.1120148183363848 -0.1741992580784465 0.130409679805173 0.09252499155927085 
0.08158887861395038 0.05640236292986374 -0.09789382238682189 0.08258405486303079 0.12531463913549243 -0.21613039128055062 -0.14752794547141243 0.10230842829474732 0.05548812678172968 0.03555104225576472 -0.09996273309519751 -0.06536698805025078 0.14114226115536058 -0.07833496008773465 -0.17439539565192452 0.197055884961101 -0.19458672114209333 0.16204180374552518 0.1525120553068056 0.016330922964001137 0.07514151656454102 0.054305464181325314 0.041602590141902 0.18678781365038555 
-0.09446234996965912 0.18820565556760854 0.026622538744968595 -0.15378150712525207 -0.10852767676480403 0.03699747568026949 -0.06293501660443229 -0.14716084712594063 -0.1780034413351651 0.14091094062151038 0.031745619013260916 0.20015556843717067 -0.08287688482894653 0.03254473874194962 0.030642581121153225 0.01980003536862235 -0.24888759847554914 0.10878760423697283 0.1723433807422203 -0.0067775762143570915 -0.12397757896129838 0.07262249935197136 -0.2083662421599809 -0.06793320615248899 
0.2778650077921599 -0.047969041145488285 0.14173050944715862 0.041253846310624835 0.12853102726123955 0.2521152280143471 -0.060322468609905776 -0.15059383613805336 0.0035237813661156484 -0.05502759566098473 -0.14905947178713289 0.133526810537928 -0.1432675028345536 -0.061582774401259 0.11138145437369242 -0.13315899846921517 -0.04491442399400624 -0.19196433058546436 0.1996758222170618 0.03228886281686247 -0.17103835787267901 0.22811377640161862 -0.092802942411843 -0.017796188027129834 
0.05870472369596241 -0.14377797890413924 -0.07710915080085064 -0.05064998415573421 -0.10150756595295762 0.04361926172019646 0.13619795998706624 -0.17133301099718126 0.25493239664066675 0.11925158931826096 0.1818230280690241 0.06665004351436535 -0.13677409900095042 -0.07291569665955448 -0.021350156521374595 0.06501365580786421 -0.013728701576838245 0.08095092600721403 0.07188655260364549 0.14729536956314798 0.0037505498161693454 -0.15855491220088985 0.1681929196320738 0.05696831577653882 
0.19651278134827976 -0.10621960729663213 -0.12883137102190773 -0.042930609150687346 -0.07100385061155132 0.15879441071413644 0.02489345817278288 0.1005838342925388 -0.050835892764871826 -0.16014545035499297 -0.15380913344013544 -0.03793296175245707 -0.12189513856604513 0.16158128945128403 0.03925798633435435 0.10287945652438804 -0.013780704485156432 -0.16472763919904765 -0.10527667173954837 -0.024897518419792364 -0.11998029959513694 -0.19028908250822837 0.0831551946071541 0.07939274805534251 
-0.06708099330667926 0.13336379721116556 -0.02814978176431013 0.14949846165378022 0.058141819965291545 0.025440087317944837 -0.11911832885458247 -0.00410264001231369 0.1799728900236688 -0.0772268638136014 0.16366769630777128 0.18009981658723265 -0.06729932653506683 0.05656652625060693 0.15960132883106767 -0.1989671355872675 0.21333898505330093 -0.12310986848240411 0.13953403420913202 0.06164720921119504 -0.07055210823408843 -0.1390704588794999 0.05586914507024254 0.16031494745766653 
0.13858140325699103 0.06490636342091584 0.17687100930918428 0.035411636622253655 -0.12028651318478077 0.0008716859735869441 -0.07423677266941932 0.21458599619423677 -0.05554100973800615 0.2243252521924432 0.007374276730722175 -0.14087992865858168 -0.17026320095340872 -0.05921748307986461 -0.15040547954284839 0.06231432892501418 -0.04239296227386325 0.19738196298952854 0.1721080788439169 -0.13993711730862352 -0.04330248738973249 -0.04381758296223402 0.028408419046179953 0.12205487992531108 
-0.015186735029804766 -0.07710953064191406 -0.094455626811434 0.19124627077916612 -0.19159839920820704 0.11762983831149836 -0.12406741398205137 0.0749642907880468 -0.0542223916184672 0.20143677527383017 -0.1506679656467854 -0.14760028535286324 0.18317634335063188 0.011372234208378245 -0.0755264461989385 -0.2003920334997327 -0.13492718136736953 -0.1414898403263383 -0.11802640322787752 0.18825925546863093 0.15589692365813404 0.07986663264750925 -0.00244000276547859 0.13629473587880755 
-0.039989479687338174 -0.04104347521113441 -0.08899735308506529 0.2100652681499667 -0.044560922263615715 -0.0354936098449257 -0.10714681101632562 0.19742491199184548 -0.025905913793540195 -0.08019520010359751 0.07709718361163628 -0.16255089040359863 -0.1372390570516446 0.11059710125298094 0.09691960626750869 0.010466613319794996 -0.12321143258230313 0.00698852812539427 0.054629816991386346 -0.06820724940028676 -0.17314895070145433 0.1395420342019937 -0.002838862895629613 0.052079531176196375 
-0.097713196869986 0.035991154319676796 -0.0280104715155627 -0.046501036264030585 -0.14906853053200556 -0.10158047804760323 -0.1683220654167725 -0.07808110833565117 0.09594314793559473 0.045356503119399885 0.06819948395743915 -0.197275643873735 0.07058118585822916 0.0012461441150048436 -0.1069546154120179 -0.1295519799078465 -0.1254753731993245 0.13730299424685813 0.19358502306622472 0.16550612136649032 -0.060312377679688216 0.11143806462942257 0.018247878094186088 0.12605126536074204 
-0.0063806557536476545 -0.06958663593100241 0.11427482218693624 -0.1598226350714973 0.014528649311429285 -0.003359133269128192 0.019210859129094423 0.0971795881139218 -0.1536145960694799 -0.042187511167020846 0.053460135888798395 0.16993155635336002 -0.041826296523667074 0.18329975504526064 -0.03781700507686601 -0.14525574747876546 0.061524223001784596 -0.06547426167933891 -0.11216595049327584 0.26577210531467305 0.1911595268694348 0.03893504271006438 0.0010810979616335634 0.016482319127613283 
0.07971477425133851 0.1803327807605594 0.13585162421625735 -0.13256691588472666 -0.09399823546460048 -0.2075634449644891 0.2019005060302239 -0.10475098806860242 0.0512153407053772 -0.1641348785088703 -0.12819491731128427 0.012014084021481134 -0.18587220885896005 -0.057515849667174795 0.004526466468249737 -0.0609322595914167 0.02671755989333506 0.014434694835246599 -0.04312440041679831 0.06930212188277815 0.08951396637898387 0.07488850652042148 0.018556954506937902 -0.06448589713440127 
0.044601221777550146 0.16913422451727983 0.03816956530663509 0.21572272975041953 -0.023190321942648712 0.08416308701870691 -0.18533661907902751 0.10234944057084927 0.018184305032083216 -0.19852982568142144 -0.10888310985463778 0.03060596186358906 0.1065003098518078 -0.2020518067508243 0.01927169261222924 0.14964390158442556 0.04583817912305357 0.18475342599810624 -0.17019911493494408 -0.08300570018671762 0.19948529659911673 0.10056842519638884 0.05254878440101036 0.1362681055803653 
0.2235616592090683 0.1704495663149044 0.20009946081565813 -0.14382205305077156 -0.17190535871181925 -0.17071418419413217 -0.1946749390933099 0.16221024565957423 -0.22744492162423174 0.1362814414469608 0.06515196974248513 0.04101510595109784 -0.060581089132384 -0.016350228272475887 -0.09773317982708096 0.2289041932154105 0.047302195327969865 -0.1901054332400882 -0.015107723812960794 -0.08671292909709118 -0.18652214736581568 0.21902944420076598 0.07856648111294053 -0.06734301317929643 
0.1512541138688254 -0.12033844696538522 -0.07607177500338867 0.16138232753644674 0.25674941906219384 0.017559463295865767 0.17572470801246962 0.1479450895584898 -0.014436853733762536 -0.060263323912454946 0.10439435110205438 0.003944177894430693 -0.005829183239081451 0.22075863263737294 0.10889709845208505 -0.07000459149732917 -0.18194291318133857 -0.1255066336509078 0.010535372032248826 -0.032631983720297575 0.155326619128616 0.21745370215310889 -0.16454472707613615 0.18074029441560974 
0.16080585512085316 0.24444246236907907 -0.1852310136067796 -0.1771860558208442 -0.1983331440248648 -0.08617108146544533 -0.17795461823658906 -0.08168115911754031 -0.01879968778189011 0.15850566157328883 -0.009041259100424017 -0.13890691060897756 0.04304079852029396 0.04920998382452064 -0.15534817978338633 0.0719221128487831 0.11344247141233962 0.13729523148027162 0.15606010058003428 -0.04660355235271045 -0.027321753369515357 -0.15927515114446378 -0.07891873746055857 0.16689776818467206 
-0.030843161835950265 0.11482564614398073 0.15607856652198374 0.15670221639394744 -0.13713715988881484 0.24630348589013915 0.03458153782796909 -0.11512483779732115 -0.08282691941284633 -0.13561124131586197 -0.0269761744751515 -0.11256954042243296 -0.13342599478850584 -0.12054338939833024 0.07563588151190125 0.10436867669339715 0.19622136594781722 -0.07734455444979023 0.05115173348724488 -0.18663182617382992 0.006351381015289987 0.21278020890155808 0.14809099788725355 -0.19666637881568014 
-0.09813391278071192 -0.11886664598367352 -0.18128291184792467 -0.19654391841794477 -0.0038428911398265537 -0.18212147871684603 -0.08790473291179196 0.051451529512189245 -0.12105456452556092 -0.09138331553403914 0.03565838430649825 -0.023797339025736386 0.05950761168277556 0.014518351348324297 0.05258329806312335 -0.057913055928221394 -0.08441182880261422 -0.1436490063926397 0.17501100841676498 0.1203365852660972 0.22340896557857357 -0.1253147579472635 0.16270590120804349 0.22310965752943687 
-0.09874182746636766 -0.05282041910162817 0.020208820933895505 -0.12535163707980101 -0.022758623427044412 -0.14307341737596363 0.24559533566806047 -0.002419849128193186 0.2532792248656233 0.016301330021816694 -0.006149557847725803 0.16033227469505823 -0.14269957523626048 0.008697704818536798 0.06400187653156422 -0.02601842606051669 -0.24375251525487132 -0.0028518910708993923 -0.013686337329706347 0.18314862016664177 -0.09659950496587533 -0.04279924310863112 -0.06768295837181204 0.07380359977966136 
0.19656678017797213 -0.12852791886765383 0.12807367985068213 -0.10692236913574142 -0.17702612172375695 -0.14415967340235408 0.17422562274773157 0.15526197383113197 -0.08352396816001577 0.17936653468281746 0.13959950417598663 -0.02569671569196574 -0.012539650566003624 0.05124913328827812 -0.1363750950147301 -0.19465928415299075 -0.09304571726531428 -0.19438885722876997 0.06903280316797716 0.020223506520108427 -0.07057115547746809 0.11142910313391809 -0.14133513299952274 -0.10133361371613267 
-0.08230124085213313 -0.14356545936781914 -0.16482324906350546 0.1392091281436597 -0.16472155094048715 0.05049346282137536 -0.15163048038267601 -0.1963286141868313 0.03046077591678881 0.17529619580443875 0.162792694364448 -0.07543584495322969 -0.18960175001076726 0.12810627135828528 0.12182759466519782 0.15850021727066357 0.04981323587669929 0.12255190182739276 0.15890110462156123 -0.018135802082167793 0.022729601036245693 0.0024025171475570714 0.09049764734227068 0.07133755848880789 
0.07611232789526988 0.07345428015591407 0.002264635893678031 0.12538223884456917 -0.08649497084860677 -0.09386667885096667 0.13345282095905894 0.08087264368990156 -0.17080322949709903 0.09879330089010592 0.1278039655959235 -0.11128144954862847 -0.16661551330387264 0.12491693232168591 -0.10953752922956353 0.1921057696318631 0.02732627732928954 0.14137874297170186 -0.15674235148015112 -0.16631075682668492 0.1292201723137422 -0.00011698525764004797 -0.16510242527551514 -0.05088470189155371 
0.06809304734423915 -0.12361546859369847 0.15818206339379692 0.1802158089059422 0.185000438836019 0.09127790133497016 -0.036911405625534896 0.09676426483127078 -0.08403410616182594 -0.07345967347266555 0.041739218208701634 0.037361069780126585 0.15124965801903748 -0.09742709920374015 0.10578612969082203 0.17661401378488373 -0.20028216101004712 -0.009379801190416813 0.06206937857628484 0.13692369570969476 -0.12597780502673722 0.14212317413212708 -0.05354765868631154 0.15677803719354436 
-0.1893759040664938 -0.16586023463859065 0.19310302446319808 0.043168990028868134 -0.03242240350760545 -0.13184996716224895 0.05922525566294414 -0.18559330772238924 -0.07458002726234139 -0.06984002055347648 0.0423520266878829 0.05959568039459482 0.13802968334650895 0.17114083702931887 0.06343150867910322 0.030764260389282847 -0.03991117431705032 0.18705799323168434 -0.13797551178921602 0.15792103673058913 -0.07482019549924071 0.019049340098091134 0.07205469504302917 -0.10471656606179205 
-0.13244764444288157 0.007920226821477526 0.12294532583380272 0.0971023669427058 -0.15221001072420068 0.15023981774865036 -0.007946822441632084 0.2101667379526507 0.03776470935146547 -0.16609964243773884 -0.11841806049069485 0.14553123558914208 0.09527031013160603 0.14535420858736345 -0.0675780776950397 0.010987149911209554 0.05208770417313009 0.011110526260160784 -0.10673142233821101 -0.028790196205322756 -0.10003478906986589 0.1528748137469923 0.22808913591868768 -0.17352318931902477 
0.11791371781369853 -0.08960861832892039 0.04949373408725267 -0.09600963474666808 0.05966591871666415 -0.05085162158807932 -0.10691281756043136 0.15840360011933344 0.17239008228207178 0.044774888221992826 -0.11357696481692249 0.21852520941059297 0.08898073433389822 0.12347154265934691 -0.11468410108898586 0.13003882029172997 -0.08644741007503622 0.05195177758566099 0.0835239943470218 0.08529965516478231 -0.034041831924717166 0.1375874416354881 0.1557254635101805 0.03442104153368522 
-0.16381797402724507 -0.14815052796266606 -0.1577790739210923 -0.13042904610575692 -0.14918315678413333 0.11066307303924204 -0.18459877642194567 -0.10266954817197713 0.15141422928389164 0.18987857492038493 0.04155115544160089 0.19098952325783533 -0.18295001833946273 0.1796963498841913 -0.0747070680794496 0.11899740883787242 0.12370290768620158 0.14367932940759084 -0.016276871567699525 0.17238865268178985 -0.09610468346993664 0.17393728275296233 0.04698547432162691 0.19475208061246474 
-0.18736163966076735 0.14891974464474905 0.025779227834773138 -0.0029689439302353683 -0.09557250850423839 -0.0685021053567244 -0.09949188165700144 -0.11164254395709092 0.2074361897859124 0.0009382796713926022 -0.1667556453846789 0.049075794466981355 0.09034078960930934 0.03229607245754056 0.006035536627710674 -0.039423632426607125 0.14563521752039477 -0.18915906433963842 0.17325212992258726 0.26037058643890076 -0.06179848224314969 -0.11357813763312091 0.1272379619529697 -0.1283085001997818 
0.12070667494688783 -0.09769502337508261 -0.0829049432686132 0.16639167763794077 0.16110390028663352 0.013888858749085537 0.14483086692928962 -0.05825615707646897 0.19983917048580332 -0.026077676791391845 -0.08130102820463204 -0.18371610495680313 0.1964946087528741 -0.013783228117962532 0.09308466183072402 0.055605436158067754 0.08847467341339624 -0.17982536338794852 0.16807251713465288 0.1708395676642515 0.020430893349757697 0.18595702567442562 -0.08685150342332328 0.04025284981176748 
-0.040804038378420934 0.12510424090565322 -0.07897166726538837 0.19890034065618145 -0.17221333719953755 -0.1835923140594054 -0.1805246716580589 -0.13944332416385824 0.009690340185402331 0.1377059804195283 -0.15553106974154715 0.0037354981840490385 0.07457557058680327 -0.12091332479648534 -0.12013861632454188 -0.11110823789546818 -0.20039658495612211 0.08449512195091673 0.06079425805287904 -0.022100549912142164 0.03591683613228202 -0.15586396187372273 0.25350052440430804 0.1386663607944158 
0.06286463642754828 -0.0670021873600128 -0.032843854361386676 0.015428232901337519 0.17427886288619854 0.17113964141691376 -0.02934180692180197 0.010953791316768761 0.16646618515096523 0.19664143029744696 0.0549597710483536 0.11041607909803736 -0.06427508920463 0.16069399730215048 0.13426383300706388 0.020454878456921705 0.18272513004228264 0.135587369955877 0.12280729837617724 -0.14745405528433414 -0.018602928136443823 0.1806744983352013 0.11968999622672988 -0.031204204332312246 
0.18741688842004436 -0.0881259180223118 -0.0657970083287223 0.22542932636878635 0.12293005242445558 0.14005377880457173 -0.19596447065122735 -0.04742854271187062 -0.0920795406665657 -0.08085147530403392 0.09445370015912244 0.07502757132201382 0.00794726585374816 -0.10421105138180584 0.03334159025741833 0.01323073934862837 -0.0005930129119760322 0.0455395916243625 -0.041126865313882925 0.08801971230447356 -0.09879221797538382 0.03847017954107833 0.22739420910300476 -0.1992504763108443 
0.07305277552326211 -0.1703921716348013 0.017197496772943008 0.050081994420781324 -0.1021110743385987 0.16219831315735703 0.06716143131955353 -0.10663813825931676 0.13435003249765146 -0.15767969443659305 0.021704314770718935 -0.18959037491357533 0.055719139650508634 -0.13659743818296938 0.05905228414953268 0.08556205669969785 -0.009902772657997189 0.05833257155627231 0.12477923450541653 0.1470833082101643 0.03345776334132553 -0.02466208106938147 -0.030100241084200972 0.1506198895640432 
0.057519245127051616 -0.1351791369469758 0.02584945791709474 0.21117406579118103 -0.1393481496641126 0.11849636783047943 0.17395240142951118 0.009407095403924402 -0.18534479427300712 -0.14063941381320172 0.21774290469231683 -0.23263670422115595 -0.050314526560443114 0.016477841614293092 -0.12064361361976006 0.18036600386293378 -0.20264299061342184 0.01558016421914275 0.046545483539180185 -0.10692180986581569 -0.047034364417086034 -0.0035239792111419633 0.1515322996228036 0.05300932746472644 
-0.012736072725856187 0.07167785826014456 -0.018314045421981937 0.010087285100226906 0.06267824903960231 -0.1270058170972257 0.10993746901372298 0.030643574116890417 0.19656207627263045 -0.11038750734158385 -0.013240875329332918 0.19095421261681375 0.03997020181896447 0.11610317470674539 -0.03398968929758991 0.09616142179573352 0.1904476561107342 -0.11933680456557245 0.12238490063137192 0.21026260204581954 -0.19474650191144915 -0.11327797298885171 -0.15285816842800795 0.10628322481210314 
-0.16755881081184096 0.22249181031093093 -0.04352043522097154 0.23229713885563627 -0.1240233066710678 -0.011591122266716061 0.15713067298423514 0.04786636829573624 0.03554555525659454 0.004958861494860957 0.02906947854286248 -0.0313845647060328 -0.1376257621781961 -0.1845780367983419 -0.13913025980306837 -0.17926252871910955 0.03148025509279935 0.1208819122788951 -0.05563449670621164 -0.1699631652044012 -0.05192607130708373 0.028280883679705653 -0.027313432962845434 0.12374011664168998 
0.17696988781698833 0.14769890771324853 0.08082527714582272 -0.011655260480384833 0.07230708218245989 -0.19521680441707445 0.19353938084007957 -0.1306919587178482 0.1624635630434986 0.1222817941462796 0.11946825634677936 -0.09167165432180001 -0.11168851864471387 -0.0280082861969815 0.1393728958354431 -0.01949506804293624 0.17433442193089185 -0.05819772584258552 0.04709367544802418 0.1928122748498592 0.05666192327464204 -0.1821149220150952 -0.01430666450770784 -0.06534186546763698 
-0.007051645343023209 -0.07868184904141465 -0.1508753309809683 0.06655463664316383 0.0717724765469653 0.127320914340989 -0.14676909451629755 0.15022052750298504 0.16296779241373552 0.028119315635723556 -0.11742600987513273 -0.1224922641204586 -0.017346952556206392 -0.009421797787602408 -0.008849953636356982 -0.01277152852896855 0.11382517117217579 0.14283842249051143 0.1261771567283213 0.20302011246192883 0.022716340497944142 0.1875711572453048 0.06403790233729485 0.02641251253733001 
-0.07150985286437779 0.0717103350595104 -0.17947674766009813 -0.1458910748040255 -0.14763686548898886 0.06133654734820267 -0.12937566478690182 -0.0627918997591041 -0.18259905607245053 -0.10581722789745748 0.1860829442469676 0.003581989870103161 -0.13919239697960464 0.009025332387981446 0.17763162120562143 0.14598533584627696 -0.04254722125774037 -0.08568448530065757 0.1039921995549161 -0.10310154263122909 -0.09757510087040201 -0.16639080502943868 0.14536005981065814 -0.020472694998491192 
0.02429215627851116 0.09393801239675352 0.1179952150010216 -0.020626721000880623 -0.1258209782719311 0.13101961432044218 -0.1880337528932388 0.17894412827328587 0.030291489851954585 0.14992155542006733 0.04279757744789977 -0.09860881669482931 -0.0807734728532672 0.012921931524241925 0.18520684854436134 -0.12567227548567317 0.003879634891143998 -0.061739244175206626 0.10720974523827893 0.12056875041714962 -0.02968375292781823 -0.11774858058922026 -0.1733118712189564 -0.11995739182855585 
-0.09028165399494571 0.01322575084635911 0.16529519251503436 -0.14845279804879025 0.202180780623648 0.059850181357756216 0.11451753130541902 0.22127408957806738 -0.030415465155294856 0.012395348437825504 0.0652150872109252 -0.0009668224757076691 -0.07957985265007406 -0.1577294370401321 -0.08525789467429187 0.11206549544184408 0.0613571672495383 0.11797857873426912 0.0067133006724718865 -0.10647499293648165 0.050661362716652926 -0.07762222631501867 -0.2006738224344283 0.17163855986132134 
-0.03134005880438271 -0.028553601094606303 0.10166087480049785 0.21049724768020547 -0.17110154637008712 -0.17133815506187539 -0.07028790117594919 -0.09934148270829833 0.012084316199992638 0.12929165108365592 0.14123701249684667 0.030968857688096107 -0.10985505960632512 -0.16840590353112395 0.09662019164170356 -0.10441706544207506 0.0029366510624716097 0.0757734177649487 -0.10802520524738617 -0.1297118196251 -0.18446646339613929 -0.14148326115331564 0.1681533738856918 -0.1580337200065868 
-0.1098792425784222 -0.18731536186598005 0.06977447494948781 -0.10663473705437376 -0.03402072644192806 -0.14396319428922677 -0.04844004674301665 -0.02973214028891564 -0.01060735717927897 -0.03036276894383698 -0.1587975226492864 0.1083591383531304 -0.14481262784612056 -0.029789478455635936 -0.0904600497082562 -0.0788213670392788 0.06820334479618188 0.006974810993169997 -0.12341368098531964 -0.012113074446037035 -0.06343206822505626 0.08102449961516225 -0.1088924866712439 0.1375978268531341 
0.01029086007080143 -0.061190106852318335 -0.09779467988949557 -0.1250016108419291 -0.011057717478100606 0.2263939499878078 -0.15758434048632716 -0.08584681040000129 0.058551975332866414 0.14751280338204165 -0.08773223378683197 -0.008360670468453275 -0.07122190243053761 0.10145082279127304 0.08696946688690166 0.1425856340441203 0.1520459074070836 -0.042242625893022814 0.17038317296916825 0.10913065236722609 -0.0762720866382719 -0.05315575255403475 0.09621273570352543 -0.14932615594023124 
0.0526833190029236 -0.06632866483739677 0.13039984462350232 -0.05348483840961169 0.09259546010431327 -0.11835884168380369 -0.007276067745399079 0.10460606001781064 -0.07424959139037883 -0.1349412711342784 0.05885931392856455 0.14066592716584717 -0.0871572971504272 0.008820788003982828 0.155302371710837 0.19412765307601504 0.09694120088356199 0.03579853991099914 0.12643103860284863 0.16604336269205802 -0.19967886900613527 -0.040500795154116864 0.014218316807016379 0.09281901710813033 
-0.16501281603263043 -0.01453549592607453 -0.08738636723934422 -0.030098655921304417 -0.000791882790439101 0.03920770275260458 0.028482417079638424 0.04254501089719724 0.0678491952866795 -0.028193263625332234 -0.1986689650088305 -0.1648544030238704 -0.07781834239860476 -0.14085187111865916 0.038872840106448196 0.011081496486177086 -0.006355382372054796 -0.07089033134939127 0.06056233895514568 -0.12333435247997511 -0.19829895517949064 0.07027551445847799 0.0054737706212248625 0.06961946965356033 
-0.11069761336501321 -0.27179011829282224 -0.04808607045457598 0.11402780132062951 -0.1587724029213288 -0.07945149804760797 -0.014893038388576238 0.027713804502611444 0.09641314496650025 -0.08367058245038893 0.059772446964983426 -0.02372474478567455 0.061076716582137903 -0.13152874994288977 0.010954685239994374 -0.12964607205038148 -0.2116502391584055 0.02808391435344841 -0.12580068745007825 0.09704288169607163 0.031575709060461615 0.15963903094262968 -0.06596384978645652 0.24067630382086735 
0.006663598754655616 -0.05221726157218151 0.09905168140902482 0.05929361237265957 -0.05430338932869522 -0.009302814502512465 -0.11297204334982885 -0.05699131770398904 -0.22117310497615952 -0.007867576365330243 -0.07409387117366073 0.013173716264374451 -0.18873858172705896 0.013264454130886774 -0.08202731988836094 0.016724888019856846 0.08761190014740936 -0.032174766555117945 0.06450765007621184 -0.10640914538290437 0.21909896531803955 -0.115825833675838 0.20854605783950947 -0.12831440680473621 
-0.007230614126497829 0.10132665441127327 0.11526797349832434 0.03987129484813494 -0.029571121189148352 0.21657972101969736 0.09685376195593637 -0.05843026347561153 -0.09020929182867492 -0.17374126287319494 -0.06438497258309474 0.08988512127904152 0.06777355944342874 -0.08562873510670925 0.06560271189153295 0.12686053270942294 0.11605977649227604 -0.18852995480662377 -0.14094536265951849 -0.12801285769768467 -0.11816353540236267 0.1359788405228243 0.10758949389786887 0.034473572920304035 
0.016952012970075266 0.08291050129091804 -0.07835185727650723 -0.05260665722070291 0.029486026820310384 0.15172576018152925 -0.11876762885856523 -0.1057113066014657 0.07854885807481574 -0.0628822111260179 -0.18125299543178883 -0.12307877007108793 -0.12188823793315254 0.028145337618874944 0.04736195238833833 0.19776554568617172 0.18309468077050384 -0.07636034186457459 0.10063435828909806 -0.10108060926489189 -0.05187322228748737 -0.0821359544894191 -0.0477570790227031 -0.11347703841037583 
-0.01113531681664456 -0.22098360262818242 0.16911935279034668 -0.022503933849753972 0.17714840415552954 0.18308109576556392 -0.10698323582415098 0.011066626815944704 -0.013370347349426688 -0.08404966360323989 0.009952713649431323 0.1706368771751143 -0.15928136531281323 -0.13108362271416799 -0.09996443297431667 0.21113400165035526 0.17297444172987017 -0.010305458327454718 -0.14659631647200055 0.06071532201378295 0.09400794082035548 0.1699139881823478 0.08449083536075794 0.23449199689845557 
0.12853294301950405 0.07452938607272208 0.07446057939485692 0.09462171034052332 0.1354562827105026 0.23879732878644944 0.1263183174254903 -0.1259347379575592 -0.26400209106056 0.2329116644206355 -0.006481459690360731 0.0960080380742509 0.0687587655152882 -0.14418892309639178 0.1359032393188388 -0.14008879193096513 0.146594960682159 0.03864526220100142 0.04776816441637089 -0.006069055898188946 -0.02110462791333361 0.0847813137323029 0.09121090155855575 0.09304614185340221 
0.08229857046329676 0.05400716109742204 0.18931497322555846 0.09627153476337691 -0.057312678317022143 0.04907772843062406 0.016736393705115277 0.04052537613129765 -0.07216214320071879 -0.15663932034525246 -0.07295120668686657 -0.08340286879378424 0.13076273487403597 -0.09206192484941407 0.04986060210321019 0.032312329060151225 -0.08816922962570765 -0.18014177211844928 0.097199975588067 -0.18886935250471357 -0.05536726662986481 -0.15131835462283139 0.13996835842560673 -0.10846510753780039 
0.01960128637409459 -0.19439777239639497 0.19376862146821652 0.038779084266130893 -0.04570179477397046 -0.14094513942210662 0.07797575472833251 0.16227974707250178 -0.07198478385076355 0.1059083829902562 -0.08422989786649696 0.1832262287417693 0.08015136424306098 0.04932696880414328 0.1724254545539047 -0.09162899098259174 0.16952609595326418 0.0704637682988242 0.10786883475004581 0.028180518369394097 0.1331116855684029 0.07853720543572398 -0.14100155166705297 0.044342851546519124 
-0.17561467365952135 -0.04943229865069466 -0.2770630477574292 -0.11141205056907275 -0.33120025327825564 0.3355413633334835 0.028131067055283142 -0.015137489741904316 -0.3273402289354872 -0.04818702754316614 -0.031824649943279895 0.36872366514864335 -0.13635876443394354 0.05633911105108121 0.11195292622038164 -0.2151338464568878 0.003849949059826794 0.18002700326348997 
-0.2733225448426578 0.07151685666833534 -0.3733537099267684 -0.36851568728736406 -0.3039947737683384 -0.0124411200766094 0.33919871320346323 -0.020889351637475604 -0.3065637380392043 0.2666741376593051 0.012908959387922992 -0.1448657920844048 0.34137164128144454 0.33932155618967064 -0.1635812557878922 -0.20435901377747331 0.059874113658105056 0.26900345920185936 
-0.19284555663751865 0.05819140316521861 -0.23317917204381353 -0.20910383530477206 0.17840374250923258 -0.24023807604448608 -0.23379198268908674 0.13394507109817916 -0.3354457632665713 -0.27256166933321857 -0.14454229135624647 -0.04630179443638539 -0.03709731396331711 0.1424585736159211 -0.32064729621355365 -0.09579749167180474 0.09352112900866799 -0.3492387784399314 
0.2327449110574542 0.09850846977971092 -0.2524843739276608 -0.19174648655564897 0.16740750660499099 -0.06509416533750234 -0.05212179025851182 0.2467911082397515 -0.24911675680924578 0.38819065515046713 -0.31594245113464586 -0.30103127354081 -0.2234924348090756 0.18896067493721994 -0.029591868572033993 0.10377561615029772 -0.22327244012588351 -0.2701041793703116 
-0.00023295973048040645 0.16379798379606839 -0.025579817983106153 0.25407277773969605 0.10868754945870995 -0.17116279130395753 -0.2122702675304429 -0.09416754009617445 0.17565980101281714 0.33047327035608554 0.2694865659881417 -0.1847760121065125 -0.022432196973117827 0.05222455623132369 0.03141566297616175 -0.0747105863808888 -0.2744446138297687 0.1455789370427988 
-0.36508877009587704 0.2515888743689161 0.27685515749109857 0.1860437740816903 -0.009075831537103403 0.13534064916707628 -0.14774470785539767 0.28631717706933507 0.1988985458443627 -0.2025259960871419 -0.12310911344280635 -0.06755043250290216 -0.01741044046460497 5.192667926002883e-05 -0.31660906909856 0.1083840692938983 -0.20419162911990507 -0.11862299399458137 
-0.01849090349658251 -0.10241974701062068 -0.11441607072208164 -0.22053878838107346 -0.29791940679786216 0.03439672367368689 0.1044032280049745 -0.21183074252006295 -0.19675816569747967 -0.1667523107815626 0.2299708028682693 -0.2832186230828919 0.06222629828788599 0.06300031043578967 -0.10605836078366035 -0.10112421154534401 0.3171747098500694 0.04613557578002831 
0.16331036015888817 -0.006187912452272973 0.081356486126002 0.10396165923437209 -0.24369236014163925 -0.11205670322266008 -0.040610733252714866 -0.31798724801501865 -0.0925966631579682 -0.23505477553805962 0.2508810256506857 -0.14241435103850475 -0.25063412201150975 -0.04879311323716222 0.12425768864376145 -0.29969047707495144 -0.2187907551389297 0.17656352923111918 
0.18840003273492784 0.07950191206907417 0.27519748231036145 -0.2127720723018886 0.13837762341394225 0.2876096316861874 -0.24009446086236597 -0.14181882247882616 0.031087363386371643 -0.12376636583157653 0.13782748339644849 -0.3367960741004239 -0.2401436607628637 0.17147484634747112 0.32531970957681683 0.29628174967664656 0.27619665373711083 -0.2741683457419378 
-0.31609467180531975 -0.2950004394279734 0.023420122193234506 0.2953440906900263 0.021293796838852935 0.19258281800906166 -0.29922983092482547 0.2990580256851531 -0.2141110122975488 -0.2893809722907343 -0.05282044343546423 0.08919540604377628 0.41917783626800026 -0.3473576918112456 -0.1539531339536464 -0.27184916991268404 -0.07391720872999365 -0.20436432289913273 
0.030189537615553232 -0.10274196013296931 0.32144697267557587 0.20314499512470888 0.2480321837768803 -0.2546944404615587 0.010840548299966099 -0.18387877203870706 0.2571005381780237 -0.3648815897871111 -0.27140064948358206 -0.1166070501067525 -0.060399263976675756 -0.15145500129229603 -0.2782183376899927 -0.26226426572000844 -0.12356326834430442 0.35901958189909583 
-0.21933965443095355 0.16864383593955248 -0.18816591860518334 -0.3426605102550109 -0.3347632108070537 -0.23840994944706187 -0.057274756480221234 0.23271794294773412 0.15837534474724893 -0.10148550869436639 -0.013045998764700762 0.24559308062793286 0.2784048348547295 -0.14765101931780378 -0.3431217395056474 -0.3129000492831142 0.1620744996477998 -0.18344754532721258 
0.018923521645260292 -0.21089318453285066 0.23837708102454624 0.04697829587685225 0.018183076034057565 -0.14415973379442687 -0.00808580596121322 -0.337072755263639 -0.15161627356668 -0.15207991101426357 -0.14701319638240345 -0.33022039553203336 -0.01698881628642468 0.2587081710097423 0.30549776655775407 -0.0018098532906613753 0.06316456660258297 -0.12870818263108919 
-0.27969721159545613 -0.25302917637146877 0.15819326906537065 0.17717193188598732 -0.21975510297391818 -0.05819832372378181 0.06771415995370497 -0.2690880135409749 0.20641291896247937 0.1290770407171832 0.08338840556891568 0.20662784049387284 0.4206590976498953 0.016946934241004 0.250422453778739 -0.05470636337822314 0.10461089448262241 0.2722947164650616 
0.08920991935334113 -0.1338044144624248 0.07632613458421164 -0.10064380412497426 -0.12052048512460305 0.07435635168849355 -0.26357847824830577 -0.008865377411819876 0.3076433563812627 -0.05552292324289353 -0.21303661536129403 -0.0022058719804714426 0.2724400830120344 0.21791952156752095 0.22475880222046668 -0.3380078150131048 -0.1587155018532229 0.33347737990541987 
-0.31751422947601876 -0.006623137426995558 0.20252973730993323 -0.2814296094022956 0.11005843604237603 -0.007967436255105093 -0.2919586357090304 0.2738967380822864 -0.22375822531207215 0.14213678122777523 0.17397519020033705 0.09355238048930385 0.1438270077726286 -0.31739747954625014 -0.13038738472097688 0.05855295070717595 -0.07049652844116447 0.07985089881982602 
0.23598916740665482 -0.21215679315194802 0.29276932339500533 -0.08658774548322094 0.3058694078637374 0.07924823720524514 0.1699291423550059 0.04995136417735084 0.021525178720001995 -0.07688610632608628 -0.2547901481630584 -0.03177275122807737 -0.15461148762138097 -0.41213071227119374 -0.1532826675314551 -0.2188978403294136 0.25822966108693807 -0.3742989725660837 
-0.23754167188278552 0.13871098959189512 0.3021759865046556 -0.16951901614151285 -0.3310433351992161 0.3181599917236872 0.09234009954275016 -0.12495053477726645 -0.01913841553503228 0.13430972865668475 -0.08521883109446793 0.34743064528233797 0.2271293564536168 0.2867165671067374 -0.10081701267883035 0.3016653470167609 -0.01398278278340429 0.03867128476260193 
0.15490602935606554 0.2118494975006377 -0.069955055277286 -0.034934502288082994 0.21739692875543748 0.1480558402218787 0.29927632969335893 0.3316803536181903 -0.22006046109401187 -0.17964642943029732 0.14696987501753175 0.17932141881411276 0.06711339115735242 0.2539021836319074 -0.16914983281615414 -0.1087566397656246 -0.0035757814089951334 -0.1355156831997288 
0.039302874808547966 0.12385431920044136 -0.20601601466009278 -0.0004113977888886589 0.34116847315278553 -0.11928609041450024 -0.45763108412012277 0.18850518176283543 0.0022083800875557715 -0.319516605940034 0.2823077602152632 -0.06338649771706872 0.31437070212102813 -0.12240373669499795 -0.2917770140767752 -0.17379344409000377 -0.10136862581997376 0.18301184008708385 
-0.2676601150321273 -0.04639970959732831 0.27887559647472804 0.041675126726695245 -0.2732236799865361 -0.32876107354147777 0.10330999135755739 0.40274221359384266 0.19730672175232938 0.21379407178532964 0.11901706472788472 0.26653754945380537 -0.3029175453633002 -0.18716265660154138 0.132755016255617 0.25222855351017515 0.1184389795059263 -0.27783382513957644 
0.34733397957048295 0.2778250229857266 -0.3289263533691794 -0.21904292758601723 -0.15307076096214256 0.162493490832097 0.2236026421535275 0.0990567503487781 -0.19697566927796642 -0.06383276693775589 -0.26732758501413034 0.3442599233012585 0.22761537555504116 0.025065250068194916 -0.031139737783431314 -0.27696506620973216 -0.12306040754367134 -0.31448700570819993 
0.22655344732913893 0.03010141436613749 -0.20938988443815992 -0.20019011929071787 -0.1633183524043354 -0.12981139840481548 -0.1257429540976399 -0.17741671812213214 0.122193751491844 -0.3397711331950557 -0.1165709017203107 0.2009037266194272 0.3480142790493053 0.2247849945973631 -0.17690181959939721 -0.18240054969313083 -0.2120766710681461 0.2759826975087325 
-0.22744569685433028 0.17621181257467255 -0.16991887409847928 -0.3284182882930472 0.15905356096234516 0.15403612472271977 -0.3576625551527859 -0.1878639468191591 0.3195516182009177 -0.24280336700038294 -0.28784051117453113 0.09850418260248402 0.33869611900392405 -0.2801932804973337 0.008698843936786459 0.12490150418102634 -0.22501561241321943 -0.3911149128045934 
0.3505373638629238 0.04502029802084785 -0.31404390743313615 -0.31098678596483487 0.09114410245594956 -0.2423529178920111 -0.18548654633991077 -0.28993933605830136 -0.2446270182740931 -0.008077326251876866 0.007682014067617456 0.009011079775393848 0.4613516682043809 
-0.2974049770083005 0.20405711680155258 0.2346474606482615 0.06659515808461265 -0.02908317793089265 0.3163447241802797 0.26277343924311486 -0.3628019065334276 0.37378945187356577 -0.3983918020478711 0.057305741618532365 0.05675191948899273 0.26784929778948496 
-0.12217802499603354 -0.3423399579103508 0.02292805174794268 -0.42645032223142887 -0.11583183160441181 0.41838620509571456 0.34043265609346823 -0.3125241651820457 0.30366321460234247 0.22606427664760922 0.3450285913638796 -0.21986694869808918 -0.01613414584518464 
0.2599793328110286 0.11474554919399517 0.07376667913662575 0.097906597187463 -0.1970668362916594 -0.44909813402589566 0.18978427135303297 -0.15686861132739155 -0.11509245065593471 0.13366348480824403 0.1241697067146108 -0.2373755138820302 0.3183887902869176 
-0.09431370111867333 0.10384150777401033 0.37662833393706774 0.0507206645269822 -0.11130440853147323 0.09365805445995981 0.0013936859700790895 -0.03721420257980673 0.18467691892373264 0.3419756682063939 -0.016147866808926634 -0.3314621757616525 0.05455971967175024 
-0.2031470298695721 -0.3716682872360591 0.23006817285955594 -0.18059808704319325 0.22105111879104083 -0.009175635903907724 -0.1441581655859934 -0.1473040254120814 -0.3696425762266877 0.026840595556578348 0.25898572832550754 -0.33503808204112884 -0.314709938166805 
0.039816168872974546 0.11924086216325892 0.12407161790723328 -0.20468754827997385 -0.3674034328380761 -0.11556944554520218 -0.24399368236320684 -0.47572938390588465 0.14599158061353337 0.4438938457328227 -0.08560484086692004 -0.1583608613954495 0.08733099517321322 
0.2575067184333054 0.23564471158873404 0.11251138007134794 -0.014112321574880021 0.12347616279202485 -0.20406241099691672 -0.12659974298993262 0.28935732718259116 0.3663878873102952 -0.34433506126534297 -0.16177642723519262 -0.39932932116342235 -0.13337003362003752 
-0.23577496860581112 0.10552018270320512 0.15807187133962602 -0.3102989163976703 -0.34767409907919805 0.3338936611309447 -0.09090844972022655 0.02371069232893615 0.38474660227018426 0.19822971111197046 -0.1380456795534567 -0.3334260518275436 0.023495228539393825 
-0.14702797271681328 -0.4489213017793302 0.18824652922889595 -0.07274076000341176 0.033959063182860696 0.25339139915710934 0.43865372166595157 0.13292018613516213 -0.1693581524649148 -0.3446487953864631 -0.34327280789765036 -0.1427469771573362 0.11229719541886991 
0.15469397906760002 -0.24064229457732345 -0.33594522550522105 -0.13525170327441627 0.014805421098064693 0.23890738805350606 0.04074518001253872 -0.15073726837034704 0.09780842537887331 -0.21310536106734895 0.12058753599572283 0.2740091860708946 0.08905451233125362 
0.07971274718781533 -0.14627762692924678 0.27693517975493226 0.47735646993092135 0.19696268675882436 0.11197786410599891 -0.25603446993599444 -0.10834366207509011 -0.1381452236924369 -0.19693871555947184 -0.04226368145457258 0.08702342543057695 -0.3021099735631398 
-0.20426575510370534 -0.32110264160030305 -0.20628381134756832 0.024564664356569135 -0.03611792820791807 0.46266549763897097 0.47224123402403745 -0.015157381379294349 0.41221741266935863 -0.2528553700477383 0.032109272162167996 -0.036382322871372885 0.38381616841417926 
0.29942574148307277 -0.2934031294311815 -0.047312240827776596 -0.3182793285955173 0.05183393883240213 0.23144798157470736 -0.3866109021777033 -0.2925978023520537 0.4301120042385177 0.4322973282557424 0.044265769339368745 0.11530375538062988 -0.1736322758003833 
0.3647727050860068 0.13428330940268313 0.13190206113120523 -0.3952689150905836 0.2830886798438869 0.22207343303438268 0.14645870674731268 0.19157215607238437 -0.2752629363949829 0.1737586675454417 -0.32438128164742397 0.16420734498082803 -0.40229972297270195 
0.22034722721164207 -0.0065674284735687165 -0.23616162937272242 0.1822287091373541 -0.14599357445138583 0.30843500354344056 -0.255889653234478 0.35357467262179776 0.380222823876576 -0.15498622192847875 0.29090037449720024 0.2742395921837062 -0.05908689217371451 
-0.10749084144446133 -0.17277864523296524 0.3988703986425287 -0.19438316057262944 0.3388101817282305 -0.05614714182007832 0.35099307876373514 0.27150712948231026 -0.27591473356905316 0.05821486467168401 0.13727716646305116 -0.07395968851209178 -0.40043590994220185 
-0.14337289797368002 0.26476249007677927 -0.35243850116388603 -0.3374187541784455 0.1673555180736426 0.02198305733190838 0.03062881062887765 -0.09765044991340249 0.08178583046464988 0.3163776517048335 -0.1772369146053795 0.2763563619082318 -0.08287161768615378 
0.2617726991288685 
0.044228422777271605 
0.4440371319808538 
0.6700396195937971 
-0.019402411360637955 
0.37463069040699876 
0.06965331877200069 
0.2910390468466814 
-0.34677120778585985 
-0.5413607727973367 
0.5823177083375292 
0.3785466162150569 
-0.2699216155607652 
