-0.09120809967778364
0.18977115243177303
-0.11996579118188871
-0.08822951994119808
-0.23559260053772585
-0.02309352332904612
0.0006424351414584354
0.06391721064274158
0.15178503498328622
-0.07209251968096944
-0.028728677636981927
0.16274946018752148
0.044553533661623644
0.0748353070051061
-0.0803731443146271
0.018253082682202514
0.05676715326860467
-0.15636527132597106
-0.21727542797746066
-0.1494211669676254
-0.02073111117119265
-0.14973715924773648
0.080774873144768
-0.09487317185757174
0.292240903329201
-0.35133213571734223
-0.22239036323158987
0.09054858116500694
-0.16193288140754367
-0.37062621976205373
0.055596550888055915
-0.1059706489201741
-0.2563639036611095
0.3619551669716079
-0.2524781948391887
0.18770276461526084
0.3190859367749464
0.2673316459554886
-0.23867922243569092
-0.19895404772556527
-0.36107283097449877
0.3149768148535643
-0.009956280263332961
0.20412758989999766
-0.20096554013732135
0.39290495599687203
0.15519863395109024
0.1264402427454168
-0.17820418944233862
0.19386995075795677
-0.2008322119954711
0.2755298557370909
-0.42984693047613143
-0.29340775519553985
0.029033068780734323
0.13418584646621878
