-0.08614424468468375
0.19597127565414388
-0.11741233567432699
-0.09246514186264326
-0.18235570175881163
-0.011724108138441134
-0.008265148447792487
0.05942739065039192
0.1536241294798413
-0.07508444090675769
-0.01631261013127493
0.1608974606661005
0.03210453958375761
0.06425281806759855
-0.09266541553835762
0.02573443546176395
0.05307096808295068
-0.16246773601162182
-0.21770702108869955
-0.16421626816906726
-0.021017093147370748
-0.14667928302744362
0.08886795414277672
-0.1224042811244921
0.2917728381005092
-0.35133213571734223
-0.22768407685250225
0.09878309248214033
-0.16193288140754367
-0.37062621976205373
0.05491969355647702
-0.10314277628942428
-0.26343060792637685
0.3565749597520603
-0.2512931497494444
0.1871710823866716
0.32593910238024265
0.27478809740559385
-0.23867922243569092
-0.19895404772556527
-0.34440242889086403
0.3162221773459489
0.005450877192063512
0.19706692279391777
-0.20647282556671404
0.39396029428903145
0.15474213118667413
0.12741674662163646
-0.20216679969988047
0.20062072990761276
-0.19424100457028465
0.27971601422965453
-0.42984693047613143
-0.29340775519553985
0.028107852222647407
0.13513756639002913
