-0.09381383203717986
0.1816901084225008
-0.11984876323842739
-0.0888709044092839
-0.2017234221838056
-0.012330114001191054
-0.021478585725350066
0.06175050596584621
0.14879842340559019
-0.06853664975815926
-0.036447951243987524
0.15708044024566825
0.03853252094163387
0.05961038678458678
-0.08293054583744587
0.012638881468361778
0.0755770800378589
-0.15676410324400303
-0.21780161388589211
-0.15168880289451678
-0.01455998721898976
-0.17667221649120657
0.07433236552822423
-0.08782409485789597
0.2992787041919776
-0.35133213571734223
-0.20785370659107183
0.09756554255430797
-0.16193288140754367
-0.37062621976205373
0.05718063080972441
-0.10228083701319234
-0.2652173546564108
0.36043186392058135
-0.2522876860343902
0.1821319074614297
0.32367240765065936
0.2697231543002958
-0.23867922243569092
-0.19895404772556527
-0.3759019216309871
0.3202688928999602
-0.01212007365820003
0.1856385328361084
-0.2445370317245497
0.3910101610763585
0.1573037044656198
0.12451456795372158
-0.19799654325019406
0.21028349967627738
-0.1939152828898201
0.27776030951202424
-0.42984693047613143
-0.29340775519553985
0.029100421507009897
0.13224258029748198
