-0.09800389889379117
0.19485950808797423
-0.13383012210278122
-0.08821513241525553
-0.19285147260034644
-0.0049947694567517254
0.000686758558087553
0.07144111540378249
0.15222542005067496
-0.0718305771853558
-0.03999711621281262
0.1620455428128938
0.038630806153301195
0.06631833270807475
-0.07918857580275188
0.019983843459693847
0.07644007352034615
-0.1410659350573786
-0.21846777435015283
-0.14114963097134545
-0.029463929063037544
-0.14201558441670054
0.069300151890905
-0.11384240463948905
0.28813549623984935
-0.35133213571734223
-0.1866742451220802
0.09749620772967771
-0.16193288140754367
-0.37062621976205373
0.049151688649509
-0.11210446204046277
-0.27684364755261376
0.36717996668359904
-0.2506076467065612
0.1828868341496624
0.3323013348276731
0.26714119790479823
-0.23867922243569092
-0.19895404772556527
-0.3640836245517176
0.31787167078621725
-0.015320668263881808
0.17918996382877567
-0.2547320156482792
0.39380436433803506
0.15445468427773257
0.1272889189737763
-0.1424778494832332
0.210895812569021
-0.20053823854794886
0.27540666352763876
-0.42984693047613143
-0.29340775519553985
0.026983666566600048
0.13500962756312798
