-0.09548801527058269
0.1923185214395252
-0.1276453500794918
-0.07920451344360416
-0.2575247395487814
-0.012109539702393864
-0.001930666378313352
0.06887740041438771
0.1500340631221264
-0.07464240168996122
-0.043573267948719685
0.16199945663074836
0.06179271167503082
0.08482614177187393
-0.0837530802897645
0.011874130992072513
0.053475736508481045
-0.14381549994304943
-0.2168459582851199
-0.15636396866627758
-0.027635399519927006
-0.15935581032295557
0.08381846807006066
-0.09928186573492113
0.2945131534172672
-0.35133213571734223
-0.20182836342544067
0.09206846028369263
-0.16193288140754367
-0.37062621976205373
0.05457575340277279
-0.15197923681116282
-0.28078217594861304
0.3681119120022892
-0.25065634156021155
0.18522603821999212
0.33677436458860577
0.27275338424570983
-0.23867922243569092
-0.19895404772556527
-0.36501422735917743
0.3150382246289634
-0.008061676326035534
0.18731472096140753
-0.24881920098774324
0.3928599534175936
0.154833470633659
0.12638399540958697
-0.1580728813837761
0.20466665980440688
-0.19514017249038776
0.27058244830778266
-0.42984693047613143
-0.29340775519553985
0.02907534370250095
0.13413713615849773
