-0.10471898414528379
0.1821649352197232
-0.14058391525501743
-0.09316687926126188
-0.2177486610434631
-0.011435356866339228
0.010852351639028108
0.06489541733638889
0.15365591402973017
-0.06473849104443458
-0.05648500551143811
0.16242483004577898
0.06936264734626717
0.05665450561904892
-0.12940559373132077
0.016981171594590873
0.08706069951458384
-0.13783630446685483
-0.21800789957721312
-0.12883280282378665
-0.011378136074228756
-0.14536311140766425
0.06215037533955413
-0.10279172765854529
0.2893478323208361
-0.35133213571734223
-0.1878179402139878
0.10185422278830117
-0.16193288140754367
-0.37062621976205373
0.05230938865602227
-0.09433885760052292
-0.2503546244441527
0.36583467532979874
-0.2511684656855099
0.18305798120209765
0.31196789744976416
0.2596566232311757
-0.23867922243569092
-0.19895404772556527
-0.32255104297550546
0.31705914650782974
-0.02042396947254771
0.19084144837556485
-0.21040566595886637
0.38629594571816545
0.1615153058889647
0.11979978787714717
-0.20523178516286558
0.2002512327536635
-0.20649768119149306
0.27423383140851104
-0.42984693047613143
-0.29340775519553985
0.03473136849002062
0.12755762651343927
