-0.10943720751367958
0.1954488655253736
-0.1373524344038208
-0.10280660847281711
-0.20326091311827904
-0.008499048005374729
-0.002098760743650613
0.06330875549278143
0.14407680760719105
-0.07823114774037852
-0.03644145224722802
0.16282776665954243
0.03761656088994096
0.09381760463130893
-0.08412289039812988
0.0087235532082046
0.07116680883702997
-0.1694821863716952
-0.21867006680297757
-0.14125189808799637
-0.02096929345153054
-0.1512726068931765
0.07818550446797526
-0.1053480792385217
0.29095067793973894
-0.35133213571734223
-0.2012084517060209
0.09498078066090625
-0.16193288140754367
-0.37062621976205373
0.05433376100642663
-0.18245479632151862
-0.28181578023543796
0.3669535672357622
-0.24987619628959382
0.18909762403546349
0.33752321931966717
0.2709839037397836
-0.23867922243569092
-0.19895404772556527
-0.3641785925403405
0.31233404064562437
0.0033048689277955447
0.17987762524435902
-0.2524734939397169
0.3939944610240664
0.1536135923522188
0.1274906465798473
-0.16142163158220682
0.19790096237478103
-0.195695958008957
0.2715371133873354
-0.42984693047613143
-0.29340775519553985
0.027966948095847332
0.13524523611073355
