98 24 18 13 1
-0.03921372863641256 0.06530988385290395 -0.19853443466742748 -0.10633914633943942 -0.16216538760172564 -0.16735007888497289 -0.12903676564261643 -0.03625845479204685 -0.06943081558034507 5.4311541547328766e-05 -0.03740022135074532 0.10103047983556501 -0.17969216770093274 0.168502151040271 -0.23402536579189903 0.10125493351576677 -0.05982380845194921 0.03461228870310294 -0.14446213604882108 -0.17245080427854245 0.16777394104397464 0.2509475479341402 -0.06067582642744241 0.18605025692173902 
0.22805362783451932 0.12542475391083818 -0.18743835660354982 -0.2516530169503689 -0.1452309944379098 0.21501008991968484 -0.2629168608579131 -0.09686124931570075 0.14051259146269776 0.020568175345354336 0.09973281737295382 -0.026937640506667856 0.06314191546251131 0.21556410107368704 -0.2501913407146406 0.1566848682257069 0.24536033296551468 0.13680589216315114 -0.09698175377406462 0.11223488887663575 -0.11182847432925214 0.011995416815984586 0.15422796730232882 -0.005657358876790681 
-0.09290399882579684 -0.21326972428544255 -0.2442548510472795 0.04038376354097639 -0.12321458487172048 -0.10542810490961127 -0.08922875004756435 -0.22155050034780135 0.06020489408269274 -0.12982999759844446 0.09322610302031223 0.08660904019020606 -0.2251921030027457 -0.06150507865633534 0.04653440906185534 -0.014856325142348883 -0.2236628496383959 0.05440994106850766 0.057818939839642564 -0.011312441079023437 0.2029817394924067 -0.003126042993122137 0.20181331033644312 -0.1081710348419659 
-0.0887070283164211 0.04348310660040308 -0.04860494417209262 -0.22832046888022672 0.1794451905642826 0.060520865804824214 0.04983952778597815 0.06570038369350814 0.057488905360303426 0.13414314026303212 0.04841151219553313 0.048170387797548606 -0.18919238877525751 0.28406665000368114 -0.07053277555750619 0.32034807002853566 0.0840751755307652 0.1397731972668093 -0.16529461352175104 0.16936309333201008 0.08465608529909682 0.10653639696511494 -0.05702971138230929 -0.03068925971297673 
0.1803807444556823 0.025235233113495455 -0.26354737577906245 0.06173525584658575 -0.1068340939904654 0.027271771196397076 0.16527899932323872 -0.040604735752750296 0.19842261548548099 0.07183928997954954 -0.20325327180102978 0.1758669250483786 0.10086682530392098 0.19226672209415188 -0.10989070114438979 -0.1673043673237091 0.21034010884388088 0.09433968985717266 -0.18539150102274538 0.15713423291323403 0.13413800147130053 0.24506050596153311 0.0853089584750164 -0.0946421986328148 
-0.08686756656637336 -0.30906362522362124 -0.20126361032740359 -0.1756679933286574 0.15417934738065484 0.14708770092644866 -0.06260084287028035 0.1052293638880197 -0.2907891322388404 -0.015085825002079755 -0.06530091299122347 0.33246011968403905 -0.0693564327395368 -0.09201824840819552 0.0974779654385766 0.006598927047414789 0.18192333675441238 0.06725070331306368 0.1387564545097718 0.08379107883533944 0.1486057867215037 -0.040075270923976905 -0.2374047033675022 -0.12303836450726922 
-0.14512864112109278 -0.23520755842120564 -0.10281694390194972 0.06763141045819991 0.03529030062647441 -0.11303274184444699 -0.23378121287994424 0.24357957204804728 -0.027236787644761565 -0.20507568401693613 -0.20690902146434886 0.1636627697917247 -0.1314901798608676 0.09304948133974512 0.18894884961616362 0.2122355573825129 -0.10192548446488892 0.011174215880910294 0.047687030165204515 0.1438708780276951 -0.10039220724997776 -0.15352756432149448 -0.25929418994059733 0.051354943704226844 
0.10483027295025192 -0.04291223812897299 -0.07282084064776388 0.1836222297018498 -0.012757451058497085 -0.04105030714289178 -0.06008135627324923 0.05658110450197287 -0.006143505339954267 -0.06676551253981824 -0.17469923007162946 -0.01812913948061127 -0.03999087471658248 -0.12856254341209042 0.10109222619302562 -0.15485033009231797 -0.05015978864057772 0.1463088761027003 -0.12289117793853796 0.03927602233354976 0.10114931119352416 0.30610621378484376 -0.1526928535472828 -0.147418185348954 
0.12152782778933721 0.047163633709457566 0.2344439156170398 0.20003795969631885 -0.19617018160231467 -0.05640372261728337 0.004065014451413132 0.14383251915657677 0.17364025241156847 0.022450313596121967 0.12577088385253657 0.11875261283098064 -0.037590863070642196 0.03156125467057395 0.04143562553271034 0.08226167173960929 0.17702207929436792 0.17613545281967521 -0.04176061537218304 0.18310938667900384 -0.13322539348987103 -0.17034754406324054 -0.1491595989442708 0.005057342006881144 
-0.1930620570126407 0.18055612244492578 0.1312381964658916 -0.1957320274816981 -0.12989221745763516 -0.06691379296224222 -0.14828846807174084 0.12407853208925579 -0.06182758037001707 0.17733628351637387 0.032542493530929105 0.15229607481534888 0.13840414644817506 0.1631383219505244 -0.01588476151891867 0.0183562805247151 0.11966030064665442 -0.08555990817343215 -0.003852688970628813 0.03935979440958745 -0.19552092690267997 0.03711397052154194 -0.026295605039640388 0.12321379683364254 
-0.11134873943526576 0.12760764071861413 0.030886543330460484 -0.1287854859380971 0.08321204383861995 0.002914961677681856 -0.22558292610701602 0.0015543768463106289 0.11581487371104586 0.1995360281928943 -0.1521743357660939 0.17885727390986603 -0.12903607027925532 0.15890738219258344 0.013123211110180829 0.11049185800736505 0.019706809369250473 0.12519590792219706 -0.09356387973975018 0.07363106910577774 0.08411288382034854 0.18271811861953935 0.1573104976095708 0.16493059822852477 
0.12748239611656723 -0.06973358300812163 0.048218155385288466 -0.018636190033384223 -0.05551387879508563 -0.0748763878144503 0.002970953454035444 -0.04562881752566575 0.08263861709508291 -0.08418237289266621 0.25292615908505117 0.04810407125226397 -0.15310306920874206 -0.0650971667586547 -0.09715378698184766 0.11149077190725298 0.08046129245919906 0.16427772912616953 0.06481948641091975 -0.10903340536655748 -0.12640514026243885 0.1371834300645971 0.06738701719513185 0.18259884708663615 
0.10721317191155845 0.07819724232071738 -0.03699661257144774 0.0887351874061061 0.018553585488829318 -0.091016830497554 -0.09415573269637167 -0.22988487118233272 -0.10523529833927857 -0.13541087135233368 0.2076375366765263 -0.10694622823662112 0.15899039206038368 0.17978546917836413 0.06559578719199209 0.05589690086712373 -0.14003528837121823 0.018354581045418986 -0.06165293641599584 -0.15652378015537527 0.11981629620895883 0.002604416450699061 0.1954109996925727 0.2653921420314104 
-0.060987311493240624 -0.2119809799878304 -0.12308258106219466 -0.01589306541006986 0.04562901237535492 -0.1705983511735544 -0.16243726398815905 0.19463589478967094 -0.052321685827284505 0.0009391790855011789 -0.10658479213171243 -0.21155454101112503 0.044669801185831165 -0.056474829047238995 -0.15141628198867862 0.041303746370091654 -0.003250098472048046 0.06770082531971021 -0.14276831570958073 0.07725364327894382 -0.050867538377986236 0.06666012368916578 0.11726127224622622 -0.1680137855433807 
-0.07755425003329433 0.10796664440550978 0.18883517026017949 0.011845926695466387 0.1350772443046741 0.17621383539312233 0.04974832628541288 0.1550506865862876 -0.16466182858011105 0.17124007904760646 -0.009987498980964666 0.05189127152730383 0.140311228804738 -0.22905312512732898 0.09897401797162901 0.11013835780275748 -0.07596506272279313 -0.13818025484700006 0.052627118796514265 -0.042265076605865086 0.12606281179907358 -0.032221465701331456 0.06173122508111472 0.2108869653715934 
-0.14333985506383684 -0.10708577727024891 0.15891243634275812 0.01334281795096884 0.1532107242131409 -0.012441371757167008 0.29781382694087 0.014992204567796881 0.006123289153154938 -0.16158790042715188 0.00042168873313198484 -0.27464012424088224 -0.14396610943055352 0.07980022803516139 -0.18942141607761379 -0.06880745056368168 0.09961394842293617 0.0756995713762571 0.07616089252868634 -0.12067834453811815 0.0010675945691611013 0.08038277971212332 0.2642290626288231 -0.09445264954348359 
-0.1297927729919568 -0.08731978589670367 0.10004795483230941 -0.01703753032074189 -0.17854950847997209 -0.039893272020572336 -0.12484590356416425 0.1625705176821222 -0.09325396493161843 -0.1905672359933944 0.0370944421774196 0.1205097960219279 -0.012520235944919841 0.08304123937939706 0.004404453390676744 -0.017159139893167134 0.20209333931884177 0.11797714289812393 -0.18863265429721954 0.06168586535461815 0.012283834102468862 0.2056846268012589 -0.11153808138674375 -0.09308192931014009 
-0.2021350124636958 -0.07840274536696909 -0.14323598583193137 0.03162697582774047 0.14177041193485734 0.14737195108980886 0.129698443822321 -0.09641765013277678 0.1202521423131303 -0.024820773441125495 0.13466884838577803 0.09144691235269968 -0.15302377715828633 -0.1413685782442632 -0.23867689464203382 -0.14620433224486185 -0.04743783969192721 -0.18448368542948723 -0.19972791335008225 0.07786113109532775 0.002000268759457162 0.12510614219146596 -0.014747798438909969 0.061768019982879126 
0.013304401067753147 -0.07316559494873265 0.11004045994442063 -0.039246452092098455 0.1501647537442608 -0.09650174294454823 0.08881790991427439 -0.17530541814132472 -0.007429446862521038 -0.22499365213212302 -0.07847438474894827 -0.15279631301862132 0.1888757429809691 0.22793643068159133 0.09599815527398842 0.25325637679080804 -0.1411049171390265 -0.12156389413515203 -0.12524690691299697 0.014058193697524467 0.2412898214869286 0.28926068815616557 0.041340630792368556 0.1462801408744304 
0.14852397455447308 -0.04106701766914885 -0.10003861986922992 -0.11693396251241381 -0.16765566559466727 0.15085488225772523 -0.17236628583036556 -0.1612370877104405 0.08508162397659942 -0.046827987606382404 0.2132030995164154 -0.06761512468945223 0.04380034419998323 -0.038694630096528175 0.14526544431241956 0.014547853001023346 -0.031318221057959686 0.01801793542442552 0.1711513020748064 -0.19656092587882332 0.13120686657121894 0.20957816686270764 -0.16275406981323357 0.01770854555836 
-0.07492334382840485 0.12200673706026248 0.02319095821473354 0.059937455451637894 -0.06231580408097826 0.10125811931836984 -0.09867877131376453 -0.31982400284162776 -0.0119217347894421 -0.031990522692720846 -0.008776975694484605 0.22987186466646015 -0.08715879884890618 -0.08914065697500924 -0.0875397074350786 0.2374043140559745 0.21210824393828606 0.16882157794788116 0.16454851772453216 -0.1455411734322653 -0.14494686909914004 -0.05988027006721499 -0.07854999738889157 -0.12392680987195884 
0.15104317228594769 -0.06674688749024246 0.13057063185527204 -0.15362114479685626 0.06363218445430356 -0.16394895258912004 -0.00503814338821608 0.006629261189485313 -0.14399638974459625 -0.15742029404289354 -0.0229855740527132 -0.06005014633481641 -0.011293891602049681 -0.19864825298354896 0.01589560435864621 0.1560279296382372 0.12839405939306175 0.0015897514723908007 0.19204201721293976 0.23144582258131868 0.0016012637081734866 -0.18599277522792196 -0.24101093909747334 -0.15171311034376592 
0.03446999415244197 -0.1049871980627837 0.17261268296562346 -0.1898019883959906 0.2286256342411857 0.10784067990081221 0.09994942166378624 0.06520265932050644 0.07159987565686701 0.012120839430434594 -0.22111092335929838 -0.059913250212153366 -0.025101988222512334 0.10436297627283969 -0.012415348476098199 9.553088737548183e-05 -0.1378742933653213 -0.22682157161560784 0.1033255432107416 -0.08155310097301943 0.2244811122086364 -0.15456184450557925 -0.09431795757384824 0.010001871251501145 
0.12948961178160412 0.047336414826830465 -0.1508056815154825 -0.1278452532980816 -0.002961338941805829 0.08501173342702878 0.05503241578664861 -0.1448625656743538 -0.22656877792215616 -0.03337150641563619 0.09572103550520276 -0.21698111124558814 0.11061394319430862 0.09828945897951849 -0.020106137218908863 0.1701664815780554 -0.013756020721774474 -0.24147571753146002 -0.006157230733080618 0.10414545605525621 0.1523509410756408 0.0767404523407308 0.08533798816895274 0.05201918461114386 
-0.10762274576449457 0.05110447870274744 0.13177534468437002 -0.06617203758265473 0.13036048155459493 -0.1446853137661098 0.04807898179214586 -0.13830187620980308 0.0540867100276061 -0.028658983780788953 0.11869402093337433 -0.018431354269838614 -0.0963009993476714 0.16380507986991322 -0.07632823012248373 0.14097481458131433 0.13393065198029613 -0.1115526778457596 -0.1145043045693279 -0.11280850147924433 -0.14359394800755107 0.012167459327389931 -0.17434819197829843 -0.13925388781217407 
0.07533932750908963 0.10616072149474952 -0.16889246480500147 -0.10737964239385439 -0.11713386439475539 0.18965714359572108 0.10381151973197698 0.06210957400936484 -0.0597867146231523 0.08690473906536123 -0.025647359780894045 0.15316552220650434 0.12695021520711808 -0.07372746485113167 -0.1502398967456243 0.1782252029734466 -0.1517403793690965 -0.13271742690947735 -0.02728813720816952 -0.07498670035400129 -0.07453893193131296 0.09154074093586385 -0.1247948197710945 0.05727002369557077 
0.06629890658063292 -0.21803624112766182 0.04009575139479421 0.16254293781469253 0.0468980732148478 0.13296958333580705 -0.13058491910980224 0.10841698401173515 0.20151398122137246 -0.10173267321282785 0.07649779725002867 -0.14713923493714848 0.13467732755920359 -0.1617872097329677 -0.04167226598470589 0.014838998617670551 -0.18339306858241503 0.20879804055035325 -0.05164347224113571 -0.013249691651399581 -0.02155013152456711 -0.1430608693580738 -0.24874114013632023 -0.17066763796215 
0.07147143371986164 -0.16866087395706633 -0.05688644798998231 -0.1777272791542616 0.10776622226703732 -0.16640918690906234 0.13203441487448214 -0.15568331071980498 -0.027640365239262835 -0.18414471344549202 0.09767710632843292 -0.11995247926833229 -0.06360126764120444 0.10902667296252926 -0.14057528314431642 0.039179658062142214 -0.13455473601323314 0.1288454037023621 0.0890414562499257 -0.1669294989440779 0.23399820584110628 -0.127890756345411 0.12154294287713074 0.02114355554372597 
-0.08831281361482811 0.06556254681624651 0.07063586939052698 0.17544635608340342 -0.1068080115527816 -0.17297089242963112 0.12742407826844487 0.2037613432667733 0.07593479952894443 0.034532137021790255 0.132424653040518 0.16320714928656904 -0.11043740075981803 0.08717479672437019 0.06846998358195971 0.09181152508849498 0.02268254570285154 0.07872277000572966 -0.2006207818465268 0.07672559109274654 0.13165411727230134 -0.14917890787075863 -0.22066365461507542 -0.14294014399420793 
-0.07745685907636893 0.09949064540342238 0.017093792936638978 -0.15298576411215162 -0.1452900500598957 -0.09603256648577974 -0.02904868499305962 -0.07009723032898618 -0.08162902313585131 0.019393323893692176 0.08289800991105907 0.02616147434993337 -0.0813229943622888 0.0755240714043438 -0.11151810227320634 0.03192626076549524 0.0006827329307126737 0.11408781701401047 0.1516959201219644 -0.03660531110383567 0.1715686363088596 0.0621984261050338 0.009590722487467753 -0.14794440106077142 
0.013768979157161399 0.1630807536389563 0.041902219548285685 0.08915912845998819 -0.051425962736867996 -0.0030122081128808654 0.10469214479192897 -0.18318377696419277 0.011769628003248593 0.20588874997830592 -0.006145778796003186 -0.10735510136478171 0.17500194959171286 -0.10057697459531059 0.08009886460411149 0.06113714627083657 0.13048528430935805 0.10070172861933391 0.1356551550292448 -0.19864125144033945 0.24911263000266629 -0.11728516232742556 -0.05041506146841971 0.1869811926163595 
-0.19822807185388464 0.10153281063013987 0.13420939383841896 -0.023847959112781553 -0.09765645112766787 0.14422510288803642 -0.034548164863305045 -0.08729400450559581 0.21580026968288832 0.18824107211611463 -0.0033418861072608418 0.13007687028177878 -0.07833191186958988 0.02559552732197057 -0.060676727749276516 -0.06871209868683265 -0.09687972631281919 0.21427838373969027 -0.08213602937052127 -0.19467937314927752 -0.1572564199754778 -0.17669217943770438 0.020931452357861917 0.055994945598532374 
0.18557813146906232 -0.0491771057582091 0.11690951409873698 0.07824808774439417 0.09726374403049558 -0.02818499291234965 0.009855197665810198 -0.12901157119740686 -0.04170862228536236 -0.20080322287261926 -0.03626898699692378 -0.12215764455996728 -0.07566584268738495 0.16816494958976091 -0.07163214011437868 0.18888132306895386 0.017615013318264747 -0.07416779644914942 0.14359510346750573 0.11422948651576326 -0.08068621996809293 0.10781899728877528 -0.002647686686530804 -0.08533354221807078 
-0.06763128651835658 0.13471816824938387 -0.09244490478570383 0.16135600844936332 -0.08170377788580095 0.06938996710304775 -0.01735423159717078 0.12827018425947165 0.1638771337167997 -0.12656562656011616 -0.005347631989747594 0.1883958370708947 -0.001002402270408819 0.19349850825423492 -0.08827265177315448 0.02332859183724275 0.003371611725226434 -0.10879515133847317 -0.19624573816145527 -0.0330452936239535 0.18376133620018043 -0.1212481577918574 0.11749776367427599 -0.2112111696598367 
-0.0629443609997341 -0.2263958806416861 0.07056719255290264 0.037284571403764816 0.07517735675052802 -0.0015335175568173107 0.0021402238330377513 -0.14175202544034646 -0.11435960591948865 -0.050935962679879064 -0.0563641369659769 -0.08206527878860033 -0.021171091785095 0.1662758481691632 0.005972120510282453 0.18248465210849088 -0.07719335249408366 -0.14077260404327943 0.005604605457980357 0.12322180761145642 -0.039184788914384476 0.015127448029220874 -0.0923567942200928 -0.0010711472972158532 
-0.13586312927433916 -0.11577648469196111 -0.09517815072896492 0.17325788309871498 0.11299924718370423 -0.021536277330969147 -0.020492294631913797 -0.1423936289972494 -0.0007851427376530143 -0.08103588525810719 0.14768306470375633 0.08901749816757973 0.047596576053986206 -0.10361815696533805 -0.011638646399168208 0.23263476869957755 0.1111523323261325 0.04610125369805548 -0.1398452315760536 0.05535946796676885 0.03693073014132416 0.02609537475714018 -0.09858637068685601 0.03942342854997328 
0.1633739386628956 0.10468384329889309 0.03148532412923536 0.22547312571824338 -0.17535196114796464 0.21944426921245455 -0.23727394626310103 -0.1348315342408825 -0.03797257852670055 -0.17364597697247552 -0.003196764348344228 -0.1916930687781326 -0.10816715305976683 -0.1678225511667293 0.08122373002728422 0.08253277633201053 -0.039035408406335736 -0.1250184672882053 0.09876769343098357 -0.06357573759433541 0.1382294873303734 -0.011266739679759843 0.007033357873910864 -0.19020430237210664 
0.035513166276094764 -0.01042540232151192 -0.10839057281029496 -0.04105073057745739 -0.04671820536496563 -0.07248800649457277 0.27672689281909535 -0.03841771508474031 0.18536065617609468 0.005375491311120608 0.21238982709565177 -0.1273278488440166 -0.09464735657832472 0.11435497149153166 -0.18403676552336273 0.13147347035966717 -0.004687397002464238 -0.049159189968352904 0.1998671784650101 -0.17796265880973336 -0.017017500863116243 -0.18913541368349648 0.10036850586825902 -0.11758641580214647 
0.08674617276515435 0.2048352739798991 0.1336470608762273 -0.019077716128811262 0.04813631286250895 0.1751611751446948 -0.030879591058430716 0.0008252189421157232 -0.25492482713368403 -0.05194534894224248 -0.14371495294520797 0.11773282535800864 -0.03305559128442428 0.04518559586973483 0.1497940367115795 0.029056033979560567 -0.03798950660014844 -0.09234726596866794 -0.17237620481805885 -0.03248260360168613 -0.14181444998527276 -0.0916970113240631 -0.01059069813717456 0.22416563303961198 
-0.15710465570942395 0.07463883994891701 -2.6718914471538604e-05 0.11094303510524729 -0.1431505483914777 -0.16779950723875647 -0.0473435001015968 0.20269261165389893 -0.06626617271209925 0.0724184253776105 -0.08371440892439272 -0.1954542913071277 -0.1950356504012219 -0.11614420325004148 -0.04727231064767116 -0.0005866236204388035 -0.21674831595634636 -0.20562239914545494 -0.19509299063944885 -0.1553034525106352 0.0509965577735065 -0.038654602351796886 -0.07720670771955522 0.022950645394170383 
0.2789129988353938 0.06654886411694322 0.0796548133599238 0.1516848030907384 -0.18559647221057138 -0.21966798157625517 -0.024893380935617066 -0.06005065413450831 0.10507667740197343 -0.009248166202774896 -0.0162003411532019 0.2528949659117009 -0.09163817464474183 0.16719612088673597 -0.0985306464514174 -0.03316492350835627 0.025437837871754063 0.011201981327298525 -0.11206635615243916 0.09740701429933148 -0.07355511626215394 -0.12704714931389172 0.08142799987577613 -0.03890507333541361 
-0.07789769198262102 0.109815045614868 0.010208108499385192 -0.19112466412417492 0.1503769138258463 0.1452157715137267 0.21591197595945863 -0.05075575301296153 0.08667628789243582 -0.06396200454416244 0.010389648791009688 0.13271119448047 -0.0040769509240590075 0.007278974721225484 -0.06936247320447642 0.03273386245384319 -0.15333542001430853 0.15037143274408282 0.10066860018023369 0.15359431853514505 -0.09323328021006638 -0.1387161834545831 -0.12974952701117687 -0.07102543476744246 
-0.18666885560748667 0.12222396016164142 0.06788309581846974 -0.03461031881251642 0.10717373259927494 -0.02804122141482248 -0.18554268602269916 -0.14674125762727055 -0.0924381709330044 -0.028274994732812343 -0.18044014165271613 0.007122118346822568 0.04566149232981949 0.005894741724235467 -0.02682106731580012 0.13020601499103743 0.029900399162107377 -0.1955741866671277 0.14994562047692353 0.07681605561314417 0.10456600169004188 0.16194544620860854 -0.25368017738787463 -0.10601590293988189 
-0.17592357966135574 -0.079349560535549 0.13528642353822593 -0.1684449518576304 -0.010638414147077205 -0.17385703531386992 0.07028355966104857 0.09876455735122754 -0.23426111776152822 0.019277484610079665 -0.10426023633367815 0.2496551086004699 0.1475823386269966 0.08090087738197074 0.19459441032393301 -0.028562348460863373 0.17610494320434647 -0.0002759233125956633 -0.10571533075796781 0.23367280477274704 0.12043805917477955 -0.1752817259671753 0.11592614254743984 0.0999312994908606 
0.07388485327053902 0.056398543886453635 -0.0985883159118702 0.05427989255090963 0.12616096046013542 -0.20159779157822635 -0.14848664065984116 0.11629237744470342 0.06362815843892367 0.022811372097365945 -0.10066922683528098 -0.06608141662680626 0.14080596714663787 -0.08332115650768544 -0.17547873191694863 0.2018660345500048 -0.11696612162630647 0.16121396130207494 0.15349476664658623 0.024752769038073635 0.06598362311254728 0.04064257340737287 0.04761631852686234 0.1887944478635136 
-0.0996838219933333 0.20292980859545928 0.02683933977364573 -0.1547702682506551 -0.10928287770596298 0.10429097332610447 -0.10424599938885619 -0.14811775665704047 -0.11762699518342595 0.12106649130491055 0.06337032308211636 0.17368174351883015 -0.07104540087047499 0.07641480200335468 0.03126742558153142 0.043007537396005525 -0.18436280429047103 0.08174169205261411 0.17319733779451352 0.01372666432440811 -0.12324767081457577 0.08035155633851958 -0.19889334706071754 -0.068442961531206 
0.21173415962961195 0.007068036078235728 0.1426607311189738 0.041579996223227486 0.12939418005245368 0.16472547743789576 -0.09459937922589141 -0.15156735442208377 0.06916823738406425 0.017776451670441874 -0.15002559173332924 0.061989918551152955 -0.18709700684575145 -0.16564287607763217 0.10976794416214843 -0.19693161547684565 -0.032448031140250286 -0.193123131265599 0.2008663495579724 0.032548787387308285 -0.11605895985959419 0.22084166739843547 -0.028146708961551775 -0.017943776021127726 
0.016030393675360417 -0.09426664005100129 -0.07767774834841247 -0.051043023636914424 -0.1022229598771861 0.03355188957918088 0.12301449211692235 -0.1724027216777256 0.244439626841222 0.08950055785767026 0.17010615053987557 0.07627315064685773 -0.16908405969317541 -0.04319380852508615 -0.021525918467198264 0.026537459256922035 -0.06048468242534239 0.08154354906775177 0.0724219153922961 0.07865856846137938 0.017347559563718598 -0.14014814457631117 0.15003077358642433 0.1322803616149001 
0.1904564264230815 -0.11858389007773976 -0.12969608555324064 -0.043268881131938136 -0.07153352974173156 0.1514765219822471 0.02476490844445992 0.10660910587765678 -0.04399387279343019 -0.1611641369392101 -0.154798025923272 -0.04411041645650091 -0.12272334900681045 0.15423763738690124 0.03956960006496033 0.09607938076598552 -0.026248109527103314 -0.16576746430820766 -0.10601356692470706 0.002283318196551788 -0.12079826957815332 -0.1914408807815299 0.08988317194500163 0.07506071294460466 
-0.06928105712144715 0.13285006616654854 -0.028378304741979835 0.13895204041588952 0.055652479335118535 0.03639648421073523 -0.1199316656846616 -0.003807126742057774 0.16886649484252098 -0.07779620277538618 0.15428436110782132 0.19039986168924658 -0.06780493935924502 0.06414019728107122 0.16061748275770213 -0.19760465871288457 0.21040569745756646 -0.12394453833733529 0.14045331386360196 0.028070401207851155 -0.06192869422571022 -0.13998741820029104 0.04819990699603401 0.16555136341324386 
0.14572638027980836 0.0682190785240518 0.176933011288099 0.03569490350973487 -0.12110612558429655 0.01617795035047141 -0.0751839062028243 0.21210650821662735 -0.059607979391036854 0.22627809944963972 0.00743678576908298 -0.13876825241748633 -0.1713281176299123 -0.052788001547181926 -0.1513780917723609 0.0642070423921237 -0.04208087383876945 0.2036631947761105 0.17318125168430729 -0.1408584113972938 -0.04066920706880716 -0.04188976774264585 0.022457672411346535 0.12427394908876192 
-0.005232712042981331 -0.07006433624702461 -0.09512997119676889 0.18405012353529204 -0.19275567371682997 0.13034856147213564 -0.12490715559641763 0.068578737954253 -0.06680943591196138 0.20902742969455682 -0.15164184035202988 -0.13910436263785225 0.17354521696246902 0.024742038764863004 -0.07608504246732974 -0.20158546582782527 -0.11707379389196769 -0.1424188672483419 -0.11883384991351972 0.16701538347601838 0.1661118398667509 0.09148147224039747 -0.013535253374979402 0.14359294761230887 
-0.0328955975761011 -0.04802150458690203 -0.08963917001842545 0.20348478880408943 -0.044910902401017104 -0.02142315140922543 -0.10473685235176629 0.18657536967012311 -0.035524223675587496 -0.08078312491648589 0.08254143400481538 -0.15217060249843045 -0.161651422460119 0.12408082033583155 0.09760841685279632 0.012013619322264506 -0.12295754999496952 0.026905474019550527 0.05505044131180169 -0.06871879255989764 -0.17422675847565147 0.1502974655426988 -0.0051187492696620485 0.08448871965744881 
-0.09840663830826293 0.03627872048535288 -0.028237928302659848 -0.04686485000300768 -0.15003469427503976 -0.10229629077219834 -0.16937823809529548 -0.07865581772491928 0.09662624165306263 0.045712168998952904 0.06871097648368661 -0.1984563847499863 0.07110813659822268 0.0012568459768885173 -0.1077009862657441 -0.13042043459402694 -0.1263225403107718 0.13821107154029186 0.19475056039158598 0.1665495043686428 -0.06077164411411612 0.11220946787116247 0.01839907001779418 0.12690145879087514 
-0.006434856276351456 0.03570613649495358 0.11506185160400123 -0.1608398196669227 0.014649962774939686 -0.05331303379437536 0.041434172444658655 0.1849944532730834 -0.04258035015114345 -0.04252042105488385 0.11642943979554289 0.05774400367312498 -0.042156594138504304 0.07536148334117578 -0.038118050781881456 -0.1462033527504416 -0.019551476083798307 -0.06596789005392897 -0.11294137882629796 0.17147082631913813 0.07563678333021007 0.03924429335484366 0.09862731891830927 0.016619385349688747 
0.09058736830856215 0.17278067047438564 0.13767449625811842 -0.1334509139791101 -0.0946698797161992 -0.19959905991457516 0.1942444321931355 -0.10548490247206196 0.05178943296673448 -0.16517198806100897 -0.12922490245177712 0.01889906952273438 -0.19319019273595447 -0.016176396946889098 0.004790362768054154 -0.05315464393027635 0.03725655969020291 0.014555247473685917 -0.04346406813669448 0.06061197886981635 0.09665631901937251 0.08057769915282761 0.010393955101981848 -0.058857381546202014 
0.043356258156098004 0.18218364602961512 0.0327276271200877 0.22022655324369167 -0.02338050910545189 0.08521770856216397 -0.1864674818701803 0.1110824094544145 0.02418255365818386 -0.19971569021624896 -0.09079340081081204 0.02256876166571265 0.10724412096712169 -0.20831210564454616 0.019431028232011056 0.1416772124761959 0.037791296913998525 0.18069147841585753 -0.1712637438675921 -0.08456811597848057 0.19210275614376884 0.09629822623713037 0.046618455132480724 0.1181648033682174 
0.22236718720055496 0.1684845015060827 0.20129170730041268 -0.14476261477144173 -0.1729776269139531 -0.17178112396639786 -0.19584498608101486 0.16154185634512586 -0.22587743492726825 0.12304834756413512 0.020476056848198934 0.041870656643512826 -0.06104216152990408 -0.020995531708843402 -0.09842673769477857 0.2300755713213035 0.05885882043722839 -0.19125646145076863 -0.015233719898170843 -0.08734093213416182 -0.15471951711106574 0.2059288897277193 0.0749704771610074 -0.06784891183377259 
0.16387040246108947 -0.12258529029155046 -0.07663382413517496 0.16400559681891697 0.24951752266745716 0.05988782312298385 0.16801842338090067 0.1376553199175933 -0.02464872145167759 -0.050605174061980604 0.07123385396762809 0.014071383281978956 -0.00040065358884395716 0.23311200242701266 0.10965436563937722 -0.05450766855131518 -0.21923961656705557 -0.1263539651984423 0.010624082253433626 -0.03289448762813855 0.1658786078677375 0.21192569108427703 -0.17896974723992418 0.19361281484311652 
0.1607201171884285 0.24777323418068767 -0.18636142611880807 -0.1782816841121483 -0.19951820649495855 -0.0883417656406713 -0.17905361115702312 -0.08227830907138617 -0.01620040972702824 0.1563719859647512 -0.009117628821458272 -0.14265880148352114 0.04594969707745448 0.05312743801359825 -0.1563443700242452 0.06908563121227385 0.11108466576523826 0.13429704390578173 0.15705965324664325 -0.04696809407751701 -0.034747290336789645 -0.1602897845401202 -0.07490929219457071 0.16436024711399355 
-0.05031576366842107 0.12567025919394834 0.1570782062921524 0.15752504858036434 -0.1380444009323488 0.2265786247949499 0.03290545506825155 -0.11591651788142411 -0.0836967853144436 -0.13651076429373413 -0.02719569629695497 -0.1299404374172444 -0.1343143910540316 -0.12136437817367099 0.07619517127383717 0.08806532338697655 0.22310142416627138 -0.06808571154548528 0.051548274724027565 -0.18776819828915842 0.006405336214846137 0.17660605564030024 0.16006018426937998 -0.1978446228564119 
-0.09882980365655214 -0.12040975224338887 -0.18239637349603827 -0.19772165998274047 -0.0038757112444137596 -0.18323855983782655 -0.08853995769009332 0.04277480804541549 -0.11785898380244805 -0.09203943350057005 0.03594348298295222 -0.026322820692546565 0.062388690717971075 0.010883658462438887 0.05298979203733124 -0.058356112136160515 -0.08502579555941296 -0.13685612405299957 0.1760970664286862 0.11777153371376461 0.22073297562368002 -0.12616107989727898 0.16650655923410246 0.22061196142281211 
-0.08643645219240649 -0.0900300399673468 0.020375580353762014 -0.1261981531322392 -0.022945436336186408 -0.12618661648881013 0.18031270337169078 -0.0024405786384972283 0.18709130072352445 0.05768920901199362 -0.006201820932755089 0.1886401637359806 -0.143320472314589 0.05263774988671957 0.06448577403481477 -0.026230570007306612 -0.17755544179954175 -0.0028762991114406216 -0.01380081919299757 0.12296468327944879 -0.09728644375955824 -0.04313656833640689 -0.10395232243182977 0.07435123974332404 
0.21924876821825626 -0.1362046088863285 0.12893445125120723 -0.10766855844301597 -0.1781210487349329 -0.15929738827820009 0.19199438051033219 0.16956603945428797 -0.09546587308805272 0.19758940625730326 0.15685106377725033 -0.027771683037176517 -0.012644793252132884 0.05749203626010475 -0.13727848682081906 -0.1958292664840117 -0.11204602240198859 -0.19555772212562136 0.06954972052356705 0.020390382046996478 -0.07934210347403398 0.14546586216295515 -0.15208492639226134 -0.10204800801513511 
-0.08290222494913735 -0.13767844990192252 -0.1658635116567711 0.14113783831324483 -0.16576134818654586 0.05102517886961618 -0.15260897449531094 -0.19750547181797612 0.03298100978640755 0.17242543750268519 0.16812224313023266 -0.07964944066920245 -0.19075066375395747 0.12587329977353895 0.12265544509823628 0.15405228468353682 0.04496949011486503 0.10913364189330749 0.15991399220191563 -0.018286100410747304 0.02291618688333312 0.002423098946586271 0.09239480874000451 0.06815929502012448 
0.08011884835497278 0.06148192884379496 0.002284042213935559 0.1297509921133986 -0.08712164963315752 -0.1029046820459524 0.12418178287548907 0.09121921505863333 -0.1642154823086558 0.1058412264317695 0.11763014654637433 -0.10274930984216474 -0.16766394995483133 0.08056959014163001 -0.1102983717968436 0.2016598730621495 0.059381886716921545 0.11327432889541844 -0.1577451185708127 -0.16735780714958637 0.13904093512244958 0.0031834440346893535 -0.166143964469374 -0.051279380359470265 
0.06860384571313657 -0.1244528186202856 0.15919158851615606 0.20790629795589483 0.18169591797535947 0.09193339018371277 -0.046600330656325295 0.11769873236264584 -0.08490553699530523 -0.0740051175410077 0.04206888551211245 0.03323426583243736 0.17783478901939379 -0.11738962465339556 0.09792842979070353 0.18581308636231164 -0.23342611629834292 -0.00945897390324128 0.0625404191213128 0.16270763478122083 -0.15245343147956358 0.14960879976642208 -0.05396082543521905 0.1637978948190672 
-0.19052386853114323 -0.1669052328605047 0.1942665621512881 0.04350897874171335 -0.03268333237085029 -0.13273028432644907 0.05967719625823244 -0.18672526430333217 -0.07513261385544896 -0.07036217611996806 0.04268612507935936 0.0600501207028908 0.1389414192587527 0.17220968785065693 0.06391162161094306 0.03101268026115401 -0.040227558223876386 0.18819617279391626 -0.1388869752948926 0.1589293391170747 -0.07537430921307976 0.019206910017838096 0.07259113829163519 -0.10545028507942293 
-0.1333310308364748 0.008065089771634499 0.12676539480897042 0.088321625908934 -0.15319127863491783 0.14899396345954563 -0.008014103143545507 0.20412565055896098 0.02988622659039626 -0.16714573154725657 -0.11922762258453239 0.15033702610442956 0.07304956502402994 0.1530998945460582 -0.06808551348202892 0.011079576249120003 0.057314346718925976 0.01987576421373222 -0.10747653617130622 -0.029023612660386146 -0.10074169908435124 0.1536771888493044 0.22226669078932104 -0.17460265948985107 
0.08541757036770516 -0.06769610201148671 0.04987867732471585 -0.09669311838855851 0.0601208325993936 -0.05124606915549182 -0.08189225126728072 0.16574165611529504 0.1783154160506807 0.04512639928384364 -0.11436016520698467 0.17705436386827533 0.10016159710596773 0.10041880102582271 -0.11547337159262837 0.13247443578686643 -0.10398349196808136 0.052353887981675465 0.0841325125663737 0.0969003901575217 -0.04360220520425979 0.1039513531784968 0.1621348256965692 0.0346969359802809 
-0.16485362947663698 -0.12792358860505637 -0.1587867108372031 -0.13130203990415565 -0.15014987459627327 0.06391145955353744 -0.18572648981599063 -0.1033916029015809 0.24144221901739657 0.15063975676620758 0.0418794607088239 0.13838090190391614 -0.18407066547433862 0.12246236302150822 -0.07526046264338553 0.05881262291877452 0.06428693859395727 0.09341751942449282 -0.01641228728770514 0.2665659111724926 -0.09678872437415618 0.1203342893177477 0.12717209402994084 0.18500551971104123 
-0.188501105440458 0.1413659273990856 0.02598952460522525 -0.0029943474240857475 -0.09625342675413019 -0.06901556994943917 -0.10019565248434971 -0.11241507902588854 0.180254291368144 0.0009463429144203568 -0.16780471900023075 0.07481139156660246 0.06442999848044922 0.057791390406948244 0.00608684310063993 -0.03973645704827482 0.17186601378494007 -0.19030611669535488 0.17433039624101582 0.23373275689601686 -0.06257106392953407 -0.11436134446646463 0.1024295458739876 -0.1291704947924363 
0.12356167519960845 -0.12049467291583747 -0.08350965152879215 0.1923988702991604 0.16212703636349143 0.035318645034147514 0.15065376806600747 -0.05870154071827246 0.2281855724051211 -0.02629027801267741 -0.08189582320955374 -0.19195806557726922 0.21198372603139987 -0.02389400418753851 0.0937508990324877 0.07213785000572726 0.10134358844965917 -0.18093250910275693 0.16912756143309338 0.1928343843382072 0.035508786492368015 0.1957677970124557 -0.10949778917957045 0.04057172393706737 
-0.041126922476114436 0.1120655560149443 -0.07955195668380904 0.1925490883805667 -0.17328697950550756 -0.18471571868064393 -0.18163485159031148 -0.1403621500894092 0.0030452051339232653 0.14810547154258344 -0.1565281245797852 0.012188949979328867 0.06620204923725037 -0.1139746391074271 -0.12095743568888705 -0.11187781369456627 -0.18498823687695187 0.08357500470823265 0.06125676176788008 -0.022282207546085103 0.0444935200202688 -0.1568625890087786 0.24686641958428246 0.13958129434761793 
0.06334097961287898 -0.048172133023173906 -0.03310794915817588 -0.007057478861636846 0.17536168328670268 0.14608360074765694 -0.008732307700300835 0.021601993157757928 0.150898004238108 0.18108625786505383 0.055382662864165245 0.09938017996355407 -0.05906538945947018 0.16830278746352742 0.13515650564518786 0.020623582318823344 0.14772764309411585 0.14049523327591895 0.12364036195940697 -0.1484123912390506 0.014251538347355536 0.1612554939801319 0.10840549470941867 -0.031455951399447915 
0.20566351024294577 -0.10608494304933433 -0.06629276225240084 0.20933988808887993 0.12376376789224158 0.15764458833021955 -0.19713983182482595 -0.04779893199552154 -0.10855051421548338 -0.08144348086789181 0.09512803318051642 0.09314216370063516 -0.009919014887652297 -0.08459489662039205 0.033609417036111124 0.01334151598775045 0.018989746340407718 0.06347278924064048 -0.041452093885240376 0.10839639207956507 -0.09949193382508263 0.05696291796356507 0.21099713120393188 -0.2004392751123905 
0.08922130348328382 -0.1572629804616564 0.017340297467181204 0.05047106140561229 -0.1028299313368538 0.1665921180598711 0.048629526977943156 -0.10738272640978191 0.10812225118897556 -0.1586868653006912 0.021882861552648243 -0.1629959888439433 0.032132082269508616 -0.09877377888277528 0.059503056245299356 0.08618305496719626 0.009567797023597002 0.06273342340400463 0.12562273495968995 0.12327539220542101 0.04757757918512083 -0.019369113045943204 -0.03654306155865343 0.15063040793785304 
0.06324831873224224 -0.13615422214227577 0.026060297218863025 0.20679238675267897 -0.14026649937173435 0.12479993921905824 0.1689853922999462 0.010007807872483867 -0.18647569191467647 -0.1415642107631668 0.21333756443166596 -0.22820651934451133 -0.05070522095081037 0.026989157106680265 -0.12146513906006988 0.18610416249137407 -0.19973922357435583 0.015709972232991927 0.046909612943192194 -0.10766799602421073 -0.0417548603995735 -0.003554096126786702 0.14628029972432896 0.0534187724427629 
-0.012842818367340861 0.06374747100092805 -0.018465764709319266 0.010172302559173004 0.06315335090670447 -0.127861012827393 0.1170804040638702 0.03827933651271594 0.20418966417317921 -0.11115308211492785 -0.013351734478122186 0.18182492406936498 0.04028701617884716 0.10753617563414478 -0.034262364132795986 0.08805151524555999 0.1851164084206708 -0.12015131709665812 0.12321571885034106 0.2141418338880555 -0.19591684441817148 -0.11405952985542948 -0.1538425319082687 0.09822355112811311 
-0.16861152921437844 0.2216028894881793 -0.0438629519148967 0.18545696192403566 -0.1248628150527505 -0.017757527979854144 0.15122814996926764 0.042600452569816476 -0.018483364006848895 0.005001112000896807 0.029305024999927744 -0.025719272501932476 -0.12284057318289834 -0.1818125227681006 -0.14004751866119775 -0.18036722707306746 0.03785248409964587 0.1644401070777139 -0.05606201614316213 -0.17102673418157685 -0.051599538016964354 0.08702059711376012 -0.02301232770056089 0.12457812666811993 
0.18094885041065417 0.1711421132197397 0.08141712000434988 -0.011753169427885766 0.07284514591850358 -0.19638908726319543 0.22826363423981888 -0.1315663103839137 0.20020471455262037 0.11861104394464247 0.10429268451301175 -0.11931826240559357 -0.11246130807375246 -0.06757897393999296 0.1305756243169778 -0.019656175840510597 0.25400888075519235 -0.05864271333696021 0.047461693506509535 0.1506316185643924 0.04980435113209811 -0.1832319748758936 -0.0029457207212005214 -0.06583462113178286 
0.006266026737739557 -0.08102397451550555 -0.15185020222221368 0.0670553696773248 0.07230710589879234 0.14155327681497173 -0.14772409590427188 0.13629602221174247 0.14851005883603743 0.04669496343368252 -0.11823020784890692 -0.10890052044579221 -0.0298641816055272 0.008254827756534149 -0.00892473764948382 -0.012878563375899635 0.1236775191462982 0.15584754277292326 0.12702801087836993 0.18761845948365177 0.022836268720109767 0.20147571560260716 0.0519661033489036 0.04511119779791434 
-0.0720427924820829 0.14858781958140568 -0.1805823780538839 -0.1468417899160913 -0.1485960900452524 -1.5726171481515706e-05 -0.13024320524849672 -0.06326775863441175 -0.13352449742133723 -0.10655718214154947 0.27430912480502573 -0.06372543622236393 -0.14010996700940764 -0.055706710180710356 0.26604511358435984 0.0939186851475586 -0.11789493596548158 -0.08630623018380344 0.10472180113511868 -0.10382606633834625 -0.09826773746312599 -0.16743821963124914 0.22921420565943695 -0.020641539576420714 
0.02449092835597813 0.1067763260072525 0.11880249310352524 -0.020796781650395404 -0.12666996229875543 0.12592809285669024 -0.18917606095933015 0.21735436192854005 0.045375866923249825 0.15673276506421957 0.04313489066806749 -0.1294905474637352 -0.0745743064083592 -0.04383456319255108 0.2257547786274864 -0.1265204780308844 -0.017299534319452813 -0.06220807858762293 0.10795755170866521 0.1537080911172934 -0.05585736647808259 -0.11855452487051263 -0.17439040296226377 -0.12077523886904874 
-0.09093118481080836 -0.003536833006443264 0.14990384356629122 -0.14941598168098197 0.20101374326437854 0.044149835683631095 0.12971405795422858 0.23875683841262954 -0.014793281565829717 0.012499312663683319 0.06570674613024245 -0.01730287961812069 -0.08016394188780397 -0.15873684119840992 -0.08587703654369981 0.0964983725727096 0.07844531129772701 0.09934756288387142 0.006770286627553131 -0.1072186612795134 0.03520004148272403 -0.0781940530128543 -0.2018925667959256 0.1549874056353725 
-0.03159283209844134 -0.028278983006887404 0.10536194046527608 0.20119340672206454 -0.1721702213198021 -0.17136401501908125 -0.07081295607566047 -0.10423453526738628 0.004308462856832631 0.13015875571494762 0.1421647832063466 0.0361992994618826 -0.1268132283376386 -0.15921297374995447 0.09730725146853877 -0.10514908338360024 0.008353408960633621 0.08829353390860949 -0.10877759123870716 -0.13058110260564515 -0.18559361118856216 -0.14077986206459175 0.1625430531943009 -0.15904255037614837 
-0.11064198939932228 -0.18845463170315985 0.07029620578746688 -0.10737930603463935 -0.03429363312712416 -0.14490445101033106 -0.048817579348893074 -0.013480037794482293 0.01728613963936864 -0.030608147195666926 -0.15980992636982416 0.09175274297228293 -0.14575805995562977 -0.06182549526559258 -0.09111064906274496 -0.0794007160476676 0.04609790865090351 0.00703398396801356 -0.12424996193176702 -0.006843857185844684 -0.063912184873796 0.0626461555566187 -0.10964972808133806 0.11881843967162035 
0.010377556092425739 -0.07587272265578057 -0.09848859602874568 -0.1258462835886426 -0.011150723633088338 0.2264746425227857 -0.15798790331575935 -0.0864695446675092 0.055320014984095944 0.15077380944742916 -0.08836641532354986 -0.0045324325036021455 -0.05959982517033148 0.10435581697566555 0.08759902717287033 0.1435200925274955 0.15802229414226227 -0.037822085836884185 0.1714486281441731 0.11017552937036885 -0.08366622844833298 -0.054118630055476805 0.091977123316554 -0.1502935646531692 
0.053090506246222614 -0.07230412904377087 0.1312726875252858 -0.05389757125751519 0.09325879428086523 -0.12893559436268 -0.00733775713382762 0.110381006316487 -0.06907044451173852 -0.13583739206384213 0.05930878148643934 0.13591847515933736 -0.08778799665308568 0.0030818479072723635 0.1552092126930198 0.18872054929265938 0.101704489873575 0.03608467824767427 0.1272832242939426 0.1667485889239123 -0.2008694087197982 -0.040821474219327046 0.023290056309597608 0.09348367858198779 
-0.1660539456016194 -0.014306322361381482 -0.08801845498652684 -0.030342030576685445 -0.0007986900855642149 0.039073079800062464 0.027254993207235404 0.0428809484087265 0.06549628439659039 -0.028422119260113395 -0.19985539663083993 -0.16358576695664648 -0.07839128451600844 -0.14177772602031197 0.03918163523958572 0.012050544383883569 -0.009202729694398129 -0.07643716535628747 0.061023285397772645 -0.12417021292570495 -0.1994838781737806 0.07443408552696504 0.007235113398708212 0.06907548707910326 
-0.10767060259638049 -0.2439410600913728 -0.048461106532061364 0.11473815155061669 -0.15978468927430836 -0.08329201358876426 -0.050213619889883404 0.047484293254201046 0.10394060883326282 -0.11198854271663013 0.05548300747414197 -0.02395793627900383 0.06557912426602691 -0.12928754254107758 0.03218546150733254 -0.18009106766050068 -0.24793267224167698 0.061433825167784964 -0.12664956486682075 0.10414863299895748 0.03398627765486862 0.14442535153687497 -0.06855116490926266 0.24807920335780717 
0.01576637775381737 -0.05158876807039536 0.09633379386063154 0.06033884760861774 -0.054721767473482764 0.01596561678964326 -0.11891577176178265 -0.07095570763313808 -0.2641824169542247 -0.008095080927386093 -0.06391457281834448 0.03398409231204439 -0.18988386345981673 0.04362284576164895 -0.08262661137200993 0.07073154015072247 0.09714448232459763 -0.036862509269999 0.06499489650119378 -0.1050527664895672 0.24064924173630614 -0.08977003335403853 0.17777416853127045 -0.1533752602273115 
-0.014338741089938748 0.10792696108489012 0.11819771634779397 0.03610945393794242 -0.05063972726331621 0.1927795595757216 0.10230852781422378 -0.07519897505521121 -0.09207605314740193 -0.1748217007548067 -0.06618319741585606 0.08621812774620934 0.11433183383915738 -0.10029070370322772 0.05751126971287408 0.11974286706932015 0.10840790131345843 -0.1896743570864611 -0.14187168285758775 -0.1360713527148187 -0.11835994913051337 0.13372103170616573 0.1143539959777098 0.04386533105829606 
0.0170928472456323 0.07743276375779241 -0.07892826512934852 -0.053013313127445276 0.029724745634355204 0.14271791781329773 -0.11957907647696597 -0.1006695618987563 0.08425653638443854 -0.06335867131009731 -0.18236632776092573 -0.1287340869070337 -0.12271641159773143 0.02247344894819676 0.046646021361873714 0.1923705559579655 0.1880939912778058 -0.07692421519071835 0.10134472773705103 -0.09737764268538746 -0.05227478663813584 -0.08273591746000968 -0.03833580741934418 -0.11425968971736734 
0.016812015538601545 -0.2196672498867415 0.16109170860562036 -0.04544977261796733 0.20433249191695607 0.17574226168015045 -0.08652380313158267 0.03022842982123812 -0.021031015011392554 -0.13054866652450434 -0.02837251600629216 0.164580819282031 -0.13616057725884315 -0.13101650084153665 -0.10128402501958912 0.2050361242488312 0.18414314398335926 0.03113157165126971 -0.14755047545351885 0.06285359033729467 0.09381588360773097 0.17279424724940157 0.08022879792677615 0.2529208945858479 
0.12637905859258702 0.07217002038761419 0.07760152095370705 0.06448197749488149 0.1458436243508268 0.2598673984817502 0.108726958799029 -0.13008130894043957 -0.2661403804015655 0.23351886255724805 0.002323292931940977 0.10375024147858347 0.04983877460239375 -0.1474830444802535 0.14792536003329715 -0.14131225883947277 0.155141100046705 0.08068677481235759 0.049392985547574715 -0.03971518499173803 -0.024510661570739938 0.07738981261081386 0.1012676799160397 0.10158542971642272 
0.05064961838055415 0.00737229449037893 0.1904626814601799 0.0969565534219208 -0.05775165427632923 0.011032825461242662 0.016875499123636416 0.03968603019372775 -0.05796861317208046 -0.2289723675100401 -0.06420544662468726 -0.09838251271147588 0.21968679237041777 -0.11545428980148503 0.05024811824547779 0.005546024777461298 -0.11782276178121155 -0.26043396731990504 0.09789042378947121 -0.11420400689823253 -0.0794348398956302 -0.14966670942479315 0.13678144924914082 -0.16746277972775492 
0.019763236290615098 -0.19556667414799814 0.1949349196194081 0.05219519194028086 -0.05339870828017241 -0.14187145850933405 0.07073204540184276 0.1895463356231221 -0.07155167316964715 0.10664885248600142 -0.08484274963339278 0.19390787003283547 0.09966672523002766 0.04679193575760926 0.16559754333976068 -0.11212419700160041 0.17523592068378263 0.07098996029092579 0.10862034365417152 0.042291886989365694 0.13227451774285692 0.07964655954048255 -0.14192815143664364 0.04353416930061224 
-0.18982080577693236 -0.049816810663834116 -0.27776877784865467 -0.16633812283155897 -0.33282534584105433 0.3371779570193353 0.0328518067606104 -0.09742059360464154 -0.3216623506659221 -0.04018495353723959 -0.03208107913644229 0.3715160654250946 -0.15211146356070143 0.039266376318399486 0.11272717767940982 -0.21638555035562165 0.02143736232432761 0.17246949677656506 
-0.26839204648518766 0.07204984137114623 -0.39754598481124614 -0.3608456244407543 -0.30554419210280015 -0.012545458179418706 0.3481967068237806 -0.07709405399661688 -0.2875418919327778 0.2620046627937355 0.013017114821716011 -0.1449631492548907 0.342534790741376 0.34173195653070326 -0.16461582401877384 -0.2055684104042308 0.07510004011865246 0.26817020514778617 
-0.18053994332376336 0.05863634778814506 -0.24884138575302597 -0.21033204993034355 0.1795046975094826 -0.24158269562269305 -0.22654041728329263 0.1145826606394349 -0.33327221082377056 -0.2951006601888467 -0.1454863959931939 -0.06709234524431802 -0.045278637376044546 0.17190511760191524 -0.32224378494467865 -0.09647973082078808 0.0941899517900911 -0.32653886234021806 
0.23253446420333776 0.09920653811161455 -0.2978457140846759 -0.2100963379516389 0.16845953916090045 -0.06558528703690021 -0.0714519534341392 0.2581006770513262 -0.2510734122154935 0.39059894391556643 -0.3175258854857489 -0.2803161462316286 -0.21130308833306688 0.1893677847655261 -0.02983139259486747 0.10450398447666981 -0.22135040343594092 -0.28178684843326895 
-0.029066950163922103 0.16483354746735146 -0.059108253887568164 0.2554654417274365 0.1094436449444905 -0.1722317403859365 -0.2564489590588064 -0.12172798046686159 0.20843288406595714 0.3696672498983872 0.25003427597988637 -0.15607386955058503 -0.0381375574466408 0.03468028387380424 0.03166900712739315 -0.07526400331535348 -0.27590424817751547 0.13145987246514867 
-0.3705646980211845 0.252973069801008 0.23204085880018166 0.16684664738104465 -0.009152487687993203 0.13623879908593742 -0.14414933355008291 0.26349807769661965 0.234282704595733 -0.21378992946064734 -0.1244883625168454 -0.0674202331611266 -0.021309800231021678 0.008017636252172089 -0.3181943646169419 0.10913846624955933 -0.23458263408140706 -0.1041346381986589 
-0.03452476663587539 -0.10314037224040414 -0.1123139627557005 -0.22035346196830005 -0.2994510382702964 0.03467243676222986 0.09156685953376091 -0.2045985335073336 -0.1777125259146388 -0.15980599397609901 0.22811793852967968 -0.266372136754996 0.06798169097683254 0.05434601911996082 -0.10679967764607738 -0.10183740164454902 0.34408733717614054 0.03546119489040889 
0.16792244737294085 -0.006240497219530267 0.07863155882460232 0.05984417621542983 -0.24504917788545386 -0.11283152812338985 -0.01457504695043863 -0.34920607479929444 -0.12899769516640403 -0.25607104821414994 0.23989476881176083 -0.16609493800017988 -0.2573971040041281 -0.01752391812262003 0.12509843597348055 -0.3012273285090306 -0.21201873965262052 0.1994806533768465 
0.18140281078540332 0.0800855148439405 0.24540079664100833 -0.24055822273505473 0.13929110771751302 0.2891102962668595 -0.2571122704182684 -0.1658879099084285 0.04537671005276615 -0.11715394642754415 0.13034305173887129 -0.338567844769196 -0.2436720848222717 0.16580947919365346 0.3269289771259007 0.2978085286740352 0.3061941875989875 -0.27155806180943615 
-0.2858230040415609 -0.2965234044872664 0.019177385716009222 0.2999913687593222 0.021469115236591087 0.19374419388562844 -0.2766115240854027 0.28492586443611234 -0.21535876496178605 -0.30309215368401154 -0.05322858067417571 0.0819501952257297 0.3826955709226121 -0.34169450375319044 -0.15494271092457929 -0.2733005117612111 -0.06458830865916855 -0.19082522133761246 
0.0495421908040768 -0.1034644289953834 0.2895063048982122 0.21754811291721454 0.24940413441841358 -0.25608921335742424 0.07851618607892367 -0.17662589684624916 0.26762622051701423 -0.3851214303538047 -0.27285055136423253 -0.12578726873136653 -0.0834838370524426 -0.1334161291075374 -0.279689908140575 -0.26368438341785333 -0.11511889180161239 0.3722153507236385 
-0.22780966118903068 0.16970146212538706 -0.22240587604662326 -0.33670198100410664 -0.3363977540834672 -0.23974805769450513 -0.06634776323429992 0.22730276211981928 0.1765992188395571 -0.0889861237355284 -0.014073510777432501 0.2550654625556236 0.28789070969601555 -0.15713738089536147 -0.34477805519760607 -0.3144749406141793 0.1773111958483656 -0.18412552710017577 
0.02095388007836491 -0.21212841865369686 0.22170493331613 0.0035160793587730487 0.018333751334266676 -0.14510195772505663 -0.050210800774982196 -0.39374068935800327 -0.14521886878228593 -0.145705139239531 -0.14796938704910553 -0.3333950890256045 -0.025460519347074273 0.24979200613408276 0.30705153359250265 -0.0018253775359754656 0.06254976360264317 -0.12813742533267564 
-0.2821971442905971 -0.2544182905814106 0.1221533628926634 0.1882483611571314 -0.221024492773282 -0.05864331527208524 0.09643027297780277 -0.25906598743156795 0.22686146557158732 0.1237734862452567 0.07834780696187983 0.19313235921326555 0.41539516747908717 0.03050185290846106 0.25180264899715815 -0.055127514000902655 0.11275536745799315 0.2845746733465148 
0.15914886854276092 -0.13469474379607468 0.07595079221099031 -0.10135422801224511 -0.1213413512282102 0.07490751475908387 -0.21530147221061274 -0.008831276204619777 0.309203296336677 -0.12132921883335412 -0.2142802031163245 -0.06956341208234172 0.215246696040475 0.2909301181727525 0.2260470392900465 -0.33965087569505564 -0.15994824574353178 0.411341192161012 
-0.32310828084493776 -0.006679368780675335 0.17376062296115233 -0.262406225732872 0.11082218048918976 -0.00803488853908576 -0.2845006834265051 0.2707190257559264 -0.18664776075194683 0.1578468050664249 0.16520495486241082 0.09671766819910493 0.13592896258305015 -0.3253824286370138 -0.1312601632322524 0.05900034512081874 -0.09575557776120514 0.07291552591462948 
0.23121560556735096 -0.21339695916852144 0.25635291270636246 -0.07427399263471235 0.30742424706511307 0.07983025567377612 0.16901853815189125 0.03578455512482555 0.04476892747066923 -0.07529214950662157 -0.25618524536017756 -0.02533498275664691 -0.14435762476473765 -0.403794606733108 -0.15426905457509257 -0.2201639697355071 0.29390828824931386 -0.37134562800684456 
-0.2640010331640915 0.1396261470155373 0.26425201290340206 -0.16499255230563145 -0.332668009169527 0.3197496025797395 0.07503997545335422 -0.09824541820641457 -0.011826139262912967 0.12728306128649686 -0.085837734390858 0.3419142228362219 0.23394165565066258 0.29364471032997597 -0.10152843448150053 0.3032079852155053 -0.014099671732495206 0.05025269336067829 
0.15735104920521664 0.21308846604354906 -0.07047795599569835 -0.03521422184175452 0.2186573274793692 0.1490170991585138 0.3022415995645091 0.3333067256443081 -0.2213310100189324 -0.18221870520349587 0.14792585469500463 0.17906144367470833 0.0664199364549914 0.2568400599303568 -0.17020974142545917 -0.10951312167280887 -0.003606337665179808 -0.13508084528494926 
0.0853099615127076 0.12469293365667178 -0.20481700241964054 -0.00861740826555918 0.3428197503851926 -0.12010033011695707 -0.34293923468413895 0.18520258935649372 0.006417539346975239 -0.3899843661980368 0.27006097069577445 -0.12715887094443185 0.2711531751068342 -0.01889494068338656 -0.29329031646797016 -0.17487411342017417 -0.09357574540125253 0.24263943932145063 
-0.2607523623841646 -0.04676280350332978 0.2327779856280155 0.02706028395609443 -0.2746794219291999 -0.3303796366275819 0.1137664578558914 0.4055249753493193 0.20909923327741695 0.20303365366568102 0.11982985629909916 0.25048526197305193 -0.3366980832424906 -0.17110558316405786 0.13363997851696086 0.25361493632932003 0.14281392455446312 -0.2573593477786232 
0.3565202573878909 0.2792953560445266 -0.37056705624673003 -0.2266717195148058 -0.15405613823686967 0.16352305155123242 0.2254337312880628 0.08895809540306884 -0.19391569338799297 -0.064967213890961 -0.2501996675103017 0.33348834869369665 0.1997113438196034 0.032684896229795056 -0.03139099767917671 -0.27843268842503793 -0.1238948149431499 -0.30274944211592314 
0.22748235673950878 0.03034480995864952 -0.24069083267418676 -0.19692890516271438 -0.16435171210087585 -0.13068119716431026 -0.10038202360363853 -0.17309804787410524 0.1531662352892452 -0.3435759799358864 -0.11737046039550231 0.18885272526828595 0.32647439231336917 0.23289564506114774 -0.17799620130354965 -0.1835188330568 -0.22143781533337048 0.28866884613380783 
-0.2553985451297655 0.17730316301380672 -0.20399161868433638 -0.33346574700023535 0.1600671603892946 0.15502609602216294 -0.39415457157393446 -0.1710940317687179 0.35386846639394054 -0.23008119357647774 -0.2863286835848766 0.10673693091976409 0.3244734736450123 -0.30212128042367387 0.008772374512103734 0.12574564931644608 -0.2263048084374202 -0.407196458673765 
0.3310187125840184 0.06244990299805794 -0.3121623652853355 -0.3152624633472618 0.09521644922400593 -0.2465878087882871 -0.18643981366038764 -0.29561334516003634 -0.23325039813255968 -0.0035910283091169716 0.007747089264908211 0.009087199428901701 0.4656252835290943 
-0.29893508686559694 0.20526530596156659 0.23597204516754874 0.0670961570108664 -0.029318828806262576 0.3179292821172255 0.26419523976403286 -0.3645073602370786 0.3755211004799825 -0.40017908492420373 0.05774467037865714 0.0571870757244626 0.2692877253309874 
-0.07095771342933709 -0.3423640248378418 0.06455130630481869 -0.3776933107264838 -0.15751830018821336 0.46517581173730166 0.3453965419273758 -0.26285645281808956 0.23258298606358996 0.2385247764463953 0.34668979706085085 -0.2211367631945712 -0.04051194092647845 
0.2875328306755958 0.1332067502343343 0.07431408350946717 0.12705692892072074 -0.21098878236956892 -0.41838876205322806 0.18641237176085973 -0.16189128904509145 -0.10990099612350711 0.10397012327929413 0.1250099890935468 -0.2387099205213528 0.2888460033501488 
-0.09498720816587046 0.10457025140080499 0.37836661184046233 0.051114197715975036 -0.11207507150384098 0.09432768749705463 0.0014056511384269688 -0.03751080906202165 0.18580496623548173 0.34362903122598953 -0.01628224541951347 -0.33308796657828005 0.054979861891293565 
-0.20435157164366416 -0.3733949457364367 0.23137607189656056 -0.18170858509493001 0.2223254201633353 -0.009253118690980706 -0.14510038180183307 -0.1482616316738519 -0.371364439550812 0.027059074733058044 0.2603949445127815 -0.33667335015102906 -0.31628992130331124 
0.05641765077030527 0.11977855370108942 0.169903324554543 -0.1972280976870687 -0.3751163061318984 -0.10807577360483529 -0.2445596776619777 -0.47494517311297213 0.1809891087155171 0.4390188275050379 -0.08622610008782508 -0.15937122342274163 0.08041883888387055 
0.2737751670208116 0.23696306967673458 0.16067227227289313 0.04053921194802983 0.07336432705469646 -0.1496721080693958 -0.12159833651916285 0.3438410518912958 0.3206998078795361 -0.358727340279416 -0.16280267656574854 -0.4011186449356389 -0.1598508457648143 
-0.23880133822261898 0.11234505339733038 0.16738530775407354 -0.3539580083557011 -0.32082792257333065 0.3014641746016876 -0.12426715296981836 -0.008532550666918536 0.4104720132706045 0.2335084474662271 -0.13895749589398443 -0.3350570603439567 0.06504213795469661 
-0.1605849615333303 -0.42157517010158446 0.24378312885757789 -0.059911300741776724 0.02172746942712377 0.26619124087503404 0.43472053873199823 0.13877747384913325 -0.16520510582261294 -0.3552544224469709 -0.3449295120278789 -0.14368223358887802 0.10037520045082571 
0.1556870720792963 -0.23476498881278401 -0.3375828814406658 -0.1551505773575339 0.037471880163617424 0.20404221723532412 0.023317291091541514 -0.1701652223541777 0.09850242158185607 -0.18815755532784662 0.12140876118450218 0.27546743397922835 0.1103546314189779 
0.08109058856910235 -0.17155919367520506 0.33219691424238834 0.4766144625307062 0.19734106950913588 0.11122540243379973 -0.2666154735508799 -0.10903871593036384 -0.1228268848577903 -0.19399805329271613 -0.04259714171455822 0.08765331306568355 -0.299041795004742 
-0.20805865046706087 -0.3486790221779494 -0.1503011487221081 0.02089206898012513 -0.03215992621224641 0.4589710857030355 0.46217941348997266 -0.02135055609860918 0.42280299485017314 -0.2509149795865587 0.03236784525730606 -0.036672785290860294 0.3885286116348352 
0.2784905161379601 -0.2646097942695928 -0.03595307572608086 -0.3145295405705624 0.048072060037321084 0.2352353839323527 -0.4019830636925454 -0.29939691626179926 0.43254758791860975 0.4295972238822008 0.04461363550251522 0.11609641252601904 -0.17737149952332668 
0.366482920969744 0.13517608129650716 0.13278264607419718 -0.3970493588248115 0.2845754460097474 0.2233515939114123 0.14741219442210848 0.19272932105733132 -0.27672517118079676 0.17483918262969433 -0.3259879973312284 0.16524478681709465 -0.40409547590616374 
0.22161886362280778 -0.00662319343901839 -0.2374916763200382 0.1833462523445875 -0.14694479062930021 0.3099972107375926 -0.25728846890627655 0.35525745068814557 0.381969415453604 -0.15598069940574635 0.2924110321303886 0.27569857396332387 -0.05953789812567481 
-0.10270211243703053 -0.1755529763514261 0.40065872408661873 -0.233938692622429 0.3787482319731279 -0.08219812453139536 0.35041839312917905 0.25229909132721123 -0.30997561544827695 0.08460879411632012 0.1381851135478044 -0.07450832410827324 -0.4138150726851969 
-0.169078176195231 0.2714283314871197 -0.34209308613022515 -0.3499974742133658 0.17972564668380156 0.009435710872242627 0.025298511539683714 -0.10907011992145549 0.10643943557095588 0.3227758606438823 -0.1783327658218927 0.2778220608407075 -0.07028343926113556 
0.23322239527815006 
-0.002809400199193442 
0.49934522754020766 
0.6757145167557815 
-0.019508473712095614 
0.3750188488838006 
0.06939033912636164 
0.2989596040007606 
-0.34865612368796056 
-0.5445826130146996 
0.5844160042108588 
0.3802893419786079 
-0.27646072482532563 
