98 24 18 13 1
0.008112120905753506 0.04457000472316501 -0.23680616013005432 -0.10996014395787847 -0.17167177772683215 -0.12901196694676867 -0.16957747757204913 -0.032755410409916634 -0.07206265980707005 0.04344657820210639 -0.023567170431597978 0.10989016405692989 -0.2106041052621157 0.1801024647722431 -0.21975708649252793 0.1011635048959413 -0.06206057788267188 0.06544570033280349 -0.14296284219851968 -0.1814280333292033 0.161316044550396 0.2579596465709569 -0.05776759298497241 0.16704573695125738 
0.20901140253414824 0.10993261538041019 -0.21424066306043643 -0.2574136331822809 -0.14029745164041924 0.235947062818026 -0.2617509798031622 -0.11853338019471929 0.13353964054300374 0.010277847296997293 0.0822879627454828 -0.012271393961120657 0.04557945078554276 0.22724464543914794 -0.25124918713055366 0.15761229201855415 0.26085564062820477 0.14273235156235922 -0.09801426977818817 0.12197791865380785 -0.11946593808436426 0.0076912332891635035 0.12314072414900215 -0.007675528982280195 
-0.11285313897004344 -0.22446615177376605 -0.22601893902445175 0.05412291708313571 -0.14130851621864793 -0.12722504945003804 -0.10314793386166267 -0.24612111314541282 0.06267055682945852 -0.14331003428070405 0.07678379520501452 0.07984132714675621 -0.20483581335603926 -0.06161891397095129 0.037612567463370467 -0.04046238715570399 -0.23340602004246822 0.03732779135884501 0.05500331998335551 0.0004987041424896424 0.2048751850480319 -0.0017137769312740602 0.2009056058745475 -0.09913552352799644 
-0.07440354519752371 0.035647776234336036 -0.07790892660350107 -0.2410258925355891 0.12999359026224316 0.0398460248377864 0.026090747964589527 0.0535048837713442 0.06879305422687101 0.13316072638951196 0.08567828965935503 0.04277761368959656 -0.20691597920739435 0.28245088693231396 -0.08486272988733215 0.31537676049918784 0.09733425657625933 0.12758406580945214 -0.16535702312292624 0.16369707822498175 0.09272705557121659 0.11439929708556283 -0.0881069753233663 -0.028484210881532288 
0.16099219294622716 0.029231702500400396 -0.25383526918863974 0.05613926384476082 -0.12460614323520383 0.028674409087168055 0.1677824296880857 -0.043534166960706305 0.19537600231694685 0.052833513446665904 -0.2467735616594793 0.180265569958876 0.12523572058830668 0.20336545718390278 -0.11051023346626344 -0.1611039020942842 0.2086318220103765 0.10875052350253495 -0.1856888142637484 0.14002020321026934 0.13312382349367746 0.25976723997516044 0.07394525347953224 -0.12138099788078842 
-0.11394291960081634 -0.30793874886016037 -0.23531923984059402 -0.18356095081282492 0.10912609898440755 0.13442514191598326 -0.044515387991433224 0.09919621118596961 -0.2870555383153109 -0.008527995639470407 -0.030021638241981896 0.32930981597303144 -0.08708499660332282 -0.09070798632378194 0.08284026256670585 0.0029554629266262994 0.1729702895689531 0.035977718830029884 0.13603029650856024 0.09766740967872556 0.14785212474040474 -0.052715824053255346 -0.26845463728274377 -0.08543154935507571 
-0.1684923352075581 -0.20745867938869855 -0.14682991913536597 0.04680579897424294 0.013046611263670519 -0.1312237332135248 -0.21581852682565472 0.22851058233357077 -0.03183153504660627 -0.16227007408132563 -0.17498438912332248 0.17125629652617091 -0.15509353716373386 0.10604239996161617 0.19479657617763008 0.20063968237470725 -0.11873710255422563 0.01679275755001492 0.04711421570109437 0.14839778826904673 -0.10584903100049842 -0.12605586334031454 -0.23997520423390462 0.03148953824709442 
0.10453791864795062 -0.03957743157621967 -0.07197966895837242 0.1797934151316382 0.027009873342694966 -0.016180442972780925 -0.05965481348065006 0.07356823357614208 -0.015743623748323977 -0.08328931683287785 -0.17296318574016328 -0.006599758555599742 -0.018999457819226587 -0.14884828968437808 0.09997362443069235 -0.14710272495440996 -0.05441809405083139 0.14694628553243475 -0.12157481862459693 0.05339658978184222 0.10212322066639691 0.2848282868483103 -0.13151405587289836 -0.16380241297115658 
0.07846930611211964 0.10905415772899929 0.16247276165080182 0.17491845949159474 -0.19427890138373555 -0.1159437088509197 0.02473411390842477 0.1484518429217172 0.15750808733530947 0.022169586499473842 0.11983165459368492 0.11591098691879631 -0.0422538271753455 0.0329354614813812 0.0409329684788249 0.07430708132899774 0.2670783414734033 0.2057127029026126 -0.041254276292941656 0.1586154966392616 -0.14565944591297475 -0.17207229911621216 -0.15387672320361925 0.028966949696064212 
-0.19119262046925928 0.22279492947179547 0.12984959539004487 -0.19384381398644218 -0.12851513939343656 -0.06613377834553678 -0.1467579808308748 0.11757106262892834 -0.04905821294635945 0.175017115224724 0.022150944011340875 0.14321070494101854 0.12814612732314334 0.15073544931283864 -0.015684013890866405 -0.0066413131614584744 0.11666968056814811 -0.08459066852196143 -0.0038030349095640043 0.03330230230697453 -0.19363419241165472 0.026996759403276463 -0.005822610681737439 0.10952361525419729 
-0.12064803768884187 0.14422571746454924 0.03050551893023487 -0.11490926895210152 0.06518993544491138 -0.007055349281516236 -0.233533016634495 0.0074887989778702055 0.1275608559836875 0.19153157038098242 -0.16641236859384664 0.16035659561704257 -0.11439314479239522 0.15478153993808766 0.02381092272110996 0.09837008739303181 0.0025602886470801793 0.0993852947116632 -0.09385680224786194 0.014404303443470563 0.07696524713244189 0.15955033163718552 0.1571654001990452 0.17309691616918865 
0.13268171324674227 -0.06573299539719242 0.06142512699121358 -0.017615861725880276 -0.06438979421016672 -0.0675931160889937 -0.10522689379523957 -0.0627694868383544 0.08138244055251845 -0.07104596304723812 0.26351114116905994 0.05341583977591323 -0.1279960021994452 -0.06110366966972051 -0.086288977616833 0.1122697219311635 0.06856481660891907 0.17560539114671056 0.06406143109316782 -0.06914774912820834 -0.13735087905645685 0.14076574597654426 0.07771281191469254 0.15174370642705257 
0.1265062929745083 0.045687693591052674 -0.011671720797777549 0.0892780581044331 0.04706685566508958 0.006695459714795593 -0.09049458320272284 -0.19265613401775059 -0.11565047192667328 -0.1527825241871713 0.18435193839819863 -0.07989761018985365 0.14887250253174533 0.20860356370398428 0.06512562099755032 0.0998635455353924 -0.11060829550786391 0.028346724892390283 -0.060928361671399915 -0.18203867839800345 0.11829778241017377 -0.01853275641858036 0.09728080215433889 0.23120203817907636 
-0.07118332752394138 -0.2516682878021907 -0.121764544132063 -0.03695098218476787 0.08761986529031936 -0.1799867319311282 -0.1584095144969721 0.1804157683101975 -0.13440986386135467 0.04731393432157699 -0.10541508811661186 -0.1522164595331261 0.024598928284102258 0.00829245562753204 -0.1380019009910253 0.09821146552179265 0.05145069045643542 0.05909220518725933 -0.1412829485909793 0.06274439878672769 -0.04274457897708302 0.09933109798040134 0.1141873136068367 -0.16450018575283717 
-0.08079883046808026 0.12382021924659896 0.12894492608312347 -0.010332134136624782 0.13740902408195474 0.13798544091613557 0.0969288346982962 0.15730128001437346 -0.17066399511032376 0.1462246238842311 0.02257678996308752 0.05866357352459358 0.12165976868674784 -0.20380785840117163 0.09817270082842096 0.11568447542455522 -0.06084947976958657 -0.054666721367334165 0.05199984821930411 -0.09391438677742413 0.13304257917118573 -0.050270266390825706 0.11095287100160273 0.2154956658861401 
-0.07879550794869324 -0.16295849806258184 0.15983488637976095 -0.020761779823648855 0.20038249233150876 0.11419781212143754 0.18703764171297962 -0.032113157944228685 -0.05742448535580556 -0.08360127788256906 -0.06849246496862543 -0.14667747258766273 -0.22257920258988262 0.15811089949038323 -0.18757783192537597 -0.010565859337900918 0.14876419353961948 0.11971455880160758 0.07528564310789368 -0.16894006656344765 0.039895292548807325 0.09766556521388109 0.21732983688401583 -0.1048084013936465 
-0.11177196650400366 -0.14111626358487409 0.09893916855874513 -0.016822616065628845 -0.17678486815561914 -0.06631573751191332 -0.12285690050161405 0.18345889932411188 -0.09175399606735891 -0.1887154841530412 0.03664133985937012 0.10410021059480126 0.004123768345314226 0.05441681377133944 0.004347739444417458 -0.034287437476912284 0.26203991985591824 0.08097186726968088 -0.1867947093442329 0.07150714812337598 0.0012810443468561055 0.2027180628479183 -0.11032303824592588 -0.09203944709658723 
-0.1877702452211276 -0.08945311668625269 -0.1898522055257982 0.0031928288808132253 0.07987384809294945 0.13586788044724826 0.07398682442631649 -0.11162063761981575 0.1207006367448793 0.017871355371706126 0.16617764996245593 0.09681456441232769 -0.18336071883770563 -0.1321469439612826 -0.22354456459128463 -0.14904078338549026 -0.05674133730284321 -0.16280872624141435 -0.1991745383539374 0.05779258392607765 0.007557060424498239 0.1381494999142854 -0.006910775402578364 0.03508761310677064 
0.0004153145057377072 -0.04520650739552187 0.11204176363478163 -0.07976679573288205 0.1615044063257367 -0.11135895077355254 0.09402389003119739 -0.16359992831054485 -0.01289108780016735 -0.21293252739233662 -0.03159966494214718 -0.15285188780378356 0.1993594805747905 0.23881664687309584 0.10422442712789995 0.24895310195817927 -0.16396468133359202 -0.13059024928140878 -0.12390996928392596 -0.01395067075092516 0.23268064452108841 0.29404144100326 0.06467440024638292 0.12034217524921119 
0.16728998504088827 -0.04502737698606996 -0.09892992148313874 -0.11033135719938195 -0.22026394338084365 0.16291687144414918 -0.2451448580822507 -0.14969379792496582 0.0824983343211599 -0.07932469793205345 0.16497526363474604 -0.0608503761385594 0.02550233508810089 -0.03096415692589364 0.14240597459426152 0.024505395450338037 -0.04452684289925402 0.006411938779261357 0.16747709538243732 -0.19466691424084775 0.1433388457925335 0.1999324419339929 -0.1781450059634365 0.05994749593577642 
-0.06496932513000081 0.1273396785344865 0.022901315479275878 0.06006564018474177 -0.08102180718342505 0.0831053231249283 -0.18389003930974276 -0.288892731078897 -0.007817190099646121 -0.033186628551622625 -0.0165340921206502 0.22767707178265387 -0.05233581224877877 -0.06793232376903713 -0.07359570123518269 0.23707953154501926 0.20333403648411724 0.17664651500797346 0.16153253087727826 -0.1336590036770715 -0.1379499330647704 -0.08107453632701764 -0.06481944779162076 -0.13057756628758754 
0.14624874542037475 -0.049181917382073635 0.11573375785335833 -0.15229159687556962 0.08070178098323973 -0.18041498876541961 0.007530987107665928 0.01534301127766831 -0.1276546217776127 -0.16192931702235075 0.04692140967325826 -0.06867801560155756 0.006182805620449147 -0.2128489355285518 0.022101223611362235 0.149171613352457 0.1300689212452839 0.007625262108639417 0.19017979493731207 0.23552926209761818 -0.01034815964379618 -0.16847025287828185 -0.25604993819992816 -0.17119329039101625 
-0.001966360187678043 -0.04555596434576947 0.1958792818075979 -0.1977886329462646 0.22733874144217767 0.09348009184772298 0.10096166908706773 -0.004592220524923156 0.06367579179366023 -0.001840667637778463 -0.2001471208466069 -0.05530389200796361 0.0016404780049760759 0.10842066333041853 -0.012257559969609876 -0.011272985802415234 -0.17793996156700664 -0.2140930738108711 0.10218605699533927 -0.06881755436226994 0.24984800041772007 -0.1237075517304941 -0.06917620770370986 0.023455725399746347 
0.08297051405049305 0.04177234277221274 -0.1492548732991296 -0.06387336618732617 -0.002923116869271746 0.03685923314012282 0.026120833408184073 -0.1527768323087832 -0.20384468600751868 -0.033363731165496846 0.05387580348542044 -0.2425595336535724 0.10385872511787271 0.06402774427469532 -0.019853770313111294 0.15970285154375347 0.03284459579786094 -0.23490906156718688 -0.006078174457731239 0.13718489618593507 0.12731436619686223 0.05457694799447368 0.09345299198668666 0.013053529811634818 
-0.0780661813137505 0.0026871798566941024 0.06764139563093365 -0.05804929689910464 0.13509118735131243 -0.1240517140443312 0.06230017646938469 -0.11918832733191642 0.042791534227685744 -0.028304177011153633 0.12140488516383995 -0.0004816300526124626 -0.15848424358063992 0.18418385573023902 -0.07545128284112934 0.14672735355073638 0.17784561259789988 -0.11033750213126597 -0.11326244398700452 -0.11935698130339255 -0.1421017833624602 0.022246015918207768 -0.23200215049488374 -0.15488111792280532 
0.04665199031194867 0.1572049502468383 -0.16720019249638962 -0.10620261555075619 -0.1464215869979431 0.17614581105057053 0.11136326971311236 0.038736727558083536 -0.06460909106856043 0.0836374686297483 -0.025328300543222534 0.16544976338809134 0.14125208426410474 -0.07931678831773191 -0.1486936422524705 0.18481291576386083 -0.13047659484958174 -0.1614170134155633 -0.026949558976182834 -0.11863721353711339 -0.07767220305927638 0.10793190335767298 -0.138470677419472 0.11394932567798857 
0.06512372837409147 -0.23150736770436128 0.039608315320376786 0.18571958366827876 0.04591669365799973 0.12367627519742679 -0.13161740793744459 0.10109797648358772 0.1954547636702806 -0.07662222035964379 0.08991338109780661 -0.15195670569523445 0.11771715285575617 -0.1414407329008802 -0.04116692749394653 0.014011613041038947 -0.19286361079212058 0.2125275563895357 -0.05102697624914394 0.008930510930083452 0.020123272421350754 -0.15417204402833484 -0.21961109883027854 -0.1689619011626312 
0.06109473169126996 -0.1571374651974538 -0.05621291030256409 -0.18856454297806802 0.07474454260712778 -0.14713063910749508 0.13966203311549685 -0.16090221793665138 0.005804891501919683 -0.18233915567706885 0.13149988953080105 -0.10975653640709364 -0.0762877837098232 0.09558188561056453 -0.13910805600650883 0.044930350522410185 -0.07951119922435103 0.09990351256096841 0.08803810119847749 -0.17163949084293323 0.2266615848096154 -0.2126217984345917 0.15618956861315372 0.00179579473149412 
0.026133616357079784 0.07985977745449153 0.07886177908764055 0.17415083221630348 -0.09902390052220587 -0.14354415885358093 0.12956309299842003 0.19685267911540777 0.04830877901899044 0.02742691009575114 0.1155013309760365 0.16110439677533167 -0.12420469689101182 0.10658807603643493 0.0687121341753023 0.07940373365291627 0.021830683009559912 0.11546256368458746 -0.19869858338761143 0.06370479279137777 0.15540475489321928 -0.09935182737411877 -0.2577060825601343 -0.1569399380938028 
-0.07954189599947945 0.12054606544315871 0.01687818861874659 -0.1606793118687463 -0.14378397551336553 -0.10429317139635741 -0.01934571694911908 -0.06928411469856732 -0.079608853596094 0.013515186029283083 0.06443864925944588 0.017085687265828046 -0.10193383355661273 0.09745302012403513 -0.11030324060429847 -0.033293607635771945 -0.020394161946526716 0.1082590675833148 0.1501379628924351 -0.026480137520725425 0.15920930939934122 0.0362934544921086 0.019274972149852968 -0.14641670369508758 
0.009313430280480461 0.16040837903400515 0.04139427734296326 0.09002011376592249 -0.00800315369974113 0.044977587806716735 0.11132832836198768 -0.18138628618637398 0.02686626234330242 0.17665968543897168 -0.005369614516934515 -0.09988232468743838 0.17104854012253393 -0.08460844286200296 0.0791838961230863 0.06713032926856172 0.11887617735907936 0.08852409220488616 0.13422907604828646 -0.19673275266643353 0.263845355513417 -0.13032388370088513 -0.04110529886953719 0.20290876662389187 
-0.19632244306380173 0.09324917699438169 0.13554964023685323 -0.014222977741607428 -0.09657026472503556 0.15853359248272506 -0.012152889320612566 -0.0951567524307268 0.21195675114581317 0.18622745819937098 -0.008083746927393715 0.13931777811857612 -0.07420285466142372 0.022850968075575837 -0.05345570468509191 -0.062127280920820704 -0.11211590773379707 0.20800779610821873 -0.08120070652885912 -0.17716516249404304 -0.15950116563513111 -0.1869006029613962 0.03712472284631152 0.04866275689946448 
0.12210732840148365 -0.010370811821678877 0.11564608937120915 0.11730621410479827 0.11003452418979442 -0.05198046257793804 0.030455335743302996 -0.10209662050098371 -0.06767848600577903 -0.1299624003350923 -0.035825385836607986 -0.11270119067304323 -0.025506994670657597 0.19144502910126018 -0.07080318355524005 0.1715568103305572 0.0796301847229213 -0.06809124352149393 0.14210292932153065 0.10717097396109072 -0.0866543645263851 0.151867152566851 -0.02569268335410005 -0.11393211046834552 
-0.06684378230230187 0.14684097340682986 -0.09140855848399486 0.17403606035670263 -0.08077276297331884 0.04469092368701247 -0.016322096122859547 0.15186487901601323 0.18595567704225707 -0.12521723490121422 0.011910547390855387 0.16100769257497968 0.00012108812132614251 0.1630086337993111 -0.08727679807679871 0.0053368991163805736 0.008033285754296068 -0.10760512854888911 -0.19435392952466474 -0.03263904083336607 0.17853841394667908 -0.11086876198794436 0.13482378634958087 -0.21502820264455372 
-0.062206091076056354 -0.21248528885051962 0.07879572352137441 0.023593813584657047 0.07431210475940751 -0.0024068177418684706 -0.012076591009407134 -0.14484518535900237 -0.11965876707445075 -0.05032723750819751 -0.05690807614699696 -0.09127272155969617 -0.024316942749695147 0.17123052876861425 0.007160734091302618 0.1717817962344718 -0.05549573332329914 -0.13930373969598422 0.005532579528675941 0.13390118049107652 -0.05181843437507926 0.029066866817985197 -0.08957265550269618 -0.0010572789605490245 
-0.13443529824186748 -0.16729276534203158 -0.09411556375858739 0.15629672832000654 0.11134806009423741 -0.023106939729070842 -0.019907393399289753 -0.14091135244619557 -0.010073959120425628 -0.08011153828574834 0.1415235835830746 0.09690632928689075 0.03926477943955844 -0.09993245594964367 -0.011490542049895228 0.24294268803470168 0.10985313281084931 0.06056863059769354 -0.13838407051251594 0.05913869313009526 0.044323767204811904 0.025413885358692916 -0.09462677596410461 0.03894365479692016 
0.16719720476839592 0.12475522346220466 0.031097284402438845 0.2281364391584671 -0.17361104513833805 0.21682666957855287 -0.22223706896198717 -0.1335023907192541 -0.04616891395059602 -0.17542303997212233 0.01062915072906359 -0.18943603148919305 -0.0797139909398484 -0.21254006420917168 0.08029750627799338 0.08396100933281453 -0.061545229953558815 -0.12368351859212731 0.09767098466282666 -0.11093340068957369 0.13799096937010574 -0.0013596847392749402 0.010982164472910038 -0.18835513450615646 
0.03594480710799431 -0.07344563550702347 -0.10720425864298384 -0.030998400725700977 -0.046156171861567674 -0.04365964603647791 0.2814641410229876 -0.006050765677148893 0.1951847487682657 0.014481340843728784 0.2443038560499378 -0.13194210604851425 -0.11279961978336589 0.10369032264879285 -0.1822319514469619 0.13113669823008717 -0.036990496953549085 -0.04857005736030981 0.19795018565180802 -0.17620235519172764 -0.042183581993200644 -0.18729387270913433 0.10387770622813737 -0.12679416078676276 
0.14783534010754676 0.1213145130910363 0.1319395160933779 -0.01883785956606385 0.0730197151548926 0.19086966356263446 -0.03389998143099733 -0.032116683469691175 -0.2206481071140333 -0.051325542677472476 -0.14222179350929068 0.19511488297522042 -0.030343662517063285 0.051265687078330735 0.13806096490455472 0.09282959288481106 -0.01652147245359354 -0.09131186122274115 -0.17065757796809677 -0.03208290979747286 -0.13394142749159035 -0.046327479369667635 -0.052735317861131135 0.29211953893594483 
-0.15550368338624176 0.06785292096250659 -2.6372384730914154e-05 0.1097334016669674 -0.14166203214998316 -0.16611556153665924 -0.046577203645304925 0.1952065139106263 -0.07317051064015608 0.07152888115206536 -0.08276340527785886 -0.1881156432881476 -0.1931523194669709 -0.10964502250180871 -0.046704107036658137 0.005996468142860236 -0.22698571245573312 -0.17923458910892914 -0.1932092572772296 -0.15371672535346279 0.052298420477648086 -0.03818361107244983 -0.07632613424396033 0.02266389311777846 
0.23070200426141477 0.06656317464104428 0.07874429900501734 0.1510483246300323 -0.18378036208023324 -0.2368394451344031 -0.023359222142532936 -0.07101393340666502 0.15834954463854678 -0.004071884917609548 -0.006991365882508094 0.22724371797836349 -0.07728077666220505 0.15297658487132454 -0.09743617921204477 -0.04937128189722433 -0.0010517087765484225 0.05651984849851373 -0.11084651874781189 0.12819694583465735 -0.076083874636502 -0.12812445466154948 0.12576655457376898 -0.055989372955594204 
-0.07901489842247963 0.11246299490622831 0.010077905000641724 -0.1787969949983475 0.1488295558198153 0.14383032807325077 0.21950913558624344 -0.029401454300313257 0.09324690080658367 -0.06321298233009366 0.01506799959860725 0.12873057675102548 -0.006076608856988943 -0.0022975550442299376 -0.06855696787827084 0.04177174330619786 -0.16041761803904872 0.11910095469081669 0.09955397636751023 0.04878093130386641 -0.08685238675509034 -0.15391097173813842 -0.13603479614555386 -0.07020273046952098 
-0.1848450101391729 0.11506802589783531 0.0670929671127944 -0.03540560026101278 0.10599860102616199 -0.04766110566131259 -0.18372696453493725 -0.1452233393185169 -0.0826869956724904 -0.074219955219356 -0.1786615829587264 -0.004422936088693115 0.04900145224402712 -0.015622966918224526 -0.026488034878606962 0.10180573977556019 0.04312460033476901 -0.19368707893941198 0.14840173761430037 0.06365989141299687 0.10092891272802292 0.1719787331923789 -0.21407822317176428 -0.10485145118136426 
-0.17417840537905863 -0.06327485705395043 0.13661807727103753 -0.16675608550460377 -0.010502817266126781 -0.1809609264994311 0.08079151863265584 0.10957275409342117 -0.22151007348458446 0.0028012251636535435 -0.1031120527070615 0.23768973335978086 0.16296361491181274 0.0738494026789603 0.19927799217931103 -0.04530290787763548 0.16488096597643845 -0.01682038332525287 -0.10455365779574448 0.2400521472023109 0.10851765408026294 -0.1735413336908354 0.1349686825467814 0.07349351100103839 
0.060879879294443336 0.05872949290015735 -0.09749330319385754 0.07122182908824726 0.12481607863174168 -0.19895703709550872 -0.14695454787682635 0.13008944646963064 0.06799882723115565 0.012224736253163622 -0.09955459713422155 -0.07466124973269549 0.14775785579788636 -0.07942783648412724 -0.17373687088270232 0.19716077573115368 -0.11439553778356004 0.1461556296075236 0.15192242366876213 0.024780629357803955 0.05825775761461351 0.02429476063176771 0.052381071772749 0.1913168024972805 
-0.08601953351454697 0.22037476995973795 0.02650609021917783 -0.15318777308280834 -0.10808839032878169 0.020539465150381835 -0.1030979480479236 -0.14658865326305587 -0.1353345310681179 0.10413906115320096 0.07359965185200568 0.16311875323076697 -0.0804500464111751 0.036547531351200584 0.030413154970736184 0.0458679163736066 -0.2066250154012052 0.10031227297312391 0.17017237079625117 0.013552581583278971 -0.10871829077651775 0.052691228245194184 -0.20747251319738721 -0.067647005111051 
0.2382742910340029 -0.010991541800690455 0.1411762510352 0.041075703023688674 0.12802137792438084 0.2136754188177903 -0.0680277285503998 -0.1500104284195026 0.0384881097674672 -0.0648723781076886 -0.14848106415337817 0.09810961482204093 -0.18527008013267912 -0.09092667441430292 0.10925359023673405 -0.14650434941781457 -0.09425981303877748 -0.19125326348816193 0.1989424573937051 0.03214832149476213 -0.15439721425405833 0.22746256546766697 -0.054655864579861074 -0.017717762001953314 
0.078449993892615 -0.1636766803856474 -0.07678714117248425 -0.05043312144961571 -0.10109376603562077 0.05353273285385452 0.1272713918881102 -0.17068389530810302 0.24955752742211063 0.10009982767535679 0.17552036136348836 0.07141756363260904 -0.132888264431437 -0.07645521245234628 -0.021256349055730803 0.06793670300746599 -0.019795375972083296 0.032035269809286 0.07158483795246359 0.13305071334185187 0.013225208513394546 -0.15661543328082145 0.15202456852793939 0.05160219743331602 
0.1849908647031652 -0.10859524171086993 -0.12832069060531204 -0.042745504106491354 -0.07070558857190891 0.14681196458358467 0.02731684566960405 0.10665852418755807 -0.038896003087874394 -0.1595313479060684 -0.15321531026552904 -0.050025082160042644 -0.12140846150647365 0.14965116395003725 0.03908815901692391 0.0907576348427245 -0.02672586126959089 -0.16409907418234443 -0.10484913675264196 -0.00039924264474918043 -0.11950031951905786 -0.18958292064787582 0.09511720557396354 0.0843291074350576 
-0.06679815349523958 0.1491915659199169 -0.028026814886487193 0.13809433491948353 0.05605028539192465 0.02310525231377682 -0.11864137342404948 -0.014723094430231278 0.178543984604413 -0.07690439937387719 0.16559224870818404 0.17895435560545367 -0.06701562501727164 0.05949853952093172 0.15898895504683708 -0.22007118743512277 0.2009928759970432 -0.12261895884736763 0.13898709922825767 0.04965200457242486 -0.08521579874943053 -0.1385250746188003 0.06018047388590871 0.15829314877376768 
0.13983191558260102 0.08039443834515364 0.18334167995632508 0.03525792507492747 -0.11980546010019856 0.022570479290813697 -0.07354798805720152 0.2237106931359934 -0.04643396147609538 0.22841177340440266 0.007341500167282015 -0.15079692295254538 -0.1696173898998831 -0.05859282167159969 -0.14982268459229353 0.054722817289453655 -0.06173304410970027 0.19896760791699702 0.17145657469868583 -0.13938883540155333 -0.05132714642660323 -0.0663745594583539 0.030342067225953683 0.11663595188748435 
-0.042672119212012 -0.04946273381166314 -0.0940678448314641 0.1909643518485854 -0.19088840170901428 0.15152424507439438 -0.12357317655838064 0.018930740207317224 -0.0654278219331088 0.22888142665073524 -0.15008431684710277 -0.12321731687943324 0.1622635854149585 0.044478886946079974 -0.07521056294108446 -0.19965662117267127 -0.13398005180809336 -0.14093638240950584 -0.1175532882506953 0.18826609370295355 0.1741501061402566 0.09290383332086113 -0.016148556752121797 0.10677939222869556 
-0.029986116148033065 -0.037718357636148614 -0.08862999548260332 0.16395100990241443 -0.044369069978240326 -0.0313759122066622 -0.08519166163007867 0.19566854766427866 -0.026417424517599566 -0.07986130505393041 0.08035354299531555 -0.16059366422541457 -0.15193729513988222 0.11723322305187792 0.09652268611353078 0.011282842290637158 -0.1408502728068919 0.01467252922928298 0.054396770255829646 -0.06791996877934105 -0.17249424655301898 0.1400274947891267 0.005321497723846969 0.104428317614519 
-0.09731334435954876 0.0648008974658158 -0.027888098470673077 -0.0463011825076114 -0.14849009332173083 -0.10116641130062394 -0.16768227394070445 -0.08562891834264488 0.12680415648313295 0.03881155360611706 0.05831905900725384 -0.24247498112853427 0.060777301514055304 -0.027437623845263198 -0.10652100408807152 -0.1712289495911409 -0.1551583515767406 0.13676353864674065 0.1928692313404025 0.17260725611205352 -0.06005644754570613 0.10966718785816486 0.044143333944532945 0.11354783041952907 
-0.0063522729317630824 -0.055843884962110006 0.11381497788745533 -0.1592095579118628 0.014464449021151295 -0.013456727092339747 0.019810669196780505 0.10627496705261305 -0.14412637378678558 -0.04200548861044571 0.03975735995058328 0.16094483806861196 -0.04164577394324165 0.18031722560662986 -0.03765320153059549 -0.14468981826073463 0.04006837871888521 -0.06519777538395843 -0.11171361765778857 0.26225922275001523 0.1810707163602337 0.03876656396348281 0.012665520354476966 0.01640960362053173 
0.0851477595384295 0.1772308720226136 0.1362499669667154 -0.13204347387253482 -0.09361215541578896 -0.2223982676486133 0.1982917737149158 -0.10432536159185801 0.04947669145866273 -0.1635081748513061 -0.12838652003825365 0.014921149762777714 -0.18925917967893685 -0.04578000728965542 0.005019558197419722 -0.057511935675867557 0.02927214524520447 0.014370904770192804 -0.04293849222509678 0.07205737627339309 0.09268946607913497 0.07839823623231998 0.014262292357336144 -0.06394310802870173 
0.04440920297896336 0.1961548510363173 0.03800428641547743 0.22609266480403747 -0.023088588060029974 0.07575604310653582 -0.1846450870141236 0.11947351227325288 0.03092765782373971 -0.1977997452867845 -0.10022530309190691 0.014012022440004261 0.10606834137633486 -0.2148772715081397 0.01918686904587073 0.13235375579747996 0.053341219701548176 0.17331860726432277 -0.16955350213370257 -0.0836087052813933 0.18475545450099565 0.09250604471973932 0.032980565077023925 0.10462984527582188 
0.21697770734086003 0.17003319394165411 0.19936488441578526 -0.1432608579654024 -0.17125447880670508 -0.17006697893909298 -0.19395598157297805 0.16710788324779324 -0.22166383162564876 0.12271876856183382 0.02708225307571515 0.03609841679437228 -0.06032408348369416 -0.02767969769231871 -0.09733325354678403 0.2245733829116443 0.0777590794948162 -0.1893998104523872 -0.015040996611476062 -0.08635419371593027 -0.1638937518539427 0.2072926224400418 0.08002509544164678 -0.06705913928875495 
0.15189144020700207 -0.12138563100915915 -0.07575377851449944 0.1620966034511267 0.26056899623047236 0.06871162484369638 0.17620222824084167 0.1470430828829868 -0.013822530731890237 -0.05000008808715592 0.09190451633995787 0.005153522345435138 -0.0020201547365971285 0.22250462117170583 0.1084564822625304 -0.06431940785277775 -0.17060043443146958 -0.12500740881297734 0.010488664883979443 -0.03248999153696534 0.1570123124752778 0.20963061255667587 -0.21251578722962938 0.1852198047010228 
0.16289224284451823 0.24609003366721283 -0.1845397956045726 -0.1765190219885651 -0.19760362834280776 -0.08882530910834435 -0.17728525184811977 -0.08134156951687019 -0.01677730144468869 0.15702521707191922 -0.009001127271486727 -0.1421654908847585 0.045322053343455175 0.053740628843362184 -0.1547494009216586 0.0694106790415196 0.11391712548822984 0.1329922596460802 0.15545903587157017 -0.04640327664235377 -0.03342790413672882 -0.15866381477084332 -0.07634030586204464 0.16457815469107642 
-0.07317576156350587 0.14868285739551956 0.15547744257760207 0.15444449331703058 -0.136598261874719 0.20364385023824463 0.034436046611110285 -0.11466197638949663 -0.08248302442470516 -0.1350774845678618 -0.026858215004615993 -0.15027059615442925 -0.13289963429206675 -0.12006143679219893 0.07531957397687501 0.06751812203014305 0.19708133243051087 -0.08938412422883955 0.050932823296499556 -0.18593644940257237 0.006323127752720201 0.16308716586812189 0.18074172905981667 -0.19594166079325553 
-0.09773250784585785 -0.11882600732872249 -0.18060349833439132 -0.19581955373887203 -0.0038257623550231054 -0.181439547660594 -0.08754149378897334 0.044775659716834525 -0.1113184297865568 -0.09100699915057266 0.035503635389283444 -0.03348799969896161 0.06951334038472078 0.0037379738592181987 0.05235855737272395 -0.057666755399778835 -0.08406182276733042 -0.14783644126450748 0.17435060123553786 0.115912894515908 0.21295484200160342 -0.12481619703230871 0.17290083460535371 0.21314893171677976 
-0.08545858814239962 -0.06206306315803329 0.02011994268689369 -0.12485294853292878 -0.022658746738797853 -0.14338267289337786 0.2364553367718401 -0.002409051079837978 0.24437906050351682 0.02580372621049398 -0.00612219794864684 0.16889894642807848 -0.14183055730527158 0.017913023298850105 0.06373123127189662 -0.02590456090676135 -0.2352412280543278 -0.0028391694660438197 -0.013625817095686258 0.1753519069340848 -0.09620376909647803 -0.042614682668794514 -0.07633538648156242 0.07349440909827532 
0.21907831168988726 -0.13751090475373903 0.12756560202531023 -0.10648887436298571 -0.17635957387534326 -0.1601121151449581 0.19353218349997212 0.17178680341967442 -0.09208768753072268 0.1971645054994251 0.13203619522283125 -0.029207016917275622 -0.012484148657143918 0.058987753697166655 -0.13583876221600058 -0.19394037203885142 -0.1086240210804892 -0.19367072977251076 0.06874227408648326 0.020134564785871167 -0.08022490016903337 0.1349349779074997 -0.15279348414248797 -0.10092045057566779 
-0.08195928040889781 -0.12057002054944523 -0.16419438408248532 0.14715139629507182 -0.1640930050274495 0.07240657145708061 -0.15104370540351203 -0.19560487102219298 0.022411091455354065 0.16218619155043024 0.14330368711111682 -0.06359631007132349 -0.18889760705915015 0.11927947808835523 0.12134115331466365 0.14654975090764283 0.06681339336078708 0.12206293483184215 0.15829095896697795 -0.018055902091642626 0.02262984925535562 0.0023917962929442095 0.07570054605567429 0.07208682445861729 
0.06407493064964748 0.06639730861380948 0.0022545292146526753 0.1283750075998381 -0.08613706040284085 -0.09547278406623566 0.12801460603332296 0.09019472267788843 -0.16653642989466916 0.10225641410779908 0.12200685009848437 -0.10601147614963279 -0.16598103893773217 0.11697916982530321 -0.10909461048134399 0.19875670365422038 0.049412458102287345 0.14238690368213142 -0.15613910005525272 -0.1656772344553815 0.13613013679916336 -0.001130840860894894 -0.16447268483467364 -0.050666881119455345 
0.06780621654078853 -0.12312280087931907 0.15757420988139123 0.17953960709312544 0.18430990685107942 0.09090197975202015 -0.03675139623587338 0.09636791928952322 -0.08368553727242546 -0.07315182177014666 0.04155905738532207 0.03719917563444401 0.15066411901957946 -0.09702830322964291 0.10535674731072514 0.17594871912612173 -0.1995470625287699 -0.009338178071372877 0.061806426843009764 0.13638551576192542 -0.12547695115359997 0.14156761069213852 -0.05331899975756658 0.15617467149466127 
-0.18867242530228556 -0.17638848852463676 0.19238863571406536 0.04298289708293003 -0.03228129740863885 -0.15236874357164013 0.07363416615239327 -0.18490101265106226 -0.07634075659204698 -0.06954632063461791 0.042169321312858075 0.06015418367374015 0.16101698606003187 0.1634418904051299 0.06316313091905075 0.020540896972964247 -0.052608697379213955 0.18706091407396583 -0.13743379730543798 0.18292703129568288 -0.07511109707942029 0.007997209744973843 0.08799432587447371 -0.10429106463592971 
-0.1319246081056887 0.0033093831009288082 0.11566330299487551 0.0758720363821305 -0.15162135711866065 0.15960541876428436 -0.007911517349060626 0.1782507910547525 0.020905693324814033 -0.16546677998132378 -0.11794356685658886 0.1407916417693677 0.0812577586231877 0.15725435198479543 -0.06729327659097095 0.010938457786601033 0.05917081248729905 0.03697981396861434 -0.10629861790350129 -0.028664501396972117 -0.09962638847893551 0.13731035245769796 0.1945353102761489 -0.17286733674616983 
0.1162632028906658 -0.09272337646546881 0.049281597479930994 -0.09561608348098649 0.05941257846417924 -0.05063393581532961 -0.10677095829355265 0.16040196364584902 0.17417487723957426 0.044582152002287274 -0.11311960205782509 0.21655833788693693 0.08897891459328161 0.1200536745066643 -0.1142228033110006 0.1310752934697059 -0.09250037776728322 0.08165351655890912 0.08317736820817091 0.08538630745762794 -0.026700240014507187 0.13657484830448807 0.15607523836392337 0.03427149946654683 
-0.16319226666046813 -0.1475750914155131 -0.157172506882544 -0.12991289345432466 -0.14860434538069262 0.11021611590966483 -0.18390944048309293 -0.10225150115936157 0.15082815601419192 0.18917361840312213 0.04137177611121454 0.19028130779067404 -0.18226560530475258 0.17902171477181117 -0.07439436469651094 0.11852087820995619 0.12320993614329566 0.143118606526816 -0.016205050176571638 0.17173628510215977 -0.09571077999102469 0.1732801607566127 0.04678362737718915 0.19403289937576207 
-0.18666410231581865 0.13667959411380898 0.025666386346062543 -0.0029557014047196704 -0.09518057803189264 -0.0682136638616004 -0.09908547599811399 -0.11119208117235588 0.19348179319186792 0.0009340879267247256 -0.16612073352628542 0.06268696221699323 0.07819896907445666 0.04771876268953908 0.0060086815692085155 -0.03925311371534353 0.1581058250428623 -0.18845622365273995 0.17259710903684353 0.24746390842345728 -0.061582317194838525 -0.11312077070014222 0.11661170882676852 -0.1277996152809882 
0.13453907125952308 -0.12114340396715018 -0.08256067769757913 0.18189542360937366 0.16048675868813916 0.03794063399528576 0.13859958493426153 -0.05800847662086376 0.21790206875972404 -0.025963558138428145 -0.0809628935996693 -0.18009117137478506 0.20173144166387466 -0.014467129207898548 0.09270198639543796 0.0813186385355406 0.07779005532651492 -0.17915033896820312 0.16743350171622856 0.1897294620477895 0.047934661577167664 0.2005629985246898 -0.11370436936094892 0.040078873305703366 
-0.04062776648466842 0.05030561087069504 -0.07864247493920926 0.12672444129110963 -0.17156150905979195 -0.18290598069092745 -0.17984753932176145 -0.1388966924805683 -0.041066810352911834 0.18179432172336832 -0.15493170326042935 0.05804240326017424 0.01078980539597955 -0.057727002451582285 -0.11965808139037315 -0.11065968646742212 -0.18211509245311044 0.08414479916546189 0.06053639962107317 -0.02200350704171486 0.08645032747262878 -0.15526352651930753 0.1750164668193653 0.13812232974003255 
0.06259851493394208 -0.06883338887744313 -0.0327009667610382 0.004145963220218589 0.17362069478944203 0.17022101595093697 -0.025085031821644094 0.01296717173438175 0.18591585149091303 0.1774363056614202 0.054725388359997504 0.08982134752194422 -0.0640033587396097 0.14441562725425464 0.13373463206937286 0.02036493669519397 0.19239884522703848 0.1180405568588629 0.12231744185982975 -0.14688089989020928 -0.03271916206454056 0.15911980859052555 0.13727777329463062 -0.03106825548774131 
0.19195272066159133 -0.09566033449070777 -0.06551924407647068 0.22218190423954892 0.1224397685612371 0.14386508878109164 -0.19524177947218274 -0.047224874454826225 -0.09299664103083045 -0.0805150629747483 0.09406592534445456 0.08095077146542544 0.0027165150776163084 -0.10045840002225054 0.03319660049335182 0.013172211814208575 0.004023978841258184 0.03898234884537909 -0.04094925015802389 0.13793154178512923 -0.09838838689911795 0.04317590570172053 0.22192037457724914 -0.1985183293434673 
0.06399438341033324 -0.1704588941019999 0.017121671253552604 0.04986745197825496 -0.10169506715952466 0.15379303671176495 0.07453855127551524 -0.1062056711895197 0.14268513706566885 -0.15707344485233204 0.02160897977699118 -0.19879870313466502 0.06291160633956225 -0.1354747022579658 0.05880140545815993 0.08520768167263754 -0.017252281447434112 0.03728795037431246 0.12428252821370672 0.15526320786974496 0.03018898549420747 -0.027990156628688135 -0.02186375173238493 0.1432482199444374 
0.08006322234724937 -0.1249955590401727 0.02573631582814447 0.16287506417562267 -0.13880183627863865 0.1372710889993509 0.12706440877314365 -0.00025695201317155723 -0.18465323789935725 -0.14008878833828675 0.16848598297898207 -0.18197950590668652 -0.05009903389641379 0.04675199746913759 -0.12016131020058786 0.19225387266390892 -0.136668610537166 0.015511377278785259 0.04634544682833111 -0.10648831711456629 -0.013165655182546122 -0.0035082679323593514 0.10562701842311245 0.05278285486232866 
-0.012679710510483468 0.06626810076423616 -0.018233372182094105 0.010042548188567469 0.062412869985417924 -0.12650141536498166 0.11942116224158711 0.03476001951482109 0.2005485661077373 -0.10994153794461682 -0.013182303445316141 0.18709540564007218 0.039797403323725236 0.11197262528586463 -0.033841965243119984 0.09194087924665964 0.18299448019519576 -0.11885908191997732 0.12189651557813069 0.2171415228381424 -0.19402733685185677 -0.1128216746730896 -0.15226741697643595 0.1058520419645137 
-0.16692139451756413 0.19932125462316355 -0.043332886643674635 0.16141336117130847 -0.1235292223672789 -0.023141383086310276 0.13698622471794292 0.03736585001077935 -0.014791484896463052 0.004936778124210482 0.028942595093975496 -0.0233585849530138 -0.12152465757792882 -0.15364814651031541 -0.13858467540092806 -0.17858920366086867 0.022964098765991408 0.13816039595109555 -0.055397384892466366 -0.1693182826053679 -0.029096059394481205 0.040024098898547286 -0.02922233652556947 0.12324701582646454 
0.13357779083969998 0.16814349431435274 0.0804889652360212 -0.011603635625475586 0.07200372494622191 -0.1944962764254194 0.22870265556390024 -0.13017490758691178 0.23169232800712644 0.12647251743423157 0.11673555881431077 -0.11538388755293938 -0.11123789150772137 -0.06579922057808149 0.12915112387694055 -0.019409277392166496 0.26382899885323285 -0.057950280324689185 0.046891383576678144 0.19556513203040915 0.05161031200401864 -0.1814330106217786 -0.0122589743391288 -0.0650659036615394 
0.012574627358733501 -0.08497889205116661 -0.15029100803411655 0.06627387585375222 0.07147120772962615 0.14600446347769983 -0.14619818644526406 0.11837913208688274 0.12970986341012664 0.057644662850726204 -0.11695501080379593 -0.09429943931512404 -0.03194088201598728 0.016342189336987896 -0.008810664883983882 -0.012715011051627659 0.13498046415659637 0.14720241778825313 0.12567561416919346 0.15031635401949325 0.027810980376408334 0.1853125940177029 0.041814907076083915 0.04078977672412039 
-0.07120961084854512 0.15914368329629325 -0.17880277551646576 -0.14532305309654814 -0.14706311095317937 -0.011104170421592771 -0.12886311771836534 -0.06252606796432647 -0.12218968886019788 -0.10538773281965164 0.2842097153007627 -0.07392167369687154 -0.1386466046482955 -0.06425765592977656 0.2766025943177681 0.08381226763327734 -0.1292976459375313 -0.08532964589656647 0.10356933196539912 -0.10268191954579341 -0.09717575825202746 -0.16575703253210636 0.23898879838871362 -0.020382676247609432 
0.024185688714053043 0.08207929798511858 0.11752220986328438 -0.02053603677069561 -0.12532066640909867 0.11114631128592517 -0.18733422949481657 0.2297375791344554 0.06551232051651878 0.13560562926040004 0.04261302391428501 -0.14088447286397188 -0.06333717291613722 -0.018961201005309895 0.23594154544626125 -0.1251724777447002 -0.028093203658924825 -0.06147760983385668 0.10677521207812202 0.16599053310795137 -0.051293459919191486 -0.11727644434039748 -0.17265666697956142 -0.11947749205542256 
-0.08990946818757976 0.00026887723307453173 0.16524877755493145 -0.14787637271384033 0.20137184577118708 0.04847595276140072 0.1253812551741641 0.2329670890709175 -0.019363797483149987 0.01234047873731477 0.06493933670616565 -0.01189525426573106 -0.07924832116273575 -0.15712302854985036 -0.08490467389021886 0.10151665069635288 0.06971442321233541 0.10439218765894884 0.006683446118897706 -0.10604311606225797 0.03987042127385831 -0.07729823514762266 -0.19993815425062708 0.16075414292730578 
-0.031203534242276957 -0.028936179347192427 0.09536856684583003 0.17897521310001 -0.17045314489666996 -0.12992352284518804 -0.06999244426833912 -0.09950112735120907 -0.0017572588627452134 0.12877939197911814 0.14068439602989782 0.03758676610897367 -0.10280638936846774 -0.12436846112470247 0.09622437921147167 -0.10399265248379332 0.015437588162700088 0.0985821585231084 -0.10758772931889425 -0.12919812094367442 -0.18377752172948 -0.14006200337001945 0.1396613471782973 -0.15742633990142285 
-0.10943509666316817 -0.1866179613996542 0.06948103229897055 -0.10620228228652237 -0.033872871526731164 -0.143401532399246 -0.048232226475091254 -0.018505494452831568 0.013277546294525275 -0.030230389113369404 -0.15818770693234013 0.09622434697311985 -0.14424816003017657 -0.05827133235195902 -0.09008719433279062 -0.0784927532637027 0.04908717876367145 0.006943799990886109 -0.12292171467427777 -0.0068649664730804395 -0.06316368823920905 0.06679285143470534 -0.10845188707500408 0.12179949097733506 
0.010245227858555623 -0.06279610822408256 -0.09739452659418987 -0.12450413412751693 -0.01100871543601119 0.25151236754678674 -0.158119801158522 -0.08549135548321528 0.06631856432090596 0.13914614188657567 -0.08736964578954456 -0.016090401495949154 -0.06400191892551993 0.09122288440561899 0.08660976106295593 0.14202853523682668 0.1458286600250273 -0.04279352400566288 0.16973699086658797 0.11797992260889115 -0.09183321778993538 -0.061756516124401806 0.10379573282515846 -0.14874687787197344 
0.05245817157026584 -0.06931495838742507 0.12988379180079715 -0.05325643449105185 0.09221461065279875 -0.1313228201320228 -0.007243725139788596 0.10631841228104333 -0.07353862362677582 -0.1344097777899189 0.05860920996686889 0.14025232580177716 -0.08679688114315448 0.007721526768056075 0.15426563307800473 0.19205221822485524 0.08148955004112618 0.0356432019700841 0.12592861945452088 0.17183108873339245 -0.19894549546422127 -0.04032578579564951 0.016097477349621532 0.09243733296366922 
-0.16438335652613292 -0.039328452934187054 -0.08702508552152423 -0.02996739748898086 -0.0007883446652130353 0.06298743108638592 -0.0014680889809063388 0.04731686579498391 0.032309733585881635 -0.02807011142978897 -0.19793848529820796 -0.12113945730981 -0.07084800664909573 -0.1403005374726762 0.03870462120543284 0.04377196887963623 3.636732141517383e-05 -0.07059251380064266 0.06030540833453161 -0.12284266200355531 -0.19756953769106275 0.09284474210279581 -0.02210792916221149 0.07803428011241294 
-0.09875395237276312 -0.25976010465715366 -0.04787970224148948 0.11421817267423652 -0.15816266723086692 -0.08909699482884881 -0.02242262186526263 0.022998318242112802 0.09263516779137941 -0.1261806010557495 0.06612032490214542 -0.01995098228137643 0.06861515783721137 -0.1248655992674117 0.04360613688018615 -0.12295907698147145 -0.21237610273483906 0.0567981879987531 -0.12530044572947083 0.07164136574766022 0.037437178579011195 0.15413663975074754 -0.07205599213557672 0.22852597958726778 
0.01663872769354913 -0.0039205003997403775 0.09864689509519652 0.044503693405023234 -0.054071665144521656 0.02687600749115671 -0.13939222424915623 -0.0936217700667522 -0.22018289513391257 -0.01879287717491134 -0.1041383166526199 0.018483116236212883 -0.20119233432382472 0.04189690311075463 -0.08168640636780702 0.04710995523867171 0.08748756173303586 -0.04376463722966554 0.06423499636184561 -0.11854275663763415 0.25745690322366066 -0.13078445414712442 0.19863952075977162 -0.16141767098690615 
0.011764780635232206 0.09548143482150052 0.07871940470320113 0.02637407304776516 -0.037800551681496895 0.19119118379103817 0.09049153740595282 -0.05727378318987119 -0.09581973048589901 -0.17308474161467244 -0.06349480988880608 0.09025583094481346 0.101146702570851 -0.07601889975992764 0.05811529686134029 0.11777336394738964 0.13001376081239527 -0.18782896743762242 -0.14039371750160157 -0.12818530997234082 -0.1309513217984068 0.1529585664179599 0.11782331991587125 0.018368968658400923 
0.016877254525625423 0.08037895174815785 -0.07802505199984228 -0.052381821531322405 0.029357371649205304 0.13980642267021948 -0.1182919058039773 -0.10462999199587372 0.0797260945390918 -0.06261601964167755 -0.18057367183600403 -0.12428176999701009 -0.12140158495308749 0.0271007546305023 0.04672967880384232 0.19569999937874813 0.16791592502454844 -0.07604122813921382 0.10022375743158322 -0.09658550200348127 -0.0516513715170801 -0.08179462569362235 -0.04264642435725336 -0.1130200313169767 
-0.00881388546247412 -0.2276188397389629 0.18425230840179688 -0.051221421060496694 0.16473673656159613 0.16960301743116485 -0.10683540542772374 0.02206306560684875 -0.002253271026191833 -0.14765989107092942 -0.007756764535243599 0.16843736518770377 -0.13156655831002495 -0.14355895412080713 -0.12134664302816842 0.2061130802268835 0.20716239345727058 0.03867097615697107 -0.14602597588451754 0.0680026930339091 0.09545433118228903 0.176868408099561 0.08037925296294735 0.23981835387373668 
0.12963911137979553 0.08558857810922646 0.07533815643936663 0.06349095553805123 0.13183534655240653 0.26173953446869636 0.07798564510449801 -0.1351054225991702 -0.26704604306960306 0.20329890978025758 -0.000535954793077373 0.1007132821549079 0.08541178483167886 -0.12509959147873467 0.13779322500599805 -0.13675345802647518 0.15034551773574698 0.09337420762108355 0.046881822916517185 -0.003305743759780347 -0.009826460666001183 0.0764565040956452 0.09354249541408204 0.1111475871770322 
0.06913839352000088 -0.0787388051283879 0.18861167372054036 0.09587701318230431 -0.05706879478905868 0.008771461953092514 0.01666257289298699 0.060124926083694935 -0.045050027911936893 -0.1560363989081487 -0.07260236189193917 -0.10480381301182097 0.13250892962232125 -0.14072073171181754 0.04964696476889222 0.00455034341105959 -0.12647651421934858 -0.20259685771113328 0.09680201885239723 -0.18321382541540676 -0.08728081357248223 -0.14026239907819518 0.1397371238891834 -0.1280607947018839 
0.019515035992908884 -0.19367961906323222 0.19305229581005848 0.038611257079667886 -0.04550523359035389 -0.14039349500792647 0.07765039948429904 0.1616588871299528 -0.07168268537742786 0.10547855761949418 -0.08388058388661936 0.18254098949484554 0.07981763746317262 0.04911551473599821 0.17177297376734843 -0.0912517548493162 0.16888256714732225 0.07016762193871101 0.10743192268768838 0.02805742049203104 0.13258639214230972 0.07820968599883678 -0.14044971932311395 0.04415190053265578 
-0.1745407848961698 -0.04922041346086545 -0.27396793729214103 -0.148396840275909 -0.33015328382777037 0.3344860312709203 0.055267126607452824 -0.02341244321996988 -0.3263007943345025 -0.05868019482039367 -0.03168607298285445 0.35197438897201555 -0.14485720842302494 0.062358131262160374 0.11150135421122759 -0.21435716532243929 0.020171089040178825 0.19088756341705715 
-0.2624958654767975 0.07121658726170581 -0.36951416624973427 -0.35913607422354094 -0.30300293413551416 -0.012386049827324958 0.34452523648048045 -0.04658111413478625 -0.31717767697958793 0.2582067251864226 0.012851840184789222 -0.14991337323320214 0.3226226953032238 0.3442483354472675 -0.16295629314934598 -0.20361233233838474 0.06277490386911395 0.2760757249496719 
-0.1304255180119294 0.057943983070944935 -0.2548698855620343 -0.20834383394894648 0.17773301521931045 -0.23939488665398145 -0.1882867732646863 0.13964705679827144 -0.33439061410279736 -0.33100872269145276 -0.14397871589762834 -0.1112414628508935 -0.08730673095903656 0.18846840813691146 -0.31962114921522444 -0.09540472679821589 0.09313682611891247 -0.2776032839406265 
0.2553317311728611 0.0981056839936288 -0.23251189817573695 -0.20528540903254172 0.16677056171209353 -0.06481918518830197 -0.0854471648343883 0.23072364014766758 -0.24825115549869312 0.3692299018595018 -0.31492581550904686 -0.2913354359625193 -0.21361051755750832 0.21120008490468903 -0.029462763435387087 0.10335353692373381 -0.22247368288926384 -0.2580589136972837 
-0.019382025086615476 0.16317233930215047 -0.028513190592761254 0.25319491355623597 0.10824768741197095 -0.17051420080922217 -0.23772383345290657 -0.059172897140721575 0.1655119252512553 0.3367565725862405 0.26843952884113526 -0.1729709944950233 -0.025622546647767426 0.029013682533994573 0.03127881808499181 -0.07439786933202387 -0.27351817041376913 0.11650550131644648 
-0.3962720882960341 0.25071713418599445 0.27454898757467106 0.1452981741034517 -0.009035547377057146 0.1348078061313894 -0.13716816798329282 0.28455700789268135 0.18613645130632506 -0.19061667855215234 -0.1286232591846066 -0.05605083192589268 -0.002064000263785346 -0.01167712804940761 -0.3155910772027827 0.10794530008919795 -0.21565336506354293 -0.13330822075098067 
-0.026118782057596546 -0.10200261207713822 -0.1406195507146506 -0.21829914841077597 -0.2969405341990689 0.03424728405953966 0.06271876972024405 -0.21355976925500006 -0.2088613845988014 -0.17044961310856738 0.22924766314868208 -0.2823342518524487 0.06028182150821916 0.06562797901702835 -0.10562799213220875 -0.10071181528771517 0.3309745889593997 0.050087638023802256 
0.15768212859819702 -0.0061603827552768305 0.06523043593310691 0.04678496506582861 -0.24284038335734484 -0.11160476052159077 0.0036699364446184483 -0.33476644819514445 -0.09221580921350091 -0.23912783418738676 0.2500726623550584 -0.1525299752757392 -0.24197424093196948 -0.04727578353699959 0.12376279086133553 -0.2987077991855485 -0.21973200236916818 0.1808776654124582 
0.19377259779354514 0.07917068017886326 0.2790071502484547 -0.2826174374835015 0.13783456008145809 0.2866533259008928 -0.25640473351695964 -0.1542766067683485 0.015921317855367913 -0.12022365247606394 0.1373671010186926 -0.34442985101797907 -0.26023107651048916 0.17163660571911818 0.3242842564568633 0.29530641424464843 0.28758777670845886 -0.26583386183922525 
-0.29113495181563415 -0.2940278839366563 0.011735055855193192 0.28518695626627855 0.0212002325476324 0.19186994548367103 -0.24873160417814968 0.25660819490810144 -0.2133371409920281 -0.3026327869108266 -0.05259473850926107 0.08013777897398856 0.3844114777970834 -0.33890134211294404 -0.15335884628362123 -0.270928754247894 -0.08665283732096977 -0.19022890251209396 
0.04732321375212718 -0.10232364882608774 0.32093474572018726 0.19758972928812918 0.24716928960163795 -0.2538150504863343 0.060825221889042276 -0.1620021753916826 0.24618934769181194 -0.3782491976150596 -0.27048128020970547 -0.1245936992924831 -0.08738357351945437 -0.1369296488951391 -0.2772832130189774 -0.2613665169920785 -0.12256075287687547 0.37165827979167937 
-0.22296217440277685 0.16800304454356021 -0.19508991100716697 -0.371165454834913 -0.333709369128492 -0.23757144586448795 -0.05338877036324501 0.2425525801460711 0.14481732258159924 -0.09195306531647131 -0.012947136728677837 0.2503981011592951 0.2883608576449098 -0.15641394860046634 -0.34205208467336073 -0.31188963991888513 0.1589704844921447 -0.18572320894607647 
0.02114510264835204 -0.210128204733425 0.2833046904344078 -0.0025725164915187753 0.018102970937890785 -0.14359742215048732 -0.03240037855449726 -0.34701694489474805 -0.15102954467525484 -0.1550485615708444 -0.14644148698413653 -0.3482312993837437 -0.020401955175814925 0.2582373641680044 0.30450275649682756 -0.001801773336978635 0.05538483717654307 -0.11890208328080994 
-0.2889255448737444 -0.25215387978235354 0.1387479984241612 0.1448632640229764 -0.21896582539640555 -0.05795087580180928 0.05780785174395521 -0.2926696524969997 0.19440779647011527 0.13860842717902436 0.08308899363596327 0.20637548546538428 0.4176544561810496 0.01243884802984294 0.24955360463208112 -0.054473006634203174 0.10262903319322143 0.2699141413028949 
0.15584105921262378 -0.13327677032738458 0.07217153921305343 -0.10023316862775564 -0.12003861270164412 0.0740450110897692 -0.20572261740820358 -0.010970044190830022 0.3066438460206344 -0.12329222475515031 -0.21226570407910444 -0.07919088100352813 0.2265844524245199 0.29353271668990066 0.22395606692270884 -0.3369477838010184 -0.1582972701222377 0.41253652868406776 
-0.302593951212537 -0.006593681706851769 0.19347088458086603 -0.2589233347705793 0.10961364699497346 -0.007932040170180323 -0.2795490349951862 0.25355636910381985 -0.24691626628124358 0.15008574409855904 0.1733582999404663 0.09281883892759778 0.14471852970165572 -0.31780245239136773 -0.12987137449607708 0.05830407735022042 -0.0803115699919602 0.07869215791370517 
0.2364520143303702 -0.21138831235921338 0.2814472398908833 -0.08120660791706923 0.30487361614215536 0.07891798077155102 0.16883912954505967 0.04258946525349998 0.00463335049652927 -0.07130340510369375 -0.2539105235305336 -0.028925803252859622 -0.14086107951876306 -0.4198283154200551 -0.15269054398988538 -0.2181108872730568 0.28851708274767884 -0.38085903075382216 
-0.3028621508676116 0.13816680902257714 0.3024882548581474 -0.16887550927742587 -0.3299966702341621 0.31713885543053166 0.07069308128950368 -0.08389624512745357 -0.03649121106491382 0.14371026890978325 -0.0848657586061364 0.35263628024733973 0.26832682570461974 0.2667282719082561 -0.10040574212500959 0.30067845042965735 -0.025844035822867796 0.02491420722764108 
0.15523820899832855 0.21108186699235243 -0.06966090393018824 -0.03478279806236204 0.21661405885203333 0.14748071357168258 0.2993791911846792 0.3306324535325628 -0.21927035685501023 -0.18007223643157297 0.1463983077971643 0.1776151556615872 0.0655583700832713 0.2541908324373949 -0.16850747068741853 -0.10831652903016893 -0.003559839829628031 -0.13396962269158053 
0.05104728746277065 0.12336082169168171 -0.22358546248069375 -0.02683390689231545 0.3401024750916793 -0.11880854582489259 -0.43181710462654405 0.15554735578210227 0.0021985240318441773 -0.3344806345197198 0.2815089571034094 -0.08693260682749128 0.31149778381344784 -0.10525750485644886 -0.2908115006450028 -0.17313676288289553 -0.11582679394371732 0.1990869832566804 
-0.26330626405290025 -0.046200272982715784 0.2723168589287191 0.00593019837549426 -0.2723000663011304 -0.3277188545399439 0.10732866710102582 0.40184565924268323 0.1844414803233847 0.2066499269349407 0.11854046503880218 0.2471600646683293 -0.33328669163609376 -0.18747387294678622 0.13223093470168787 0.2513552319916778 0.14461532502006916 -0.2620432281544934 
0.34452416150116694 0.27689079854004 -0.3451694606501356 -0.258647548989886 -0.15247932217337476 0.16187195617450784 0.22558236192662012 0.08783123919763225 -0.21768843665802173 -0.05679448150225811 -0.266449724769955 0.33760264996004513 0.2256448657501959 0.005364580404135498 -0.031004062182691375 -0.27603281375064675 -0.12256967000914286 -0.31483618753871717 
0.22842793466166267 0.029970144218908926 -0.21794593295627196 -0.21586480858929388 -0.1626942174038284 -0.12929735876235135 -0.13856126695085816 -0.19353679399650853 0.1112538694812512 -0.3216893138216392 -0.11610292141543542 0.1910623043630022 0.32623415697650143 0.21324584113837494 -0.17623564960222468 -0.181717782044193 -0.23525920602628494 0.2811205602074906 
-0.21314543435207173 0.17554774228294784 -0.1578742447188782 -0.3188286175492618 0.15844292984976402 0.15344156943013768 -0.3817620216372814 -0.19874031376169765 0.3085703871481915 -0.2333579781158257 -0.2838864069659789 0.09745847351759929 0.3256574845459114 -0.29840827646706714 0.008660221307864613 0.1244043742351799 -0.22581604596937802 -0.40226190707218384 
0.3296272278502532 0.06707990813089994 -0.3130311501659626 -0.3165113395241671 0.09690859792423712 -0.24788068148143375 -0.1773353159489766 -0.29877652660347803 -0.2572598583401345 -0.004239374680178347 0.007647878151270699 0.008971080928000644 0.46690215588964 
-0.29642721360355345 0.20331128870849882 0.23381867804275283 0.06631423716060855 -0.028956236192314022 0.31532726976682074 0.26187447019398463 -0.3616966967341074 0.3726653912564145 -0.3972280417002887 0.057061886033630216 0.056510296137033414 0.26693826316634467 
-0.1285616904273863 -0.3413001202956577 0.012420901013421965 -0.424371725152277 -0.11498042478327455 0.42021081576176056 0.32220321073082303 -0.3095231837329298 0.29378842280228307 0.2525933527555538 0.3439553891820955 -0.21907736825188404 -0.01659530591746799 
0.2754593941337082 0.13180138259698135 0.07345763214801575 0.1483169097013268 -0.22860552989429198 -0.39192300178297046 0.18728136852657948 -0.1342529491818036 -0.10352795202682696 0.0796672107177128 0.12367511424089749 -0.2365396725717137 0.2634945010491848 
-0.09392644704968606 0.10341918866052892 0.3754995168191247 0.0505035132720079 -0.11085515507077905 0.09327324134558547 0.0013874619299385808 -0.03705292384766537 0.18398735019722812 0.3409081561335021 -0.016076607013250137 -0.3304146984172451 0.05432695686836219 
-0.2024037784830459 -0.37054781099228323 0.22925136222439085 -0.17992073363652017 0.22025833748358528 -0.009134912040360632 -0.14359585912525039 -0.14673136192996053 -0.3685255474337485 0.026723215246317676 0.25809588100603603 -0.33398371347613376 -0.3136958176832517 
0.09419743685057512 0.11890028129446654 0.11276134408047529 -0.1910507360747736 -0.380235323868232 -0.10195870960743121 -0.2565885065503637 -0.47945809781826726 0.163202185047075 0.436448669177996 -0.08525030354338065 -0.15775243752343987 0.07296718582766219 
0.2528164747038801 0.23471650919206563 0.10395572210595236 -0.026855296448181475 0.1363803894709901 -0.2167923650424946 -0.15019648346167916 0.27623408397165544 0.37990070219200467 -0.34715277918173176 -0.16115715755724244 -0.39816411503312077 -0.11444447858396055 
-0.22421109014098953 0.10528154685929618 0.1657045249198218 -0.3001524717937436 -0.35425238904870093 0.3552743646851115 -0.08676549087181765 0.03946738564509371 0.37287853335415844 0.19748686989494468 -0.13750372960189786 -0.33237477998280973 0.013156951017561511 
-0.16453093509942887 -0.4050585302410286 0.1817529898341022 -0.07220554761742594 0.03358478414698169 0.2539158689273424 0.4403926846457746 0.13350520640805952 -0.16579115851872703 -0.3396649597582598 -0.3422028712194794 -0.1421893431045842 0.11129259405668006 
0.1540973043585566 -0.23979807239979314 -0.33488912141316846 -0.135073159565228 0.01499305346102567 0.23771924385568396 0.0353376470534385 -0.1504891358005392 0.09740822134921681 -0.21247886823969958 0.12010542885373154 0.2730837506532795 0.08903658996130301 
0.06696791955863517 -0.1658601222255266 0.2703803054409829 0.4774255479453243 0.19699958878712273 0.11204196420122006 -0.2495304360484874 -0.10690736495721084 -0.13020311345247743 -0.20588263510118235 -0.042081342727705945 0.08666351555996143 -0.30292096190932133 
-0.22231255988246132 -0.3485927658224688 -0.21736207065505397 0.023210530662155164 -0.03462639725952696 0.4612828330989775 0.4792149951446211 -0.019616729490890262 0.4114097293607503 -0.25356508768296604 0.03196949059460604 -0.03622453317448724 0.3848431203689182 
0.2837138802035789 -0.2534820358117633 -0.047109050496794806 -0.32459648503900146 0.05851151934206791 0.22514024066227717 -0.40912525104288955 -0.3064166425644318 0.42789176175327165 0.43931606949456703 0.04407513699269788 0.11484025967859748 -0.16726661534953483 
0.3636640620677037 0.1337540425051394 0.13138088197519301 -0.3941100056859941 0.28214249563035254 0.2212778968408809 0.14588881830928016 0.19086223532070756 -0.2743346021374011 0.1731020929347948 -0.3233476864944978 0.1635804136154724 -0.4011299679956506 
0.21955634728178378 -0.00653821920897758 -0.23532892217829537 0.18154645655532964 -0.14542521546519488 0.307433840323302 -0.2550073375075844 0.3524858433458544 0.3790880506998968 -0.15438860682744113 0.2899367882571121 0.2733136232216293 -0.05883587457172481 
-0.0975082443144939 -0.1733991938858708 0.397705899628258 -0.23365086122557122 0.384743596592979 -0.08372867920566297 0.3441312981383947 0.2682852071010903 -0.2690380751684952 0.08507679939391037 0.13673779768894642 -0.07364989046884211 -0.4098223659804288 
-0.1757239675223669 0.29112326181610493 -0.3513517240306446 -0.3459782164035996 0.17591065139802858 0.013414040777703487 0.03872813357668606 -0.0999801136006906 0.09310398704230077 0.32614583222770277 -0.17656972627364217 0.2754255083577309 -0.07427334153163344 
0.24378351117715388 
0.049456765991932085 
0.43269921389328025 
0.6770379172809682 
-0.022497687540468454 
0.3734617605758367 
0.07453171354209955 
0.3094757593915166 
-0.35285309221620387 
-0.5533740829291519 
0.5809529119355226 
0.3774146112971493 
-0.2731415029138271 
