-0.09076365038429751
0.19058811390074
-0.13043466121560574
-0.10833893934934428
-0.2528887149541354
-0.004863140973599744
-0.002620563348416159
0.06614050246219193
0.14468362515346025
-0.06980086662124024
-0.03229514677739435
0.15651429159179361
0.0644448554733286
0.09275763795946695
-0.10525633193767076
0.01277801053661752
0.05771021181916525
-0.15829528240475943
-0.21623314834831733
-0.15776640518812896
-0.01972148967625553
-0.15091536979768813
0.06926970781357158
-0.10733797226595639
0.29145078158145604
-0.35133213571734223
-0.18940143210969632
0.08722163006642322
-0.16193288140754367
-0.37062621976205373
0.05559646104661397
-0.12645314901705879
-0.28077304016432203
0.3634400502698012
-0.25325716041409796
0.1867481768375839
0.3331129856737814
0.2724443467593833
-0.24393148068308904
-0.19895404772556527
-0.36779423303858605
0.3161771164681863
0.0019438951115922371
0.18595704742773864
-0.2497721324165394
0.3941553091403748
0.15385992812511687
0.12771413844853718
-0.15274354889984218
0.20221239255106457
-0.20096518740174626
0.27762341576804433
-0.42984693047613143
-0.29340775519553985
0.027074218262179834
0.13541994146063518
