98 24 18 13 1
-0.045704109333756494 0.09328916357097432 -0.22951005044039557 -0.11576564490092006 -0.16897215396620613 -0.17885290995836553 -0.10745877076324696 -0.03837747523833523 -0.07602430487829902 0.0251085233015822 -0.01943468380081 0.09791427080529842 -0.1665053795830373 0.18507942157175675 -0.21883105318012885 0.08988921640197256 -0.0728505695566424 0.08013394757614685 -0.14033015337989746 -0.18297069374894595 0.1583887085876975 0.26809905329429096 -0.05205547022882292 0.1905102820029596 
0.22503164647325516 0.10667650198359646 -0.19918860515923473 -0.2302393920688598 -0.13863555421398246 0.2361798743527687 -0.25374986657440335 -0.12023367062123633 0.13917370483900524 0.029826595363596862 0.08445386956098967 -0.01764969259898998 0.056485068358787444 0.2131139109801679 -0.2522914776112018 0.15254601239795493 0.245773565628756 0.13402402543009478 -0.09466852401870322 0.1113690694144046 -0.10065027662751952 0.026993274276722663 0.14424687085461532 -0.011723044114675214 
-0.09677162956068625 -0.17658675330604903 -0.22164827342573365 0.04970099804085801 -0.1327131799716984 -0.08083874871364324 -0.100864186036599 -0.2583277919059889 0.04624801235000381 -0.13505748069817775 0.06251132324792215 0.09903664745869906 -0.20676083455353003 -0.021278278329242402 0.03463927464263984 -0.031198992005058972 -0.24605202598644066 0.040630038635688 0.05555523914133237 0.04889301042408688 0.21865633694239311 0.009125766789718631 0.20002416813579887 -0.11977003476027058 
-0.07172950180801299 0.042182050594458016 -0.06061168085366103 -0.2355352295083903 0.11918224335557238 0.052429463325766215 0.05407473874985419 0.0658860525738815 0.0725829143582618 0.1584984377479574 0.08171262139196592 0.035941939659169815 -0.19045850666316974 0.2852252317218113 -0.0838767922490999 0.307068122677053 0.1128084060246222 0.14806117920966091 -0.16123444045314567 0.16833609382177522 0.09379803672832412 0.12291795930851128 -0.07286287392800808 -0.01309160797309853 
0.1751903681430536 0.03700475831723834 -0.22129830210373705 0.06312695309515634 -0.12891345590590342 0.031799293088662715 0.16489144036174458 -0.0475485096609675 0.19440870951237707 0.0675377768827694 -0.23129440634912202 0.18365432429170692 0.10638551631240203 0.2174407466575784 -0.12382480275640721 -0.16079506276968067 0.16538906837759762 0.07074440974386198 -0.18098452052649722 0.13942523435726917 0.12386202544290419 0.2539108197686982 0.09268484182912383 -0.0998988680465639 
-0.08377006764489808 -0.3338277605976975 -0.19759486359690143 -0.2127539080605326 0.10446456820269766 0.1596452731069353 -0.05752439429546487 0.11133334296766981 -0.29566284772881785 0.021848372043447258 -0.05080128899597418 0.3395185244006443 -0.08678650478764662 -0.08204231943847519 0.0781262232211713 0.012525196716345747 0.21006987404099775 0.06678706805471721 0.13644557554925218 0.12633117718516937 0.16387199758805657 -0.04169894312510241 -0.2701547659407033 -0.0725983306575923 
-0.15577744182683215 -0.25499664965402585 -0.1343181770344474 0.05810747791486906 0.02134405998963138 -0.11086698107769861 -0.2304253590771232 0.23835857962543963 -0.014738310451541956 -0.2079290452178729 -0.17422842759893264 0.15716880120422963 -0.12803979710224453 0.07584441641982063 0.16573156892321877 0.2026592760891504 -0.0847617028986502 0.04500723552685232 0.04616300850625947 0.12677371920030484 -0.09419369744425157 -0.13504949768713345 -0.27395143051628496 0.06471035589293785 
0.13777040851512226 -0.04938158992620548 -0.07056232991350173 0.1696849015250056 -0.007572436904338965 -0.08931524736965685 -0.016750601001953126 0.06329998974362844 -0.03311792848516583 -0.14450367433098193 -0.16986146323611573 -0.019881702313380118 0.017154661966505596 -0.09618681303918726 0.0980578040464713 -0.14445185162060425 -0.14550661464646053 0.11444004123435558 -0.11929182534036253 0.05640779166411512 0.11392615110402037 0.288337723404205 -0.10641353196181462 -0.1536910363989512 
0.08027072023677043 0.04027707194211219 0.22114936259324453 0.14947077959787602 -0.1908580424629681 -0.06652000269548934 -0.0029068971557811253 0.15160697871513423 0.17366396597048694 0.021710217265948763 0.12475206172241 0.11168102639598076 -0.061293549101027224 0.01863483435371089 0.04010129145221858 0.07246799098318117 0.2254402998407444 0.1941517890321129 -0.04041634875295123 0.1914151025039781 -0.12911977471998198 -0.16190925050890673 -0.15568120216208534 0.038828783847146275 
-0.18781727804298617 0.21091924367824325 0.12742972706557662 -0.190429357868044 -0.12611720748181374 -0.06482397249323793 -0.14406460952628886 0.11054422478966097 -0.05422027254636982 0.17111812677795663 0.022150175593226327 0.1540512926228738 0.1674265097632953 0.16181604774665997 -0.015356777640654335 0.0057852250940289025 0.1176606481066047 -0.08294546987782574 -0.003722662989752053 0.06146991348470741 -0.1902228227324776 0.028051537431222393 -0.014888457444563581 0.12166030002127884 
-0.11936296142867964 0.17290539807172572 0.029878951147782093 -0.14569539009122412 0.05832945948101153 0.0012438740674723676 -0.24006476415906067 0.0040009489178225496 0.10485930936224716 0.18684548236315596 -0.17500159520355613 0.18253072800321238 -0.11577612188067486 0.1738781777197896 0.019029192427437537 0.10129024630781283 -0.0031206733157377138 0.12799663859367744 -0.0914348561372153 0.047685669801722445 0.10133220979166507 0.2056519508635589 0.15847543195325886 0.1573510738104393 
0.08452268286303465 -0.027631687536236828 0.0511211219487468 -0.03754615605955235 -0.04240836257456614 -0.07410200007621745 0.002393691009140817 -0.03529265791472598 0.0887395006205279 -0.10642816662544938 0.2565650904029899 0.03942785903279704 -0.13047462494761014 -0.06657189453555785 -0.08767790599865924 0.09622113261005301 0.06578685732156428 0.16782983560694742 0.06279004254913202 -0.06342175660176753 -0.14687899228728188 0.12544595125263594 0.0783876595677508 0.15280024701734368 
0.11751283354120219 0.023680318889585363 -0.02257953903625891 0.13018559139433886 0.055006442428636435 -0.07763363205927123 -0.0970078592914959 -0.21240109125654189 -0.0779316591463882 -0.15005508032690087 0.20261170639740822 -0.10512284941576835 0.14221487472523134 0.1665107642965441 0.06439655354751884 0.083689168645646 -0.13656441271792485 0.05638312863258325 -0.059715353406572594 -0.1538673368636459 0.14374091077480966 0.004016736762441472 0.19136024871118135 0.25815233171762225 
-0.08445826296953032 -0.21059635839164853 -0.119478389671717 0.014517357594733186 0.05036454597659329 -0.206952963133942 -0.1465671335581563 0.19717084431281529 -0.0685387468060183 0.04001937624284732 -0.10340539428743833 -0.17621827203296614 0.06290124313929019 -0.01182785521340777 -0.14671817255957828 0.0758380073363826 -0.0030226090176779944 0.11707142043174383 -0.13867724938221884 0.08511951693751633 -0.022188776279457586 0.08207876715055855 0.04430653919544081 -0.1348721125258523 
-0.0757181613467607 0.11098006274724488 0.17757420578563604 -0.03214278338412555 0.1279320247380756 0.15324182156944713 0.053367444106218354 0.16574505370417075 -0.17100172608750092 0.1576365395006536 0.03369235141563588 0.05103170435083218 0.12915124919295107 -0.2181667102229915 0.09685159950705902 0.11417614237949367 -0.058912983325354926 -0.10205480457489037 0.05095521952745235 -0.07412553470152769 0.12558149323892312 -0.044206503024062316 0.12957033454222272 0.2293007902746072 
-0.14878768811645707 -0.11918608818318865 0.15693545356609356 -0.001643585313917888 0.15913533088833495 -0.02585577404089733 0.29692323672029636 -0.0026790788263018985 0.018319113315698507 -0.1386379949113183 -0.005832177415189377 -0.2743543817858311 -0.19099125325455912 0.06323458438174565 -0.18425609352693717 -0.0815906618516014 0.0821809121379678 0.0638137277985477 0.07380803254509719 -0.12238158284712382 -0.002873352806081359 0.09562826634480089 0.27714892129635194 -0.08317244666654244 
-0.139129322139183 -0.0751111466431919 0.09704130195340847 -0.01647205069245974 -0.17362509473156038 -0.026732505843180297 -0.12140247265673378 0.16282221547577158 -0.0909449377396579 -0.18537684111605776 0.0358935456347551 0.12342559302927682 -0.02020557378849777 0.08272683369595701 0.0042559104047624734 -0.01197916018633969 0.18673578706493046 0.0882168743415172 -0.1834846259300151 0.0714051137382266 -0.018950008951357344 0.19302496002905184 -0.10822948231908289 -0.09026222528317451 
-0.21969654073227932 -0.05603210900359898 -0.17662743734972589 0.01718305549805572 0.06939244021553827 0.13497860079463853 0.12856152472395846 -0.09623073834565492 0.12211182278181949 -0.093697463491454 0.15809662781762882 0.0892026233292191 -0.14586871390311468 -0.14416984767886712 -0.22256442493286932 -0.15466458405076774 -0.03694455191699397 -0.14851976294242067 -0.19507756472197993 0.05839791446916963 -0.011626450786927768 0.14245403223057337 -0.022698868378600467 0.0639102880749676 
0.01830198346258523 -0.05481459981347616 0.10984289825021001 -0.018529191334213952 0.1216416123174506 -0.09032556549845473 0.08532370366791266 -0.16738398437114008 -0.020190282366912764 -0.2647276310347044 -0.029560821028269936 -0.14229508621733244 0.1971984519515975 0.2607420879968496 0.09672128854106898 0.26230208591006904 -0.14764927574415523 -0.09906791854463368 -0.12158814330933534 0.013895157129442108 0.23581818600213986 0.2894836672593161 0.04471226183294583 0.15878336912155266 
0.14361632341290329 -0.04338995898382229 -0.09703221552445088 -0.13380771628038388 -0.22095345004105837 0.12545677744525283 -0.1870079352547874 -0.14520575942004246 0.10413577978959852 -0.07269110315551755 0.22284125843977612 -0.07819709651278747 0.04455114475771421 -0.03981077191939792 0.14207683160314502 0.005289056680061056 -0.024784031190799884 0.020762315678136932 0.1667158215585148 -0.2115949635162753 0.1341005272092893 0.20971789459730827 -0.14883803136134904 0.04351958484691916 
-0.07051558425389476 0.11205237389620758 0.02242715205450421 0.09817610509918868 -0.09247436496615077 0.0679500202256525 -0.10608582681838113 -0.32551703962447454 -0.014313461594372894 -0.00152590320428739 -0.010594412716529849 0.23448466812949198 -0.0789287540103007 -0.05706751389503179 -0.07567379047078844 0.24261867144965857 0.22128526018400244 0.21841803822764086 0.1591949709271621 -0.09757564203597406 -0.12533962163648357 -0.1063355566089658 -0.061762942884269874 -0.15592922394179265 
0.13682898244324607 -0.04557113870755016 0.11347789995374202 -0.129014993235143 0.07356995997184589 -0.17674826556293735 -0.011556861324842663 0.033743238088148234 -0.1187670156935188 -0.1933247868213733 -0.0293461859840109 -0.07221123888721073 -0.016161084540363718 -0.2171513627647114 -0.005497827868875394 0.15066598428264708 0.1253807088284455 0.023051383265763337 0.18681943977390908 0.21968635109134657 0.012634929833677989 -0.20999098834794255 -0.2837776817918549 -0.15620001597444036 
-0.0007292956350111666 -0.0884523635696956 0.18309820152622452 -0.13037172581831846 0.22073013921444312 0.09793436371119976 0.11643837870114031 0.011798470348080223 0.08295841405470074 0.012143939366914342 -0.23221152685915428 -0.07049656069164836 -0.01966079276708809 0.08008382039956152 -0.012000872546156923 -0.015588582093981392 -0.17728259731481916 -0.23621995860019335 0.10023195421593456 -0.08602073208054908 0.2446795954055133 -0.14266748712714833 -0.07575663621383245 0.02534196347814199 
0.11284161594788811 0.052466116396590004 -0.14652179617448016 -0.11244917116389272 -0.0024143329359281817 0.07548636780349281 0.04435572847879142 -0.13180697677889722 -0.21818124121540325 -0.01727403411711022 0.06439573052483838 -0.22504937262129268 0.11016541403746324 0.09519354809800218 -0.019441373561993835 0.1656939049444349 0.018666933714971135 -0.24968525641048714 -0.0059500379026037565 0.1137114298995406 0.14116084141854593 0.06620149714580402 0.08659011016890795 0.03148808980565571 
-0.11414594830246422 -0.036240424203029455 0.1173426510440208 -0.062429294153606193 0.12903590732807224 -0.1668932670116607 0.050844719550020026 -0.12383712857044386 0.06979613566088222 -0.027721479574834396 0.1020933747511527 -0.007067633749553226 -0.11227020760923957 0.15645887810242234 -0.07397066265120601 0.15543489478595912 0.1277876854275147 -0.10824370017885156 -0.11111902372435285 -0.1089223170415353 -0.13948291860985426 0.03124880446279947 -0.15723606496068657 -0.13550339839948236 
0.12245354314812094 0.15088047713994995 -0.16418671675998708 -0.10417941402509444 -0.14553572197727468 0.07529870243583747 0.05680068153230629 0.04560878072150508 -0.060057448470340925 0.08670350965015595 -0.02480523093289249 0.15584783158241566 0.13187020705463703 -0.045089381141405364 -0.14596947487226142 0.17947098375221357 -0.19785751132965415 -0.18212475096343775 -0.02639395802580692 -0.11805156462304216 -0.08368024017938966 0.08622296264848621 -0.14562548675205753 0.11928819873348831 
0.07242768158466126 -0.2629175015495062 0.03880245071745317 0.19008485431165045 0.044987588084920545 0.08850253666309033 -0.1806991115868035 0.13215890073978984 0.16703891358580486 0.0415124647114695 0.07354806743199149 -0.1470470078010144 0.10265440514178346 -0.15437970856427516 -0.04033069877394122 0.02588110630562092 -0.14774501561333753 0.19361557000171742 -0.05000087715446942 0.024731046775711016 -0.01979316397066391 -0.10872455071118514 -0.2680246684671247 -0.16592135795218618 
0.0685660725372722 -0.11289943477184548 -0.05508845483854188 -0.22042788839555344 0.06903322362471033 -0.16100805241234384 0.1994411864379072 -0.12571998907554183 0.01303610952320341 -0.19137117791728678 0.12382131290208458 -0.1472235916500211 -0.02771766927991426 0.08868022437489781 -0.13653741764843044 0.005180404726457786 -0.061056287319990396 0.06737587168762316 0.08633156746115166 -0.14660657724297152 0.1965189509424812 -0.23041703551138645 0.13116603962794446 -0.022543421072484537 
-0.01737865276149998 0.1150796748659599 0.08398357562109439 0.1682147082830118 -0.09719526395431682 -0.11892330681735075 0.15623970529593692 0.16342067528780588 0.068663130702699 0.09754643550526212 0.12235979694126782 0.14169581584097818 -0.11641042803748852 0.14050811610296288 0.11060106162139606 0.05888324584076511 -0.009600986219635997 0.06555429468079638 -0.19521293992488253 0.10710629945854049 0.18750010018133248 -0.13435793636609844 -0.2839734987843509 -0.14746333160813238 
-0.056689877630058734 0.1111801188802407 0.01652648605275841 -0.166178378383913 -0.1411381230249867 -0.12281636540110802 -0.0161169729816801 -0.06791620662158374 -0.06636652155549685 0.014512045522838952 0.09696066321938526 0.018502215203311367 -0.08229193653538978 0.07434951630317206 -0.10821002143893384 -0.017369964146194444 -0.022101488639516047 0.11160215482376817 0.14739088395709923 -0.01743673669175605 0.17747892124145057 0.04276687508162933 0.022287878389009707 -0.14372877282245036 
0.05309761509102887 0.15476662667889585 0.04055362759871922 0.1320448177549728 -0.03958014281150277 0.016389169842908263 0.11055789991809713 -0.179493374231041 0.01823277219234299 0.17350180765594572 -0.005032834828200373 -0.11126176452619946 0.17204586622195114 -0.1240660529214109 0.07763571049519077 0.06852642976244287 0.1536352492020455 0.09205292195878712 0.13173758124744223 -0.19327586732170135 0.2759043990855037 -0.1261157564605706 -0.07057744648228477 0.21365355636726405 
-0.19287157171242095 0.1468894167599866 0.1307906520241515 -0.031964611301106886 -0.0947136433757157 0.05441533949013114 -0.03735684580631283 -0.11854227552719476 0.21867465143134357 0.179298302196322 -0.02027436630289148 0.13397111287921842 -0.07738762209597382 0.02337481968942338 -0.07951464686463465 -0.03761323866444275 -0.128203758302481 0.18125136347952925 -0.07961621574797108 -0.17808876158628154 -0.1728228413937526 -0.2028569530374773 0.05700836478422725 0.059334554194022844 
0.19268533597353793 -0.062488148428828244 0.11346242921196735 0.04669717604454866 0.09420035701265055 -0.039407417289318986 0.016305504821025402 -0.12469166600857798 -0.041901748228138254 -0.1785460535563214 -0.03509362396110196 -0.10710704318632508 -0.050864269139318984 0.17991886564007584 -0.06940738686222836 0.19316167886634836 0.030254237814368534 -0.06378414356845105 0.1345943127451312 0.16726177373822282 -0.1010229752082387 0.10869319740865718 -0.00831828562896902 -0.07297316491575132 
-0.06552085034346376 0.12192751600849419 -0.08964244646204005 0.1628679483495792 -0.07919596395509965 0.05700278361235499 -0.017072017620252674 0.13972158208365162 0.1782158948049902 -0.12287374080365004 0.006577285796505281 0.16960447142988297 0.014091071024724672 0.1873981420001089 -0.08558377445548042 0.04217170392118917 0.014223051177534916 -0.10555791970691365 -0.19093196693882522 -0.03197014574226825 0.1810695139557389 -0.10020447261137409 0.13828283925361864 -0.2311155309287924 
-0.060969230448003536 -0.23137142592193502 0.08392154912037621 0.04699869368966574 0.07285220266633959 0.005009107974178009 -0.008824273038084127 -0.10591604703024247 -0.13630569695204567 -0.04931448830178866 -0.05577051363702827 -0.0790949844716362 -0.039003129819593606 0.1812406413297384 0.025578026693875353 0.18341187847703147 -0.05172724979580415 -0.13672994128069757 0.005415875779710543 0.11138359883709581 -0.04088356106420612 0.03549676669304047 -0.11884013533006108 -0.001034867777320324 
-0.13194044439716046 -0.15596583185980084 -0.09230187531515288 0.1445438014681789 0.10923613184712962 -0.010851350214392059 -0.013793915094207318 -0.1383116341487274 -0.027472655092258345 -0.08720799481177653 0.12323849186999214 0.11206188431505945 0.022910357299810377 -0.10646300687306476 -0.01124971818071054 0.25208759562943944 0.1351780031921993 0.07110768735551307 -0.13582513312704414 0.04943498614060661 0.06015037856994122 -0.0014119845991156584 -0.09461984270666361 0.03815076832895327 
0.1628521876114945 0.11016974518179026 0.030458957660915238 0.21333945105718097 -0.1704994555581463 0.19793030539928963 -0.23114085282490898 -0.12232083943130274 -0.04880377929059762 -0.18597071537515159 0.005498472887332948 -0.19834517002852203 -0.08118007098708618 -0.18462848854587957 0.07872925683651502 0.08630911535545588 -0.026982675428329515 -0.12136545125439521 0.09579517579371616 -0.12505860050388443 0.13719063300950263 -0.021410184912184018 0.005920540728047147 -0.18502184257028484 
0.03859837451823943 -0.027721932906508987 -0.1051639052896785 -0.06130849742009567 -0.04522339258587267 -0.015263728763172975 0.2594400652950753 -0.045894464914351375 0.1654636384405366 0.0029592569680193413 0.21847209406562795 -0.1084690600218316 -0.07358285411518307 0.13003204882351824 -0.178990074295556 0.1337182131417531 0.0029735047966084178 -0.04759091552998226 0.194475479689362 -0.17305140612583395 -0.020415664608766385 -0.1839763586577997 0.07486710138805154 -0.12442459654749784 
0.11050418014280003 0.16891878895521717 0.1304682957250902 -0.018446141669682028 0.07705874456981596 0.24729212721037266 -0.032187854266757916 -0.019027003792658117 -0.20531141873463032 -0.0573035951387934 -0.1396010007750264 0.15483062715947085 -0.03635701612461823 0.012793608967023437 0.13377575728997476 0.066724358476101 -0.07924923041165725 -0.08954745318681198 -0.16759105770228427 -0.03142502981052674 -0.1046435651196197 -0.08343275592357277 -0.026933291829056502 0.24777352432987226 
-0.15267198652079003 0.10901453749325442 -2.5812737319570673e-05 0.10764988081962899 -0.13905023553721163 -0.16311879057644582 -0.044934326132965795 0.17527973722320242 -0.09803092155211802 0.11398134029102445 -0.081150880502101 -0.1634825298075997 -0.1897480488200426 -0.07962966335552236 -0.04576078387540746 0.030512989470246273 -0.18151484376056476 -0.1757234220471363 -0.18980414752230013 -0.15091312201508728 0.0446814954764225 -0.03740558691700321 -0.11188945834754548 0.022194527426736672 
0.2539300652058337 0.03840887553239778 0.07720404541376197 0.1129891678059425 -0.18051528091426985 -0.2612715317375298 -0.021621937976873284 -0.06901124707024651 0.13649771313277229 -0.003985856406521335 -0.027471106749086056 0.24376118186945817 -0.1101394498965392 0.12934695546445013 -0.09556446010188362 -0.037601012963069926 0.02032529327864828 0.0605043386394187 -0.10874406276439327 0.11328921182813048 -0.05182831370842868 -0.0997296523555637 0.1024376589240588 -0.08404365525241951 
-0.05247122770017052 0.11265902916121784 0.009866365977113616 -0.16598727925554033 0.14610322996623742 0.1718202123911513 0.22152319259897824 -0.08369701789222608 0.09511391180789092 -0.06195736773013115 0.020946340778309473 0.12695408543928186 -0.033425674090083436 0.04122284524999139 -0.06720243885964612 0.03419039443280709 -0.1773770225185468 0.16390486114569336 0.09764543511744007 0.0690400388615009 -0.10077448744044445 -0.11244106271255648 -0.141189621614154 -0.06881794761265908 
-0.18156400890225863 0.13124175057565715 0.06576543272119567 -0.03348771279215745 0.10397889687608483 -0.026132156489530337 -0.18046268257956052 -0.14255445779783688 -0.09021676828728452 -0.0383559583827138 -0.17547343783816474 0.0061578544175292585 0.05235661432045284 0.004683448177537296 -0.02594168337776882 0.09168342801815371 -0.03142147082594213 -0.19027493046679225 0.14568220775873875 0.08045449780705029 0.1013371966782773 0.13921902316912135 -0.233060719301957 -0.10285143696674592 
-0.17105818354410887 -0.07333768997146983 0.13184124787527224 -0.16374944590572943 -0.010282460186011403 -0.14982159450048887 0.08168216198790404 0.10957974659546282 -0.23134566935581355 0.030396406465236923 -0.10114197388157282 0.23998567437234797 0.1566206366540546 0.07408958797810627 0.16642682672810258 -0.03948944328588255 0.21462057335646992 -0.0031913269257184238 -0.10255876181527522 0.2260979598161442 0.09770475270931496 -0.1704308053205066 0.12516424594035175 0.09369385428336444 
0.06913052947980647 0.06317036397268329 -0.0956205889526349 0.03862242838254015 0.12247922834175048 -0.2113023864837769 -0.14425804448762333 0.12897703473133915 0.04706801169514897 0.03748217695028053 -0.0976460451122393 -0.06657141096868731 0.14049524835695817 -0.06207773736675801 -0.17062336618462823 0.20089654762457984 -0.1622213614273155 0.15674105588783707 0.14914711653770515 0.037821364614085 0.06670840270669155 0.03334408772204793 0.03543739937336119 0.18346262980142877 
-0.06443857519064496 0.21514177344095525 0.025959376701354564 -0.15039250223464445 -0.10603292370834162 -0.02543956699140204 -0.11076369492298317 -0.14389798087102046 -0.15324680295104676 0.10852832218604958 0.10909895794798175 0.16814440747825615 -0.06320396205738507 0.10931111141579208 0.03804072979080574 0.05746495475608749 -0.15589823796169977 0.13923946841353566 0.1691588462342643 0.07976871443153204 -0.11963930750843309 0.05398741861682475 -0.20399244208224715 -0.06630924572616265 
0.29368733652552886 -0.07867889414986497 0.13857226874473783 0.04024124882460996 0.12563157596809285 0.27619527581698955 -0.0789231794000572 -0.14726537028032496 -0.02178660308828005 -0.02286445837607757 -0.14576027379470105 0.15698061087891374 -0.18198273048044325 -0.03422399727963829 0.1120720454593145 -0.12204272954942837 0.00802551016015448 -0.18787702448620924 0.1954532526836045 0.031489145259837543 -0.03671005008775889 0.2990448226142828 -0.11436146350476556 -0.017348895425751767 
0.07861474395884425 -0.1471660358944759 -0.07528228407616301 -0.05227120788003412 -0.09915854377706818 0.06369981168972282 0.12527361831513048 -0.16761697245619017 0.24737485344553264 0.08671794507091594 0.17290148779415515 0.07362497849320618 -0.1643739296546459 -0.08247497666585432 -0.020815475862158036 0.026954936589800988 0.013615880383284653 0.07402557510190219 0.07017472305714302 0.1313764257252548 0.014788055904362118 -0.14927668870398852 0.15287141317578173 0.035155168882688846 
0.1849814638338085 -0.11777181190150694 -0.12592595950382968 -0.04187862088759928 -0.06931158114015346 0.1483008689584769 0.02539564444584848 0.1095207929532715 -0.04046584518010025 -0.15663664579084147 -0.15041960544143543 -0.048885768955473606 -0.11912824092978365 0.1509733730602637 0.03829244945866327 0.09213448356120157 -0.022669403879998738 -0.16113344157262055 -0.1028491623056822 -0.01595811198530492 -0.11725196207078149 -0.18623140936817714 0.09312145642902198 0.06597470887424897 
-0.06547606454253745 0.13825996898080498 -0.02744965928894511 0.13733369058208567 0.05673394879964969 0.03949197985265609 -0.11640739508285217 0.01131903897809779 0.167885662268405 -0.0753974178141979 0.15361276402741025 0.19134988164259278 -0.06568951888982098 0.07374944500997514 0.15610271233299577 -0.189075073393728 0.15005794191544178 -0.12031858167856062 0.13641841472188793 0.08454896348465021 -0.05529511060253843 -0.13596385717009257 0.054635598923259525 0.16456810734127608 
0.14190311220451202 0.060572848912423545 0.17553173310055353 0.03453732893354169 -0.11755199986218336 -0.012730290894362818 -0.07210260120710624 0.20875442053094564 -0.06065859845972092 0.22444330703083504 0.007186942766023464 -0.13573317390853715 -0.1665667960743467 -0.04535011326321961 -0.1470806020853741 0.06858198724429082 -0.03749250813299439 0.19471102168439142 0.16837783982574284 -0.13681366313215138 -0.03895037758915589 -0.038412005120172656 0.02213176114146943 0.12985085286368356 
-0.004892357719881651 -0.05373750190538743 -0.09225499296125822 0.13177430588243155 -0.1875175583424958 0.16955118749498696 -0.12125694123731526 0.04918550572964913 -0.10426176111272811 0.2537529368230706 -0.14733808788415662 -0.09667831932393264 0.12874868509134094 0.07137068640288949 -0.0737343168820067 -0.19615699574053352 -0.09929531863452776 -0.13833626112737746 -0.11533755711109023 0.18535844239198934 0.2078649368471059 0.12223633395633748 -0.05648707661125789 0.11924553144442204 
-0.041653414325190784 -0.035479027538702065 -0.08691297146592371 0.21016636275167835 -0.04347076147493929 -0.02959299491174394 -0.09522766018056157 0.19271822629527163 -0.029844301035457613 -0.07830090948667363 0.09112797087620261 -0.15955758409370396 -0.15711716095062264 0.1189869390327978 0.0946668950378107 0.034768166165684934 -0.11335293050192555 0.05673961623391718 0.05330664337900892 -0.06657717582636423 -0.16939967281504922 0.1456090116541711 0.00797425859024786 0.0898261991759693 
-0.09544376546060226 0.052943872138059456 -0.02731371570448342 -0.04536561165939537 -0.14576915950007777 -0.09922993215818887 -0.16466138333644156 -0.08907084046675513 0.12177568023519764 0.03725403238382169 0.05761798269258898 -0.23189839574572202 0.09367706926870134 -0.016410379596180722 -0.10449234713355564 -0.15891331637443917 -0.15434112159296395 0.134230846324633 0.18946913379772465 0.20091837068504548 -0.058859750690635204 0.11081075796735583 0.03511371599855706 0.12568739023786754 
-0.006218397813402225 -0.07594977949645199 0.11166221432814014 -0.15631987363016045 0.014162263703158472 0.00738615518472135 0.019327965168782553 0.08658820550274711 -0.1652332750634211 -0.04115296349512444 0.038126090104569785 0.18027982450148788 -0.040800236013884335 0.19580414861833376 -0.036885563062668505 -0.14202946603105177 0.09025286294825087 -0.0639053017987415 -0.10959643832461355 0.2649632457190808 0.20036061136762096 0.03797713835322511 -0.0070074845889359855 0.016067494026595016 
0.09090837119311261 0.17400768323046986 0.13364933140423307 -0.12958765486708285 -0.09180729614684541 -0.21557474512556682 0.19548268358694923 -0.10233439129702257 0.04615181208795383 -0.16055168705092238 -0.12461564784960778 0.01827512231868502 -0.19228745334186775 -0.024794916159860316 0.005476510847078185 -0.054456305025655634 0.02978123393233234 0.014070643629869034 -0.04206786813167989 0.06933624852234198 0.09586670442466283 0.08578277334267848 0.010992542135319267 -0.05698543668818112 
0.043510118988465456 0.17533268092288046 0.037229772259805206 0.2133527163082125 -0.022610642001585305 0.09815267081586898 -0.18136707316672443 0.09696864938433644 0.014533328575225886 -0.1943272395449586 -0.10166260233616105 0.036076184237785976 0.104047441534532 -0.20030753737732102 0.01878804203994386 0.15406275246755174 0.06670992597051027 0.18772597722908096 -0.16650388741134362 -0.07452104561370927 0.20684728573473216 0.10662900956273125 0.042674778068343376 0.12190713395992461 
0.22230915830917805 0.17262717969891375 0.1958695144065311 -0.14062338943926517 -0.16817883190980287 -0.167009497979173 -0.19053987434755473 0.16239352407229637 -0.22625757025757218 0.10222284536667525 0.006772571389227721 0.04056590284669894 -0.05912237680384305 -0.022235484906052403 -0.09546332772696083 0.22833297363807145 0.08563145715461501 -0.18605101405055116 -0.014726960368112142 -0.08467756892404121 -0.15121408432892075 0.21530662756641591 0.07864183695239807 -0.06573222956350076 
0.15342006276331602 -0.09330903172464095 -0.07426766455619266 0.15446364142461916 0.263049325611307 0.07201555841136513 0.1792800925642068 0.15006998419422277 -0.010620563859566104 -0.060659626478854554 0.09511811191167252 0.0027472624849785555 0.00028883820530005194 0.2312545825536571 0.10639473077310142 -0.0680924293850771 -0.20994901094182772 -0.12266738918289105 0.010268601373511472 -0.031824047369023174 0.15519768060991748 0.19726424801713358 -0.17161766993931934 0.18021668344492764 
0.14807579926183762 0.2599188779587048 -0.1812633554905618 -0.173363274743874 -0.1941339916566192 -0.08034344925127516 -0.17411790507057556 -0.07975454827883878 -0.00545641671390342 0.14451816308016358 -0.008811970421105628 -0.15340168237128415 0.05731796503670753 0.1382582205620106 -0.1519295519094325 0.05776978300904137 0.09764303883297362 0.13284517003236146 0.15262803987664744 -0.045465740892037886 -0.044795490589969816 -0.1557826468551077 -0.0642371909748263 0.15219346604096662 
-0.08337468941455134 0.15936478736838777 0.152646157630226 0.16539911186922748 -0.13406825048854523 0.14833127794655274 0.05083545307255987 -0.11249490846891633 -0.059737214410088106 -0.13257217835292356 -0.021325019917462138 -0.16289017589311786 -0.13042982359170952 -0.11780369809507277 0.07384134682108183 0.028315282959111485 0.1457836940437654 -0.09908529456979177 0.04990851939272449 -0.18263915648543486 0.006189862659863812 0.1417668552270983 0.19008621433465092 -0.19249637423417149 
-0.0958556276848854 -0.13321701930305038 -0.1773860889799836 -0.19237605881057068 -0.0037449121227960598 -0.17820956826431503 -0.08584377064839059 0.05393606659148347 -0.12197590044531789 -0.08924796539326357 0.03477820288256865 -0.02276418877633535 0.05775773516374629 0.0009783052067039175 0.051307105749616486 -0.05651490905947162 -0.08242606883832633 -0.14318530738822502 0.17122776110305804 0.11701178427873057 0.2258537422209538 -0.12247934478070237 0.1583621530092728 0.2239315638902965 
-0.09163940600207435 -0.06537277842203755 0.01970213535742474 -0.12251548741676152 -0.02218948507027311 -0.12473368810634666 0.23339074471879298 -0.0023580616728346914 0.24096494577121214 0.028572099210307286 -0.0059931394818387475 0.17118346072231738 -0.1392160513362643 0.02152108587576665 0.06246597850109774 -0.025369915678252163 -0.23151927716126236 -0.002779104463245032 -0.013340895943062616 0.1711330424657046 -0.09435354521656038 -0.041750336125924076 -0.07867805848459156 0.07204940660991153 
0.20820250891490605 -0.13296250011307978 0.12518331095783264 -0.1044607677896643 -0.17320624229322468 -0.17305525886147627 0.2025856551277808 0.18223508590701606 -0.09247341360693269 0.18571615530099045 0.12839780047057775 -0.03990438137763658 -0.01222277989490495 0.04150126210715244 -0.13332108066417273 -0.1905244945677123 -0.09614177587116635 -0.1902588220463587 0.06738433373762277 0.01971646031629878 -0.08933281038795302 0.11751137878919099 -0.14504499355386982 -0.09898822764998318 
-0.08036117071380014 -0.11689447791556072 -0.1612272773082782 0.1368422478186536 -0.16112746629782648 0.06576366491353637 -0.14828228772779664 -0.19216452691488448 0.026042098416549392 0.1798967223287118 0.1614076413139852 -0.07194733521065312 -0.185556260747046 0.1362444156531367 0.11906205481403026 0.1623321490295218 0.053394469754769046 0.11312776046369485 0.15541561407293944 -0.017680131324744826 0.008399715394777262 -0.017234935218547482 0.08595990860755541 0.055706705262898296 
0.0773118018861518 0.06726902544663108 0.00220680233341847 0.12646759148505204 -0.08446429923800072 -0.0701229017535478 0.12859818105442863 0.09034480543795859 -0.1753604749621091 0.10194789066864166 0.12252119830726307 -0.10666455513145315 -0.16298634194591027 0.06444482642516557 -0.10702197356790928 0.19644358254012884 0.06819777269070873 0.14783738035316427 -0.15329743433576926 -0.16268722303271804 0.1333389828127367 -0.0008851858134103462 -0.16150127492999955 -0.04964764970865355 
0.06646552090076553 -0.12081404695631193 0.154710069166178 0.21576989370808244 0.17555890247054054 0.08914479805314048 -0.04480967894859516 0.12444920260219258 -0.0775672655731075 -0.07171306876312057 0.040715204628502366 0.025933066564304455 0.18532176953508753 -0.12477933072046851 0.09537779504685659 0.1787097097566703 -0.24154862027237126 -0.009142009611357436 0.060577020570219055 0.1700312854553518 -0.15768499225544566 0.14145207723683978 -0.05224930395423879 0.15704712635432896 
-0.1853344215118151 -0.18598971686302326 0.18899562722211652 0.04211141245586943 -0.03161948656450406 -0.13256678745919884 0.057698991307051875 -0.18161917476262102 -0.09277549587103838 -0.06817359279742322 0.04131361557312677 0.07509473693571053 0.1440882976803318 0.17614463296636892 0.06190844395442505 0.03506249833283449 -0.03594133848000146 0.20481005699824054 -0.13489024081304804 0.16704297599092893 -0.08704968996922115 0.03541874483191799 0.07196993839255734 -0.10230068424070936 
-0.1294707333340691 0.001774800707729811 0.14968461587883952 0.08555199000018053 -0.14885080641723755 0.1945554582587039 -0.007745062395034091 0.19706993177167642 0.025049694752746036 -0.16248001580787674 -0.11572128659190055 0.15746667782618584 0.07002950176310616 0.15729003958754828 -0.06596204412428992 0.010709068377455454 0.06555268234722585 0.025375665775124755 -0.10427377108727812 -0.02807460928782757 -0.09771659077519515 0.15428728677907477 0.21498470889336568 -0.1697670749593217 
0.12727874852650808 -0.10777812745448352 0.048288832546048883 -0.09377612730789811 0.05822794498238177 -0.04961533298160081 -0.1076239497093246 0.14984994706488303 0.16342337095202986 0.04367972685443456 -0.11097859877526035 0.2266787498475827 0.07893591219630078 0.12971170087251868 -0.11206314951257378 0.12863532253287357 -0.09867467924390738 0.05069012166565508 0.08155743121644143 0.07484677742695767 -0.016628307049680192 0.14621223740623712 0.14572655781154048 0.03357034408014881 
-0.16024067165259884 -0.07988378997514399 -0.1543146515877188 -0.12749198590485497 -0.14588159642116766 0.05773460624271473 -0.18064242766892774 -0.10029626837951158 0.25096205810565775 0.13290274056901552 0.04053156383216796 0.12895064545258733 -0.1790232231943557 0.1132137824870855 -0.07293296501725728 0.05010076642379008 0.05378087924128396 0.1039525596239738 -0.015867131248346256 0.2739548596832195 -0.09386916856867196 0.10991253696468745 0.13502062958991823 0.17932409661892518 
-0.18335596414934457 0.08721505299468842 0.025136523746777294 -0.0028931790163555424 -0.09334823807696507 -0.06686545805252661 -0.09718506800734454 -0.10908375472720255 0.11656092604137831 0.0009142853612655947 -0.16312388283765586 0.10760489142591116 0.012874137904592877 0.09280028047223407 0.00588200046861832 -0.038454182561987925 0.19093770830239037 -0.18512143024908345 0.16950096672498016 0.16873749017347506 -0.04194849409011219 -0.1109797476408122 0.045875096475349236 -0.12541346706252557 
0.11796369352829505 -0.0954259745768692 -0.08095178500689952 0.1627666466163635 0.1575771746244182 0.013538378334595855 0.14161276243675988 -0.05685020366887225 0.1956137558858253 -0.025427728593960346 -0.07938267643489301 -0.179775566926725 0.19232761296944206 -0.013435375686530852 0.09091311167421735 0.05425993293534834 0.08640148876762985 -0.17595481950292885 0.164416436708944 0.16713258026360064 0.019918755594379115 0.18197639668410834 -0.08481316337256459 0.039263831300780316 
-0.03980203046786987 0.10769494113158166 -0.0771040596079894 0.1942079070190371 -0.16848117122917802 -0.17965399543372837 -0.176641510875355 -0.13632946861379078 0.005584919401064176 0.15097307923539127 -0.15210898933409484 0.014533235327184285 0.06355532652052477 -0.11407504609422607 -0.11740708537745213 -0.10856040596775994 -0.17887496892995106 0.08250756272009689 0.05933072052940965 -0.021547498806037332 0.04579923974428265 -0.1524356002372008 0.24546336304424557 0.1355676262554508 
0.06135434072847976 -0.06209476281366682 -0.032030845909984784 -0.014811345943826654 0.1705089583234212 0.1664780463871231 -0.028287055250504265 0.0162371983542496 0.1562395554410969 0.21051098037600202 0.05362904071188155 0.12130847204993071 -0.06273304900635605 0.1724165711833605 0.1312511960104702 0.019942151982436804 0.1755721273125516 0.14386344186204367 0.12002208128113001 -0.14418556987693715 -0.021296913339678612 0.18999316492373153 0.10767492775782218 -0.030430505241503886 
0.2091453188080882 -0.10977398821122544 -0.06422081415216363 0.20561606434689367 0.12014237240192387 0.1612629311842624 -0.19180676683293194 -0.046271541050548814 -0.11208522971456501 -0.07894289885194768 0.09225310712685984 0.09673761012203858 -0.01381597195811776 -0.083142141962555 0.03251667475386736 0.012896641549689395 0.02026096543046693 0.04305133855999081 -0.04011725629933147 0.09731554973896123 -0.09650009370305639 0.05892514777793003 0.20731302056209458 -0.19503531900141172 
0.06217702156974555 -0.14470940632339888 0.016764987837196536 0.04886348499856473 -0.09974944651171536 0.15284802928289004 0.07539283801687517 -0.10418241729175012 0.14422294328132204 -0.15421714024045372 0.02116096043065091 -0.20028443717886502 0.06321869368058604 -0.14360220696353207 0.05762823705395546 0.0835514757780135 -0.014496935893435734 0.05010586460950963 0.12195452182601677 0.15463459942097704 0.029721026441962232 -0.032623230697150715 -0.02231494124058179 0.14237169406228764 
0.07519915074813677 -0.1320622482280577 0.025205048772307965 0.19417755818453258 -0.13623614518830235 0.13806659851149447 0.1573534548824871 -0.009693874148401043 -0.18137510223651993 -0.13750232326289868 0.1996136590894264 -0.21547796180370068 -0.04909064252124169 0.03619154536222067 -0.11790190273190654 0.19725319377189518 -0.18357895833070398 0.01518768317381075 0.04540902401971058 -0.10446022008718127 -0.030385501750146482 -0.0034341017003633755 0.13512750266259396 0.05172333911383393 
-0.012414303254939389 0.03233438776370262 -0.01785397979155424 0.009831743276303985 0.06117215492495845 -0.12413668529264536 0.10775633630579518 0.033211527023978865 0.20006834210311358 -0.1078544735645073 -0.012906525047104567 0.18741550213532193 0.03898784982901157 0.11274886361557031 -0.0331492876453146 0.09313668973911747 0.19140077395994512 -0.11662145693032348 0.11960816286943321 0.20875351046393376 -0.19061017943369676 -0.11068571455270915 -0.1494866624771117 0.10688688668698629 
-0.16391220971735881 0.19944379332940365 -0.04245462220296501 0.17364850544888533 -0.12121371692221643 -0.022662370914913237 0.1358176021059741 0.027004405944001508 0.05553673812631637 0.004832574716801703 0.02834715393011608 -0.010674924043031027 -0.11924250025017656 -0.20511478231263158 -0.13602249436659133 -0.17540215110826118 0.04425616647906273 0.10368778883866996 -0.05428832902176443 -0.16627227361664187 -0.02580398740205559 0.009188435284441599 -0.05085415187994371 0.12093619790522464 
0.17355846141990616 0.18535516540451588 0.07891727062541995 -0.011360471099155169 0.0705859459330514 -0.19107222028518886 0.23471489029756634 -0.1277496995487092 0.2013595591301909 0.11524630634274906 0.11453331679400207 -0.12325794916972492 -0.10912878710978455 -0.06325117016576767 0.14247854141737337 -0.019005922809318378 0.21911659476328288 -0.05679310153761251 0.04594445935013331 0.17739923241309585 0.04225565277380606 -0.17820312944259137 0.005545850521245892 -0.06377587455501448 
-0.009918497120851496 -0.08051046975067412 -0.1475415046731072 0.06496147851592331 0.0700631729360149 0.12047038558375842 -0.14351374074047682 0.15320657703780127 0.16566138296609798 0.03413673806617999 -0.11474932816820053 -0.12614658357260622 -0.015435519150425356 -0.015416950553703191 -0.00862547244475402 -0.012448874994879 0.1131716587400025 0.13640237097806204 0.12332453441793259 0.20248162009580573 0.004589717100613792 0.18545902800095898 0.06604573201829801 0.028952130783158454 
-0.06980636656972246 0.14763545528689914 -0.17561249946824237 -0.14265257835321618 -0.14436487818747706 -0.010768158410864755 -0.1264594605332829 -0.0612832435209912 -0.1314634624865819 -0.10337850854325377 0.272746676417806 -0.06285365590098069 -0.13608342249046956 -0.0521094128341736 0.26590351808818097 0.09453391317705645 -0.12964030240772276 -0.08367126574703608 0.10159137391098992 -0.10071925831451853 -0.09530857716756973 -0.16276579015201165 0.22829948016278084 -0.01995953123218509 
0.023685612771178033 0.1314897665414399 0.11530700043863713 -0.0201097774602415 -0.12297546009231461 0.12389382833038856 -0.18401611495154627 0.22500724390832838 0.06459816507788343 0.15423491084648966 0.041748709539627116 -0.13792896312052427 -0.05515263067527207 -0.04984113126279495 0.2314693986356477 -0.1228297246618411 -0.02097855462530649 -0.06025434093057143 0.10474220170038538 0.15939282138308844 -0.056041937691718925 -0.11506536163630822 -0.16955961657861207 -0.1172295164585716 
-0.08816980801727622 0.03796477104028138 0.14568831665062915 -0.14516519532334504 0.17968057179594474 0.07077065389237232 0.09381303651121782 0.18958597740843416 -0.0322107362457717 0.01208207794206847 0.06922473324705528 0.004918762172256943 -0.07769897362178786 -0.1542659477388795 -0.08325387190386478 0.10439825048714198 0.054250244495678675 0.11722119948430243 0.006542642058589166 -0.10402264868828423 0.04926947629159402 -0.0757841216654248 -0.18460546736615618 0.15774250391111908 
-0.0305630977451706 -0.03463253384395368 0.12746781051415917 0.19876566750825536 -0.16738975252675445 -0.1267222677826034 -0.06861152165065906 -0.11168133707937866 -0.0005669546717542367 0.12637711200488053 0.13808833255991185 0.04318699488672841 -0.13123330591969387 -0.15563148067375496 0.09437379544901159 -0.10200740629143051 0.01651595948985314 0.09388693140732034 -0.10554081792510363 -0.12678895532742726 -0.18051248307377687 -0.13969922679957233 0.15517995871126364 -0.1545645123944133 
-0.10735665684238556 -0.18331051055124895 0.0681095043335923 -0.10417908647285949 -0.03317958367470863 -0.1407618085410116 -0.0472595595986045 -0.028993844204294576 -0.010338783571627482 -0.029609293364742297 -0.15531397521962795 0.10586786104721123 -0.14159487451517636 -0.02904980141527985 -0.0883443942120644 -0.07695704155795662 0.06657335829996952 0.006797552187845655 -0.12061630304863738 -0.011806849449059317 -0.06190899090346182 0.07911215981329116 -0.10639021401837048 0.1345199237309347 
0.010030215479079821 0.00023648935478577164 -0.0955235331625972 -0.1221724534648001 -0.010777870136072898 0.18916182706566315 -0.14330499377082748 -0.08383009331890072 0.11694854357447534 0.06359194526582232 -0.08567497344130502 -0.07162303979460205 -0.030725673334902285 0.03951155426749345 0.08492859080408027 0.1394108474261155 0.06996619460160124 -0.10209880361893746 0.16668456439632037 0.10926660763481331 -0.07446357846908493 -0.0754085018048239 0.14890722463497397 -0.14602186498444653 
0.05140482607915719 -0.08608520357982209 0.12746336202649064 -0.0521879260815258 0.09043430660096483 -0.11969396113746211 -0.007091209999514624 0.11811653269233982 -0.03959864078142511 -0.13191533956771595 0.057439649865520234 0.098282242009723 -0.08511238420892772 -0.018628439269854222 0.15659255434617012 0.145251382125551 0.08016585107950304 0.03491502343919491 0.12357335542866767 0.15946398021213598 -0.19545624639859985 -0.03950593173955618 0.023540646331734496 0.09065311128526399 
-0.16141332760833368 -0.0159821933601617 -0.08533653310732528 -0.029351535291080734 -0.0007716291772923448 0.036261211092051306 0.02970645955189419 0.04054674864476587 0.07171544603337694 -0.027492090533272583 -0.1944639504365478 -0.16650187119411103 -0.07695612670488679 -0.13771065884591974 0.037916406429776964 0.009193017450224505 -0.016463065892876078 -0.06920057985580919 0.05910405114477675 -0.1205385646613702 -0.19410039982068486 0.06730973050103825 0.0034776408137489256 0.05596386992689046 
-0.11083671709394047 -0.2582472719394112 -0.04691379665566715 0.08834560051366486 -0.1552893267745415 -0.08425479841336565 -0.010720494442574937 0.024472373513998013 0.09437290402616047 -0.11076090522480632 0.06371055292802848 -0.01982823392741995 0.052498705488132166 -0.12457806050463179 0.03905043453777449 -0.12558776341619926 -0.21054844337303535 0.006845226034387937 -0.12295557412353608 0.07020007131513357 0.027097839873552947 0.14271221241001644 -0.062172616183704225 0.24850679939880088 
0.014139500284963556 -0.029768518516955434 0.0967541074119746 0.03965479840223914 -0.05298769656905311 0.0017675262203391716 -0.11787148953658454 -0.0520620549426033 -0.20120303176128837 -0.005942519525881361 -0.0929338503428333 0.020203525035535595 -0.19406179022371617 0.02153360691622525 -0.08009319338213626 0.02726768685471084 0.09611193685507037 -0.03032983228001992 0.06296038423044012 -0.08594317296058177 0.23004389056182006 -0.1286078039303642 0.2010924153279283 -0.15260898723555433 
-0.021179573541445413 0.06622746889516275 0.13711185792230418 0.05118428397585203 -0.04407387951010898 0.20715640558345663 0.08936643858033619 -0.05602735015842963 -0.0783023308472396 -0.1699811669641504 -0.08281571551543185 0.09210391982731904 0.10897381441882147 -0.08599233142263411 0.07377764445538258 0.12572154887428644 0.08157275284000595 -0.18450349464014357 -0.1378023371469981 -0.14431343953911854 -0.12001625614245606 0.16029856766149736 0.14858234636964834 0.047885803455814904 
0.016525571073068925 0.044523036521893954 -0.0764977909235838 -0.05132992757542423 0.02875366005656194 0.12034072150029225 -0.1160637841089432 -0.06659488676364758 0.09418929006041975 -0.061371519334374375 -0.17735671124668367 -0.1339859308080614 -0.11912147900723709 -0.0018661761355298731 0.05205132045830483 0.14852953479639472 0.157425443301664 -0.07454989665317543 0.09830360099996004 -0.08423569870146996 -0.0506133758422236 -0.08019947041138197 -0.033141342782167446 -0.11088071321100104 
-0.0005994579908449333 -0.18056163237544504 0.17721582088728494 -0.017573065495402752 0.176071468158142 0.1932133294146459 -0.11840938482222724 0.02209220179308997 -0.032352206490730354 -0.081454168141863 -0.02239888335627501 0.17102001924139296 -0.1385886549596491 -0.12644004190546942 -0.12675226474855378 0.20805467787022494 0.1961155658921075 -0.005184667727871758 -0.1433442777298892 0.0527001809468788 0.1070135875559256 0.16686866749335033 0.07198961543954803 0.2498091670847086 
0.1326987505087881 0.07714767566778619 0.07501106097535566 0.06942998692287318 0.13785251570289095 0.26696704532882615 0.11455145549305688 -0.13810957474316488 -0.26934791583952444 0.2413294198351819 0.009338124538853139 0.09851137884014073 0.06698960115043526 -0.13070085568594053 0.12258726797919664 -0.13750199953298903 0.1450493305283915 0.09539819788371794 0.04704831758955287 -0.00020967950698969062 -0.005965930567101088 0.05722390211151166 0.102897511979533 0.07824375091772366 
0.09141398519020846 0.019958082237798543 0.1852745719175891 0.09403249679603244 -0.05592820458732792 0.021403176048482422 0.016315283268863758 0.02667068771360496 -0.05627779320788767 -0.24931941620966153 -0.07359664742884804 -0.0912432521450092 0.22506101172765058 -0.13257910257832578 0.04864721214099018 0.0173185615712546 -0.09562098702553161 -0.24989557881012725 0.09494135432225995 -0.11412650912141523 -0.07173207061883916 -0.1338613900068918 0.13352345679349922 -0.16620945104610632 
0.019109529226361666 -0.19026758043876793 0.18964949942773418 0.05997482329067359 -0.0528166082989494 -0.13780211823883012 0.06883470285153118 0.19629546882852641 -0.06421260625826793 0.10346777442995739 -0.08224806892080516 0.18660977982258722 0.1071440798313698 0.03936414694841157 0.16137262707486552 -0.11923640905533871 0.16737979244892562 0.06878348346140564 0.10538767530867653 0.049607710846706496 0.1261036579840797 0.0714804261817374 -0.1378574365383385 0.036324177950580655 
-0.19967912110377856 -0.048228819182900846 -0.26454429085255987 -0.15284715736981117 -0.32492852149878626 0.3292093833818455 0.02192241621472437 -0.11989392933484268 -0.3167021982864425 -0.03725639893494094 -0.03103606079272269 0.37249836573927136 -0.16854610432174982 0.03532567297451413 0.10938777694920745 -0.2106456721710585 0.008897237389525178 0.17257981218003948 
-0.2740318795552148 0.06981321519500382 -0.3740664705635409 -0.3709877338682108 -0.2981104740836833 -0.01212670751472543 0.32830115186337594 -0.11416372588977973 -0.3120273945225774 0.2637398813946129 0.01258287972831866 -0.14093945210917277 0.3527158510645258 0.3424298995203378 -0.16000835461990012 -0.20005520424873705 0.06401799930073111 0.26609340445131796 
-0.1777717794687611 0.05678692268791078 -0.2523299789543881 -0.20471840445370726 0.17455889685772208 -0.2353336689343904 -0.2160862780100941 0.13670187712273288 -0.3291151055528945 -0.29533370446249746 -0.14132974428013811 -0.07241108232748929 -0.04673358715804064 0.1723040885881128 -0.3145238060414438 -0.09356846610024455 0.09134031124353209 -0.3216413509405578 
0.3245315024282007 0.096222308428904 -0.26562979236748596 -0.22208845982040937 0.16376369919999298 -0.06353373115656724 -0.04556986329074142 0.24917437217467134 -0.2440694369948753 0.28663601252254606 -0.3098858783432581 -0.370414883606514 -0.25979571812135493 0.29590442447062704 -0.028856951525418117 0.1013792963292841 -0.22277521293864352 -0.1836856909139892 
-0.024090534996431233 0.16022105301777 -0.013950405727499714 0.2489466304557418 0.10618950040064823 -0.16744987415021856 -0.20780576632426861 -0.05989968912475268 0.18713613737442417 0.32218386944120525 0.2641685621251895 -0.19464291303034253 -0.03243944743279876 0.05521519692152969 0.03063688699243864 -0.07293640585431616 -0.26900136291762644 0.15201123785750667 
-0.38726476659480935 0.24650215066563885 0.28632551932835454 0.12181391668917155 -0.008845674257437541 0.13230688781512343 -0.14563993879620638 0.2353788429855554 0.2091113182975482 -0.21184354932088942 -0.12044326823857147 -0.06253818991772189 -0.02772132127648348 -0.0012728557511667003 -0.3105429835963193 0.10589227776900623 -0.2155547315247051 -0.11805186174280488 
-0.028039909410728286 -0.10005167750738748 -0.10939457896686146 -0.21453168100108527 -0.2921240189665459 0.03354660641620544 0.09099755513707462 -0.18119892260383236 -0.20345895215059906 -0.17399997075969972 0.22589688119690862 -0.282989578304866 0.07229685555403659 0.06809620533186346 -0.10361464462502501 -0.0987832042120059 0.343321462235061 0.05312042450836571 
0.1620093833835816 -0.006030524718015214 0.08200980800513082 0.06024094045623255 -0.2387320917165404 -0.10948942829858704 -0.02859531922612691 -0.2646788107869651 -0.09043548407489141 -0.2308819700653016 0.2469080118249606 -0.15269802211905367 -0.24097898004709117 -0.038641545791597794 0.1214434075852002 -0.29386907748343416 -0.2286590572872365 0.1822825341753785 
0.19195962782581952 0.07762273291988138 0.26351639422085116 -0.2560279386799947 0.13528451379524262 0.2819671946754364 -0.24796580574494953 -0.20959116741948644 0.02730882400006796 -0.12858525827776837 0.13593524381827712 -0.33853533509599626 -0.23903116327307689 0.18091026788819214 0.31913027010300565 0.2905104823005486 0.2955509726346886 -0.2724235433304598 
-0.3160536330885266 -0.28924808982650024 0.01662884239142388 0.2446688584237141 0.020760497060931124 0.1884845942049038 -0.30699941955317184 0.22077224571776694 -0.206127081044902 -0.27480757424875074 -0.051538797219642815 0.11010123096328249 0.40507560990998964 -0.37275205721862037 -0.1505608797181776 -0.2664457118730558 -0.07727381234439613 -0.22030027525908039 
0.059930011250748476 -0.10036717045825028 0.31911524388779744 0.19412029597014754 0.24300220428425595 -0.2495584526333537 0.044012333053810776 -0.13283275493015193 0.2621478707125281 -0.4000628845775262 -0.26600408579432094 -0.13803045808828454 -0.08514126804323874 -0.12234407070605592 -0.27271753892034 -0.25700928800236367 -0.13421875134427022 0.3841546770886025 
-0.23597473635072053 0.1649772235314564 -0.18180976862087236 -0.3512256838605396 -0.3284419993663175 -0.23353524157319078 -0.06649470396400048 0.20495626726334779 0.1636603230113754 -0.09760422953392718 -0.011478869482510616 0.2570047420709381 0.2961315952265152 -0.13813212861364307 -0.3366855620793707 -0.3068870241209314 0.1670445449173443 -0.18982976562465664 
0.002390586146607946 -0.2064771510169021 0.23607189214899502 -0.019716310452120526 0.01772623950621939 -0.14095455865735682 -0.04193770862415971 -0.43732639770617665 -0.15758275141110537 -0.12737862749348192 -0.1437531609224969 -0.31949910857689323 -0.024800220702184673 0.22686606119367833 0.2995916083988322 -0.0017636121367721974 0.06164751306947395 -0.14328375578953081 
-0.27962925076625816 -0.24791957226881542 0.14647877968840714 0.1401398047776111 -0.21518892589584546 -0.05679368581835761 0.049342539890386644 -0.25282063622052114 0.21446510379716505 0.11114875896312122 0.08267716158195895 0.19485516570277442 0.40640623623117045 0.04407250617320977 0.2453543011665767 -0.053381436230854895 0.10806261603241035 0.28665596756525663 
0.1642081380604952 -0.1308008030802187 0.07908497988129035 -0.09831284909285364 -0.11778125541159333 0.07258997322946957 -0.21624561851807972 -0.00346521891322598 0.30170608807099414 -0.12967631920633393 -0.2085840508772944 -0.07622061197365791 0.21875376111083292 0.29970016237280656 0.22010887903582543 -0.33164179219295764 -0.16889540950963886 0.41892077315281756 
-0.3114634186890399 -0.006454755243524827 0.19575516420209219 -0.2545985393133881 0.10753216559297223 -0.0077651571316712555 -0.28121001295997883 0.2928226473418341 -0.228553896914468 0.13885858085260874 0.1713848101523111 0.09537755117735043 0.11201777204031393 -0.3017850513512908 -0.12745114858989778 0.05714024868355084 -0.06881551628026969 0.07942008613866607 
0.22221732308637743 -0.20771920690904605 0.2954907372444478 -0.08828169756861716 0.29995785317390516 0.07737459248456213 0.156835267593323 0.014615178654970236 0.022097531744008282 -0.07220252585766807 -0.24965264627109335 -0.023664758768836572 -0.15522387127286166 -0.40992810976018196 -0.14990311284000168 -0.21434608516188247 0.28012731076196706 -0.38329671513633173 
-0.25251804961517954 0.13561138590633684 0.29777021091889877 -0.1658362915436268 -0.32477378914848504 0.312071814519463 0.09080097031704994 -0.14477033799854744 -0.023144796936187387 0.13096005016102186 -0.08321565087022818 0.3436523901482334 0.23046173784430446 0.28972351276037545 -0.09848243226608275 0.29581503236411083 -0.013629966111741408 0.03897021759654916 
0.1539431529947132 0.20741714820694945 -0.06828607064670147 -0.03407156090880762 0.2128704762232326 0.14477583156960647 0.29445168534054933 0.325401937919703 -0.2154891521642521 -0.17685524617507883 0.14371067027259776 0.17452435933516286 0.06412528759054698 0.24986711602941972 -0.1654739017905024 -0.10625716662546054 -0.0034845875742942705 -0.13158656024550364 
0.03849792953040267 0.12104811313868023 -0.20687658258602376 -0.03237664171458325 0.33475902319173856 -0.11657176719369049 -0.4589900513530473 0.19807255572119437 0.002042304763029129 -0.325381389529893 0.2781867887238942 -0.066213731030634 0.2935003699097733 -0.08996295372601662 -0.28607243518853553 -0.17003239569987325 -0.10912207798530105 0.1826112816355697 
-0.25539038292469407 -0.0452666446377306 0.2767560724955934 6.673862079058135e-05 -0.26779912646392573 -0.3225233802999785 0.10577608520701051 0.4074502228180993 0.20614849971397275 0.21576394438965404 0.11630817741617872 0.2631014123157511 -0.31546410257687013 -0.18795548663667913 0.12977205031926214 0.24713166098559344 0.1355079367126091 -0.27500610403023756 
0.33082969059250106 0.27233020504032646 -0.3517953000041332 -0.23968403971137475 -0.14969522334718466 0.15894083865818537 0.22772588216111606 0.05789038189926864 -0.2070659052931076 -0.06571656882120915 -0.2606333556842888 0.3441197785957502 0.20191483252989692 0.03492884810758712 -0.030367586897183746 -0.2714833387574977 -0.1202701127133313 -0.31085243921633987 
0.22990266575409368 0.02935422734608019 -0.22499508200911225 -0.21566746597474426 -0.15975034153577844 -0.12688656201956555 -0.12473299065630941 -0.1753371995922552 0.12214725153029947 -0.3585142133891962 -0.11391156913663336 0.18276144395151825 0.33828323426009366 0.24466762428975095 -0.17308419593547683 -0.1784836232445345 -0.2329370104100487 0.294373401036665 
-0.26215144502840576 0.17240672005209629 -0.1630911926613854 -0.31654701391684686 0.15556521112349428 0.15064229962490755 -0.4062928112611087 -0.12407422993285248 0.3255171307133354 -0.2298343244180803 -0.2847841067331915 0.10241233222260916 0.3117662062603206 -0.28760690052998694 0.008478161453634548 0.12207434743221104 -0.2203614108449673 -0.3997582621533441 
0.31617734654852947 0.07463639553207825 -0.3080144840803697 -0.3106623105438511 0.08987163226096981 -0.24197723877585825 -0.24989777579576036 -0.30352367840532196 -0.23600189970501226 -0.008303470691531692 0.007486924123150977 0.008782549374022322 0.46088104317072287 
-0.29161715896023205 0.1997585238998341 0.22983417447873578 0.06500109336276577 -0.028360522918181908 0.31028240966613024 0.2575105128973037 -0.3561010455773049 0.3669443749228028 -0.39123267581085613 0.055921425962246314 0.055380231367397524 0.2625075083823048 
-0.11179086105269265 -0.3368460233812834 0.015048626016875184 -0.4269093684740431 -0.11527832770800141 0.4178404539367173 0.3241719723138848 -0.3136557317492139 0.3041162897632642 0.21224631749265507 0.3385664023694381 -0.21529889161967666 -0.027843569481868488 
0.27040256587949024 0.12934952380372483 0.07201330034569516 0.144436619737583 -0.22164113743820985 -0.3688701539027836 0.18389032110634174 -0.12347312897823014 -0.09706300832256766 0.06982809152893724 0.12135718642839821 -0.23251765292625357 0.2454329523688547 
-0.09211607450315955 0.10144381693851914 0.3697463995158471 0.049487399233612284 -0.10875255232694991 0.09147433093930052 0.001358062458447909 -0.036297052804982355 0.18071917166966336 0.33555516283725906 -0.015741320421175882 -0.32518679687361035 0.053238152092925296 
-0.1988641797905278 -0.3648508571272548 0.22533018702797436 -0.17671360263003474 0.21646317981907232 -0.008942971478432465 -0.14095302067934348 -0.1440384148513801 -0.36285163517398483 0.02617214935522862 0.25378209696555876 -0.3287130652313928 -0.3086709808575578 
0.10610397867723746 0.11639231067817406 0.11297093548813841 -0.18326702168260606 -0.3883168442633911 -0.09416235158476827 -0.19402033577327302 -0.4639273498362692 0.17190491355604334 0.4307555164803725 -0.08359333777158834 -0.15488550947846536 0.06544345808792192 
0.2525033937032637 0.23083328550698523 0.10422706247739008 0.019780915890839898 0.0925008803623464 -0.1702168444828675 -0.12686778497779697 0.32324888252871825 0.32200882821519755 -0.3567418945895358 -0.15823714551893323 -0.3921584633683713 -0.16827457263596185 
-0.22957955443263206 0.10395929929213071 0.14959732509424728 -0.32573434029796744 -0.34364879336003934 0.33699892185829 -0.09818671848622625 0.019568613766994713 0.3928559247350187 0.19405575519931167 -0.1349590403229477 -0.32712337640790207 0.03043210758372849 
-0.1638633760229002 -0.4160455309725789 0.18047766447500288 -0.06976266839379304 0.030933064019109644 0.2563762348818226 0.40513402359848666 0.13387153571184446 -0.14913181486121269 -0.34395567052608916 -0.3368345668250444 -0.13956907165110308 0.10966449271366017 
0.15128771052685863 -0.23672670749229313 -0.32960766201621694 -0.13471749664675003 0.016486968610104936 0.23141700191999887 0.038911337237060126 -0.1498351685279433 0.09553698931916323 -0.20832419388317577 0.11784695506188488 0.26857259887836804 0.08944146959681201 
0.100907152510221 -0.18301034354492074 0.2689474476257162 0.47908504380036243 0.1953162445726131 0.1136668513576684 -0.2846372721424997 -0.10333025632973533 -0.12204078974378584 -0.1965264089092908 -0.04122734485914629 0.08498138951658622 -0.3034193193560498 
-0.20540378010943564 -0.3378996677913628 -0.21571859890170075 0.024702641761103816 -0.03616106511197605 0.46280034833374817 0.4357150211856842 -0.0184986644845132 0.4292050136693301 -0.24995317300627398 0.0313138586263289 -0.03548492524355099 0.38403598816885737 
0.27983945441327507 -0.253797193684615 -0.04615794255841155 -0.31494120021800176 0.04773972994144347 0.23485061148398167 -0.4333125599729674 -0.30041590975491095 0.454691955755406 0.43086605942060596 0.043182510068189885 0.11267018367471482 -0.17712661800358984 
0.3580457920411992 0.1312702899500695 0.12893590593311274 -0.3881489897255571 0.2775141486057618 0.2174683629384555 0.14320930903872636 0.18749177903081182 -0.26980717524890535 0.16999825393306678 -0.31820504745581374 0.1606228073488299 -0.39509180726906823 
0.2157711013967376 -0.006400453033969676 -0.23132357648256108 0.17831487103530683 -0.1427531086632438 0.3024862844465076 -0.25073477533727495 0.3469968767423154 0.3732944567524539 -0.151574430411108 0.2852088317283718 0.2687994782808559 -0.05766205918585695 
-0.10695386356964924 -0.17028640274181125 0.39170528140825794 -0.2372726671439667 0.3789410784540036 -0.0875908406196781 0.3439524894176603 0.24985708780895166 -0.28334067834245014 0.08969430366572119 0.13420552285654447 -0.07220205306075086 -0.40117073206462445 
-0.16491634296410768 0.27004323807788716 -0.3458759839466362 -0.34039695912116297 0.1699255807277769 0.01905538265482509 -0.005201783474738756 -0.10411780503416361 0.11431515033271804 0.3222357301712983 -0.17341321098626286 0.27088391179186233 -0.07995485408665506 
0.20871401907695722 
0.021024323265534748 
0.43575467260657996 
0.6766350682183533 
-0.019716702773018534 
0.375611885581213 
0.06384988005376524 
0.30325422425853926 
-0.3700076425726062 
-0.5397839934722846 
0.5731432468506632 
0.3716398693689097 
-0.2680721930447923 
