98 24 18 13 1
-0.018472352118437188 0.06775359495466923 -0.21574464694707923 -0.09158272391142587 -0.17204228530970878 -0.16760010065828063 -0.12283920279940223 -0.03267692819899519 -0.0705136783201262 0.0213356281981135 -0.034889891295665956 0.10466269361100208 -0.17960301026407416 0.17229768334986093 -0.20546490240778403 0.1005950984969281 -0.06505857196163817 0.05602338841329417 -0.14251355201048213 -0.19809396872970633 0.15062841595258766 0.2697564734947999 -0.0692593498615519 0.19267028977769932 
0.19993848460412875 0.11150209081579066 -0.1775991388773726 -0.2284925173870399 -0.12142988727536481 0.2207397878606346 -0.2606235267546983 -0.1233433605058164 0.13380993700010682 0.019011623945474895 0.087385619900232 -0.023485236855518586 0.07545964257086324 0.20909581986543108 -0.23715515962840727 0.1393147889605523 0.2623577743298066 0.10823666398577983 -0.097643070303405 0.1462913309104775 -0.110378226265318 0.017303344905584984 0.15433013775033652 -0.02418167968070863 
-0.1315124913628207 -0.17902982415193436 -0.23382918013570314 0.028596224889692407 -0.14035305373401702 -0.08558734871214536 -0.09473783049760194 -0.2947464716585204 0.023523011850669618 -0.131760525587241 0.06661829217546486 0.11799268876734269 -0.2269293351857597 0.01150112129586895 0.055306822195544135 -0.015087657205531168 -0.2505199514034822 0.025054843955948057 0.05487854877135427 0.06088540818167136 0.22403898875107786 -0.019394872001079297 0.19152907446981007 -0.12826194576793903 
-0.05374075903158535 0.021134184216910875 -0.04818382272727053 -0.2261334733271249 0.14082726504081092 0.06243938127891354 0.04226766881316747 0.05162685476756147 0.0801791906573108 0.12347172872660343 0.07871990897073795 0.040625022767293774 -0.21329114318383263 0.2817992796639777 -0.06530324967737633 0.3154670617807054 0.1068458054002928 0.16056661828689983 -0.16548596638420196 0.14574986692706746 0.08641500615474508 0.10832627076745549 -0.09060324439613736 -0.01251804666618107 
0.1711533228278109 0.036438492402919166 -0.2408215174932707 0.0552544932804393 -0.11711637103065657 0.030378235410888417 0.16993754813950082 -0.05132891829528293 0.19161374638788625 0.063287910108935 -0.23021155583402095 0.18440458330017198 0.10634727850887622 0.23070416982556322 -0.10455686324551686 -0.16712898325849826 0.19209661718347049 0.07399220869825397 -0.18509958113204078 0.18175418788295375 0.12896546191816974 0.24405078114896692 0.08420155933474462 -0.12281882969865517 
-0.08664983506957835 -0.3418455970338924 -0.20331507297482312 -0.211803422473454 0.1098165157311402 0.16983627469440307 -0.05425608164822866 0.0904919375684275 -0.297885505835121 -0.0364295519578124 -0.043074694785453206 0.35051538484923184 -0.10744856196788578 -0.06240315822019609 0.0904212142580392 0.021490953763188762 0.19125453120831837 0.08616745842684663 0.13657934701918592 0.11474841578147973 0.16134102375346632 -0.04264779366247236 -0.2760895284973221 -0.0955906836184791 
-0.16025054655156626 -0.23889535603440046 -0.11565626732997918 0.07094139629042572 -0.001061521013250355 -0.12231210475681083 -0.24359591081893503 0.2230588083523863 9.186307192841465e-05 -0.16155804110933647 -0.18718664070998797 0.13661538836975004 -0.12183743794609825 0.042297310131170676 0.24145577800187099 0.18051629046371412 -0.08913547059872272 0.02882489009290704 0.04699270388085607 0.08297350012241943 -0.10295035852120137 -0.12839961029645533 -0.27827191551096264 0.04905865172944578 
0.16504933120842677 -0.07097338565157774 -0.07178277837808318 0.18427061511766596 0.030138830342629184 -0.03563909031446138 -0.062161202146641545 0.03569401855378733 -0.04815506417061341 -0.09334328822846329 -0.1723926881059927 -0.00471439017690594 -0.022144814873494467 -0.10920775842157679 0.09968342501278507 -0.12713414294014985 -0.03116905140088211 0.13343760207501318 -0.12120694886665123 0.02570212781853996 0.09724433297175568 0.28229154807747286 -0.16771644580946019 -0.1473144481330496 
0.11689378908443748 0.058558636706245476 0.22206648229157785 0.20035271846769445 -0.19361769867806292 -0.05754337661629848 0.000246724094223427 0.14623421984531335 0.17085362565863882 0.02211604523020627 0.12153365036088137 0.11678898434699456 -0.03703853619631699 0.027259636132671194 0.0408290345708588 0.07753216549892107 0.22776948715532697 0.17327950027763522 -0.04114944038676826 0.19406635862747582 -0.13007884951331308 -0.1663018460690129 -0.1568243784794024 0.0031107456163978254 
-0.19054477420848784 0.21898424066234784 0.12945074117769925 -0.19318449867297346 -0.12812132672055773 -0.06595526543459858 -0.14629379678702228 0.11721777384810932 -0.05707472183952633 0.17250411463120133 0.022173899083031454 0.14769188576492404 0.1728329120165768 0.1644759351675591 -0.015646823192013895 -0.0019780271613867844 0.11924701011700148 -0.08435280937746346 -0.0037943270955631994 0.036857520351092014 -0.19297578590593673 0.049056373680102704 -0.010395213604020237 0.11389179169352055 
-0.09541073168811672 0.1627342919995739 0.030430149134950832 -0.13673282723486854 0.07542260578940557 0.011963851507421363 -0.22156225308316818 -0.0024167475753991696 0.11137056463243318 0.20775327787742565 -0.19626920054696062 0.18953221255638902 -0.1120305584609975 0.18016224840440204 0.03707882394557006 0.12051597576194346 0.0014412179109469382 0.09271161250811985 -0.09225050182539302 0.059414817293825896 0.12646393872393705 0.19643375985444478 0.15773795712913585 0.18182204170404945 
0.10982142278179362 -0.03207592509980054 0.046079494615665066 -0.030185422716895983 -0.04310464970391093 -0.09424539110666602 0.027433083582278767 -0.03653998858303286 0.09443200769418598 -0.12023393573855777 0.23663924529413413 0.04709021914898518 -0.136927074672566 -0.06732546954004849 -0.037553813814806956 0.1061159723966527 0.03944044307780049 0.17218276742750113 0.06388933777722962 -0.0340204894792884 -0.16310493909139995 0.12451715428244563 0.06166341700665378 0.18361764174548592 
0.13777428588449542 0.08559639799591914 -0.027337279640871848 0.1528263218406637 0.06993116171092362 -0.061526781996246935 -0.09974273857402563 -0.20492239763776718 -0.1378667266715725 -0.15346620739966893 0.23521367794668008 -0.09622883326769775 0.12073667916527175 0.1995438739425894 0.05112932867060353 0.08276592281789781 -0.12284008962957679 0.022141219877728196 -0.06076587811913807 -0.1630220901233979 0.16202329921112232 -0.004909236384286165 0.14231615684669927 0.2563991811358666 
-0.05583335873737211 -0.2599272620339353 -0.12139597142109454 0.01317385945956741 0.09117068185437806 -0.18916215660185273 -0.16030560767635516 0.1961611580387845 -0.10173589139945233 0.020860749221519374 -0.10510577243758024 -0.17810280818399707 0.057320701033297825 -0.018011085962191555 -0.16052515054988312 0.08675720973136608 -0.015460940351222485 0.12008940977457161 -0.14084020902306202 0.10166684057007086 -0.055762320381849875 0.07886682171720727 0.031142662810633444 -0.11975590915998358 
-0.08040576456093472 0.10866828979439698 0.20217980341327738 0.008275827138278988 0.15786995161759404 0.17083713757389937 0.026305628822295632 0.17925401111377498 -0.13051423276831733 0.1989732555450137 -0.01259132565967768 0.04893063281779823 0.11525099038265353 -0.27152453246836455 0.08408523625043082 0.11140373209713951 -0.0740422401663035 -0.09576380103413774 0.05186410970783626 -0.12922874377965524 0.12241214952145953 -0.04820819956083118 0.10840596358347528 0.22068193531709623 
-0.13939228244975868 -0.11691902336213424 0.15245213155378243 -0.03085774926080398 0.2040091849859561 -0.004946394207280365 0.31562155624186394 -0.049284829419456735 -0.0011737898482467833 -0.052632682403023726 0.03660114152607363 -0.24075724666244383 -0.27693569277623803 0.08813419787702477 -0.18694553474451867 -0.06882532800040475 0.10551284577905715 0.07757607185183317 0.07507818593481413 -0.2118202178219419 0.017127720602383097 0.1023954622886686 0.2568302660276209 -0.08581066789840842 
-0.13613638843100878 -0.10078638525395979 0.09865256821119488 -0.01678259542307759 -0.17619837781237502 -0.055132375616320825 -0.12280540380754384 0.18007505191612427 -0.09187253149506783 -0.1880783044127848 0.036549329273448526 0.10627402439528526 -3.969426101284258e-05 0.06395361776973037 0.004337768011180567 -0.02848701897596509 0.2178834287089407 0.0789522440618244 -0.1861657672179304 0.06649510558555298 -0.027898891029299093 0.19191653313108223 -0.10999621795551341 -0.09177656179065519 
-0.2201359489055895 -0.06610439083753353 -0.1598882115847152 0.0283520147647885 0.085216573892818 0.125717408655958 0.13586180198819683 -0.0746769759131938 0.13318687074158927 -0.03454593542723396 0.14308216716169506 0.08373149824326334 -0.15669780890013604 -0.1785176813757619 -0.21319609285957636 -0.16397091293278712 -0.03392883622289421 -0.15892651534623262 -0.19713344250492176 0.01362925002385865 -0.009868202980284574 0.14884136826846225 -0.017399785436744628 0.06485819600694231 
0.004819724261247178 -0.05664366789784126 0.11607601980540878 -0.04924175224077437 0.1748193973077304 -0.15419379613415102 0.0790226646061352 -0.15146425356327187 -0.018215175343777 -0.23261111250996197 -0.0551664117141419 -0.14616502635165496 0.17599671898704558 0.24475656837282028 0.14336426092759844 0.2533220382974939 -0.13272731452870343 -0.10163404258116292 -0.12353342301457018 0.0008620060243412081 0.2344597046787071 0.30036835137110907 0.003812430212534986 0.16454739275878352 
0.14878793090596484 -0.03221206133282282 -0.0986433532571029 -0.11969444400364553 -0.22409211769258516 0.15369594108487414 -0.15633402929472257 -0.169500500787523 0.0865025843932988 -0.07736626780090612 0.1967397347352753 -0.06012496042340907 0.05304872643225044 0.013152509060678677 0.13641709904211438 0.0018342865827859175 -0.07307987217989356 0.01256796446552478 0.16691390267969608 -0.23922996451392384 0.1316471789744229 0.1957027029996644 -0.14495430760004707 0.02823045397701011 
-0.053530941490243254 0.12107411721383135 0.02284589448302868 0.09481239127172043 -0.0774043132841011 0.07611009530022739 -0.0812608306341146 -0.3213932842797324 -0.023845788318942965 -0.010572527707925288 0.004619412112556352 0.23806633553869666 -0.050138710545146105 -0.03890816993199552 -0.06460852987420028 0.24856792607840217 0.2277494009146233 0.20108096069247036 0.162362338947432 -0.07719992616671098 -0.1150639110456463 -0.07672036645188575 -0.07699766439284438 -0.17044310378461325 
0.18722541082699945 -0.021735084601039026 0.1329659541223791 -0.18302565562522127 0.10330528532894534 -0.16091916594863168 -0.029793771429422914 0.04416875213849234 -0.1498642214396875 -0.17255491228527273 -0.013884859977731657 -0.061736695886908395 -0.016566873594246113 -0.211010803687448 0.029070425334634175 0.16334733074343544 0.11957090212874762 0.02649006228822893 0.18953631570176413 0.19101334010565413 -0.006645510770215626 -0.20536246126589966 -0.285971993189083 -0.13377287197215143 
0.04389876882535832 -0.06105077419187642 0.17161891048660532 -0.1082600570360673 0.2113345074862534 0.04715242181760633 0.1209510070245076 -0.005167324275172746 0.08106582310849986 0.01126066282402781 -0.2175049858526549 -0.0754698779553598 -0.018007019118157108 0.08477632849800987 -0.012228780481306127 -0.02738361066126016 -0.17495897092340726 -0.22009428171157303 0.10188812239048475 -0.04240553467613503 0.24134990549269453 -0.11156658189931204 -0.06507092012572302 0.021947298914227434 
0.04181111426676657 0.0674169385492487 -0.14878081910553803 -0.04592779603153172 0.0017587690323425489 0.02174901129402131 0.038847818173618626 -0.16356122780462765 -0.21169518871742543 0.008032509679150514 0.04013466577395529 -0.2471680088195049 0.14551997053334434 0.0774143993554915 -0.01980613152098037 0.15097370707107205 0.028475455260258246 -0.2203419448879223 -0.006064161576643431 0.13995152875099323 0.12137678401864667 0.06324750337584967 0.10083458891985053 0.03184914408578623 
-0.08949981776885776 -0.022370306760218027 0.1228159932994762 -0.06865519570834536 0.15254486649683388 -0.11700606133713909 0.0536504567332659 -0.11318441845318127 0.0246134820305433 -0.028234659539802413 0.13098897391897057 0.010122442979375534 -0.12906161748467612 0.18780498320016997 -0.07524329297885307 0.16721732245436605 0.1699595512576376 -0.11001062989006836 -0.11292502244928705 -0.11110818147146123 -0.1416558540490425 0.06465026634528317 -0.1635890029620815 -0.11390878896914033 
0.07187887612935236 0.13353003510039682 -0.1666535817237927 -0.10589050775808247 -0.16498579385888557 0.11616146171055128 0.13146899999397746 0.051641033017652556 -0.035159852439808854 0.046059899789353785 -0.02526659454451528 0.15020598057203174 0.14390683588879008 -0.08747340568601777 -0.14822181148323516 0.17695338067102323 -0.17826131374668158 -0.19293877115956218 -0.026883611580947066 -0.10292627299111902 -0.09120243684286869 0.08986270900304445 -0.14045633410503694 0.16730668997507836 
0.10293599659475586 -0.22860159624677312 0.03950808640549257 0.15359058123933197 0.044665363453481176 0.16033148120734395 -0.12494973782090862 0.13396042907988076 0.20943411762788552 -0.06603624084197501 0.07429940701215149 -0.1584237071907511 0.11788141918340367 -0.13996524514555908 -0.04106233692747072 0.05472826218955141 -0.17437980315426357 0.18801855989700203 -0.05089409392026744 0.10273463941990865 -0.01905644098777493 -0.1453588148642839 -0.2777875297379575 -0.16840801790663065 
0.06356412098955982 -0.16608319472535107 -0.05606467077855405 -0.2149688746383227 0.06934619484154307 -0.14890644468916575 0.14366431499668314 -0.16403815966199572 -0.014196092607560853 -0.1817292479767528 0.1192110758381899 -0.10038291032521818 -0.05825095018826513 0.07110718625165156 -0.13867375862169642 0.05117922261740277 -0.09229294322386815 0.06936331814756867 0.08778873466316105 -0.16796038710855457 0.22365840541243168 -0.18903454695455724 0.1279264901256031 0.0038771503180773117 
-0.08695722296359816 0.07900354123070906 0.09956430261674917 0.17854590320087388 -0.08739055472862607 -0.14911259433662283 0.14787465464637167 0.1953270159845789 0.03769802855907465 0.13148739660800274 0.12999448907470118 0.16286815164587115 -0.1163962911656374 0.1373561622528844 0.06632127446845908 0.0823841560629964 0.006060035551694889 0.07760597823031422 -0.1980181257949654 0.05658860022666226 0.1334454700853299 -0.14584528445664255 -0.2533564746803099 -0.17421444209045872 
-0.09947454862812669 0.1109575986652175 0.016838029409095477 -0.15906301523695135 -0.14333147395769277 -0.11447221402205066 -0.044242917512568716 -0.06909574713042124 -0.0647322443584567 0.005967968190807545 0.07950548185943707 0.009003356832947961 -0.08338842867876337 0.07841060040939822 -0.109976491418785 -0.016842453645165383 -0.010127840821708709 0.1468277339910786 0.14966040444670436 -0.004077045542171169 0.15053624333157972 0.0426927705194901 0.03480539429527241 -0.1459538643372804 
-0.026177875289237224 0.1672548939328599 0.04128904801167975 0.17775354760234366 -0.002862877138614245 -0.0665565910475391 0.10309316676276124 -0.1807802036019542 0.003970532017837633 0.17967339071379693 -0.006117109564656129 -0.09304374256887676 0.189792094960272 -0.07328708278114446 0.07896382022230104 0.09403614661656423 0.1399016105183744 0.09816166195143115 0.13381355701641043 -0.19606087793851115 0.25110041693047574 -0.11811513762420725 -0.007036606968654469 0.21380164257678905 
-0.19565235603085582 0.12929014718853366 0.13362159348332442 -0.023493331147054437 -0.09629186367862502 0.12500639229320565 -0.0321112932190584 -0.0961622462651678 0.21390666206757866 0.20269511710981644 -0.008064998540637042 0.14997116153209702 -0.08012063870802734 0.027344559504240088 -0.04554493889737742 -0.06804519572124129 -0.11785061464410719 0.21393595012428177 -0.08097403521501706 -0.20756273134820574 -0.15669729451694128 -0.18282480119048553 0.020243975879713376 0.053699960162648046 
0.17621387458474225 -0.001890586754055953 0.11530000698621752 0.06164353596744816 0.10970873972732409 -0.033991128802614845 0.020707541463769855 -0.12667735601186061 -0.04462702017749509 -0.17968342533388149 -0.03573561586545421 -0.13478522548981098 -0.13292914849652201 0.17381957405911194 -0.07061002314737048 0.16344118550755213 0.011207419165965345 -0.01837307005962756 0.13670559449508882 0.15494403866346296 -0.0661804824690394 0.08059235858484752 -0.002228200877445614 -0.0676105568531174 
-0.06666305846127436 0.1402324593708587 -0.09114781617887868 0.17257793637807206 -0.08054749492408315 0.039724296673680104 -0.0172089511613949 0.15884429657820703 0.1829135989467969 -0.12483580811094018 0.002300050071696673 0.16241567907370394 0.02053479786464504 0.1774125137203197 -0.08702998393984399 0.020503567329300146 -0.014848089684601109 -0.10728803243936931 -0.19369240120198822 -0.03255793939882504 0.16902925230993543 -0.09849347223472456 0.15221090258706158 -0.22275368633615353 
-0.0620397024272384 -0.237845736859595 0.10715877601641102 0.04796293671838383 0.07410777214644906 -0.029615405810467926 -0.009885419753068435 -0.12588307077630778 -0.10894980844597563 -0.05019640236884351 -0.05675775339616892 -0.07872328664954843 -0.009371286665743592 0.16359384485388115 0.005852032404534363 0.18503186062590238 -0.05689125207792305 -0.13886868452709136 0.005519845340013962 0.1330861558401291 -0.044106623202938545 -0.013596683552471428 -0.05802822308502736 -0.0010548782758192745 
-0.13401899001418238 -0.14831340932826048 -0.0938455960770363 0.1607849640658608 0.10986697770459154 -0.017727378920428506 -0.018019195580613743 -0.14047005838238716 -0.011234857045918084 -0.07988843443448117 0.13828168061074772 0.09690164978363205 0.03788040161257222 -0.11400276184247683 -0.01146362371847121 0.2397587525631852 0.12419148891461243 0.05332264896706121 -0.1379525736664706 0.06572372375773576 0.04492687849337025 0.019582059495728662 -0.09932731364222047 0.0388452766001304 
0.1653604422539129 0.10399274712597395 0.03102033071410978 0.21667741419865785 -0.17303784487738513 0.2084953919076814 -0.21861284467649855 -0.12883231715922705 -0.04819420214753629 -0.1795240935668121 0.03394294232975109 -0.19279360768814632 -0.08559598548169949 -0.1767305942058095 0.08007379424409952 0.09361382254633252 -0.03833572266611301 -0.1233078160589169 0.09738878116896121 -0.12170320290987467 0.14160636700665466 -0.014787740906820496 -0.0006004061209777 -0.1877195024133927 
0.03567659173885079 -0.021658783655935945 -0.10688859037166301 -0.02582427771427571 -0.046037415483338125 -0.08070013757492661 0.2659980206555486 -0.07110511692737388 0.1813388307618404 0.004938316078101061 0.21541518372485907 -0.11830646375916003 -0.07851220944352139 0.12255781130586063 -0.1816224600686671 0.1180243682192684 -0.01456109183517962 -0.048444336756890936 0.19727299905816678 -0.18513740492098266 -0.0372021129252471 -0.1866627926272329 0.08752229726194316 -0.12640682466518743 
0.11543208350032089 0.15527729916662267 0.13102407818686312 -0.01879278767178397 0.07334532842313496 0.2239719981914561 -0.0358885626071359 -0.011099230241075411 -0.17013130920263445 -0.05119178503342284 -0.14177539618192397 0.17787335056057416 -0.03408656639819949 0.0724584191021772 0.12520547650352037 0.062318749116102516 -0.02175859517379049 -0.09105144699913095 -0.17009667015695515 -0.01593863608395256 -0.13219937675337395 -0.06649083745990302 -0.0013657589498674038 0.26452572813206854 
-0.1550046834927267 0.13783793772610178 -2.6312692380599406e-05 0.10940869739529381 -0.14121781664087624 -0.16557341516307963 -0.0447794343303645 0.19604822141583064 -0.06264147323332854 0.08257771205846336 -0.0825315924367583 -0.19452044114148223 -0.19249600081637622 -0.1087469726229063 -0.046583776119950834 8.203284266082393e-05 -0.21760179934896456 -0.18019114656137253 -0.1925526920206871 -0.153224894498747 0.05054415590270218 -0.03808734236414791 -0.11121002205319852 0.022609082804831516 
0.2560809321545964 0.042715931474653544 0.07852565464387494 0.14038398100488425 -0.18316428857075107 -0.22745094605266292 -0.020164912903325602 -0.07103167300932685 0.14052478219663236 -0.013086083062709837 -0.011306082380698924 0.24447388137712206 -0.09221791347873498 0.14433188505242175 -0.09715478793362874 -0.0381085506645626 0.020239749138444382 0.01855823602466306 -0.11051781688672739 0.13666439335765512 -0.06129436026800552 -0.10830141887159622 0.10722546282063694 -0.049569559809040036 
-0.08226147753675647 0.10243291828608513 0.010054393530483674 -0.2211394217538173 0.14835718686270305 0.1259760635839532 0.20635705520324488 -0.049289205433607944 0.07866728979168758 -0.06304350278353935 0.015261372934307394 0.14417704098046616 -0.005581231526519254 0.006033185158292518 -0.0683708851256033 0.03316531227118158 -0.13995610686217252 0.1254794041158939 0.09926523834377322 0.0657255092396173 -0.100769960969616 -0.11587518949234248 -0.132170102156056 -0.0700114677365254 
-0.184224399784716 0.12973416037803662 0.06691146592819774 -0.03410164022458143 0.10568721716444687 -0.02341780703388237 -0.18311111833282268 -0.14476519370012003 -0.09320307203120305 -0.07800674761507234 -0.17806719516336061 0.0062003671657403754 0.049205736963757594 0.00594133157861733 -0.026423298372815797 0.11400843449423342 -0.027741150637193995 -0.19302844317788329 0.14793106216160623 0.10020373486917081 0.10161547522701424 0.1217479162206737 -0.25687664652521447 -0.10454412989629026 
-0.17360283544860114 -0.07245836105515581 0.13468565174020883 -0.16621130390551594 -0.010478283884070575 -0.16536760014641097 0.07094895402891076 0.10088956972492297 -0.22611786281871804 0.016821041633335827 -0.10281086541250385 0.2382582863266755 0.15864365637715971 0.0665855341708 0.21390542126832054 -0.03111145014565444 0.21236784293082273 -0.019288360419144352 -0.10424738890634859 0.19029694928320431 0.10812602164392454 -0.1729684244069485 0.1262795461509298 0.09039101715004962 
0.0870839125085309 0.035540711076670686 -0.09721171437164934 0.0393249925613142 0.12443615127799464 -0.18557356284749585 -0.14648958884907848 0.13240716573597677 0.06047916527725681 0.020549960094529876 -0.0992658569500775 -0.05960599623153675 0.13316636896403464 -0.07693862775398179 -0.17316314532054686 0.20652223549841528 -0.10412481614594926 0.16938578913555744 0.15143776288913702 -0.0031064362119153253 0.06938275001478031 0.04510964996378946 0.048272880074718624 0.19395710564563334 
-0.08577692069255147 0.1954095427533617 0.026441306394184676 -0.1526980589030897 -0.10776957072108788 0.03351666279996971 -0.12335893000841476 -0.14612513652852427 -0.12506034220279405 0.12720646598883575 0.010863338820949283 0.17781090088742205 -0.07240960655324297 0.020883180802971982 0.02978699954128131 0.07198962324911057 -0.16882026961528365 0.09619999130188904 0.17103783721204352 0.05746853378885609 -0.09097255656192507 0.09217982091297706 -0.20688689198298282 -0.06746377299532509 
0.20412340616577415 0.019445890263351487 0.14073392664966267 0.0409713685806909 0.1276294263385123 0.16078398624943646 -0.09728602246761917 -0.14953337648437953 0.07717969564815903 -0.007272768365039107 -0.14801007481353912 0.059239387393439584 -0.18464765587691617 -0.12315036678863311 0.10713131540677474 -0.19437052945439612 -0.06571775277863882 -0.1906051554970703 0.19826093298746456 0.026248147233627492 -0.0813077138472358 0.20911128041693688 -0.016064230786538968 -0.017675504342405134 
0.07187865464572285 -0.162637947818773 -0.0765748439059358 -0.054936885718765587 -0.10079965674651782 0.05439598394850313 0.12986823831979322 -0.1701228782841982 0.25163933087905554 0.08818117291721515 0.1778769313806424 0.0688799456517508 -0.16684293619914498 -0.09472438017744128 -0.021205143883735 0.03114294800012123 -0.006954825843158199 0.0690452583689 0.07138920099540086 0.1135333869672786 0.010013966811677924 -0.1390282977549165 0.15805948399146552 0.043448482825646235 
0.1822036403783828 -0.1325644096570117 -0.12792761112898984 -0.0426364650252179 -0.07051273688581616 0.13724390790268004 0.023791765388111064 0.1265803070998837 -0.034450044635168715 -0.15901608682097962 -0.15272548595314772 -0.053699019097776905 -0.12104120782836518 0.1420770748074461 0.03898937892747441 0.08568075544136758 -0.03502316160282373 -0.16356520120192944 -0.1045418236502525 0.0015960262746315737 -0.11914011289062397 -0.18894201120989165 0.09858828272441314 0.08484430808542802 
-0.0683056523690259 0.14129533730148958 -0.02795803033926183 0.14474227718167856 0.057736718844240836 0.04370006082000386 -0.11828432727614677 0.011109318990610887 0.16504223113897984 -0.07669172305188253 0.15317746600800405 0.1931464812671872 -0.06683436518214576 0.08122600996378719 0.15847589204970633 -0.1937331086793405 0.16551880882023737 -0.12224721606525461 0.1385532700702426 0.0897349384333097 -0.06626598148305443 -0.1380930327191268 0.05198357066981075 0.17372378806826583 
0.1405601110578282 0.0662813480933617 0.17863778871042907 0.03516970836885158 -0.11944412895448756 0.015673603821965865 -0.07106270376097819 0.21006706125201605 -0.05931701581248728 0.22635490800561045 0.0073245107796977805 -0.13694792450072496 -0.16906079405900326 -0.022855780517951094 -0.14934637802767856 0.06676089570645469 -0.04097705553463857 0.21100372551759947 0.1708923485992731 -0.1389534505891672 -0.04105199281526203 -0.05501155875642913 0.024891112137701125 0.12915527570836402 
-0.04519755542572185 -0.08549299020127307 -0.09379804045540811 0.16894868246272157 -0.19024186799833626 0.16472760565660385 -0.12319788496905165 0.01913548664610369 -0.07172820215635985 0.24195303904325066 -0.14960697147751947 -0.11232402244813536 0.14604185276773632 0.04410722463003922 -0.07500334711968078 -0.1989719700969066 -0.1125107224920384 -0.14049499101946858 -0.11720023519548789 0.1929671694639775 0.18902028799727194 0.0978102288712715 -0.03499239170190683 0.11925571875216674 
-0.02759325561194141 -0.03521833168778706 -0.0883786401524776 0.20860083159044993 -0.04425542320684156 -0.03092687244207519 -0.13061630847100744 0.1960361722493292 -0.025977130611410857 -0.0796390189460909 0.06863215721781002 -0.16269042768476008 -0.1610829657774415 0.11964369708345843 0.09624444913799717 0.010173004412548902 -0.13512802093973286 0.009248364703217658 0.054253945842719836 -0.06773588255841918 -0.1719257029847678 0.1425541294775598 0.007633628498141372 0.08394942644114896 
-0.09703237774643117 0.06091806813478025 -0.027819680104445757 -0.046182009789263845 -0.14801906825078942 -0.10087204798779256 -0.16713367569793083 -0.08538777597684681 0.11877476520844552 0.03679103454736755 0.05824158872971226 -0.23822525868087416 0.09909337748545484 -0.013604494307488908 -0.10620776565917965 -0.16667451361228613 -0.1525325396933012 0.1363382926940614 0.19221413841249801 0.1760400410831635 -0.059896617724715814 0.13100503531345714 0.03959084840594233 0.11791883095723851 
-0.006337616111220866 -0.09930803378426607 0.11347555383227961 -0.1586956012133275 0.014430270211026799 0.01649151455594243 0.019119481489880217 0.06386017620544644 -0.1861013543596082 -0.04189853880817352 0.03882726435032687 0.2030786000963075 -0.04153983725092736 0.2176056620897821 -0.037558400646240074 -0.1442337668990038 0.1112704801371461 -0.06502216818122969 -0.11138179301921167 0.2902242281546721 0.2223975549713194 0.038668677930011136 -0.030378317209887557 0.016370611507597645 
0.09290438640617653 0.16878801007583688 0.15470393807260688 -0.13163629426862483 -0.09334390928859866 -0.22290886113100067 0.1907028275693698 -0.10401989887428173 0.046876310083351455 -0.16297671968148333 -0.1264271772587501 0.0231286533821056 -0.19716884158413947 -0.025933752414575812 -0.00920023504465361 -0.0492822848804466 0.035294905639961016 0.01433695615550266 -0.04282890715970006 0.0652668206625416 0.10019097089784018 0.0869284044093543 0.005692664104564311 -0.0527930544712119 
0.04429544189509578 0.1823643838981503 0.026857342121089978 0.2216350339723515 -0.023032684849419043 0.09271892644536527 -0.18402532929362828 0.10441697381910132 0.024186706620594935 -0.19712321570293112 -0.10351357492474354 0.02936217428794207 0.10575671009425847 -0.20923680293098892 0.01914091685660125 0.14749491352759442 0.05294903803971307 0.17865131783272115 -0.1689971708359403 -0.07790335207394332 0.1995955052806929 0.09551306518888883 0.02956943279467307 0.11235024869735127 
0.21811094768928235 0.1767234614431619 0.1986815110560086 -0.1428104029819625 -0.1706910925290668 -0.16950852049514673 -0.19329617982086675 0.16562581806949125 -0.22283209313066152 0.11445622425650578 0.018419897120748728 0.03692335077571684 -0.06016344005199772 -0.025848871898031617 -0.09705221811437753 0.22472532733141573 0.08742756337721667 -0.18875968882153432 -0.015005396424847965 -0.08611046427421284 -0.1695068553346047 0.2096261805239825 0.08186379977654927 -0.06687774367394758 
0.14404998180184345 -0.1261602894031015 -0.07554481503895331 0.15238858744175254 0.26160841856518346 0.0231282413050042 0.17770614297402704 0.1534906176831616 -0.006043218002945761 -0.049870208023938205 0.08394685626807544 0.00015503359342866326 -0.0025199280504427635 0.2247440091042397 0.10813634829082619 -0.0722853673763039 -0.21434218753303938 -0.12462676650279882 0.01046416557784644 -0.03007249232065467 0.15216776378753769 0.19485642015609536 -0.16149476336855273 0.18003371358328749 
0.18000054961825124 0.24056538832542368 -0.1839204868036379 -0.17593364803019026 -0.19692795499018517 -0.08181228709684951 -0.17669665864121079 -0.08111443585463989 -0.02303468739146585 0.1618110471244719 -0.008980194441494744 -0.13523731737719402 0.03951647557321224 0.06240818343945776 -0.154253430544409 0.07513655611990519 0.11613798938989298 0.1404333169191177 0.15496021544074315 -0.0462838106458662 -0.03789632659076165 -0.158152068203272 -0.08130339571757367 0.16970669362034568 
-0.037089888753277137 0.11707538169101375 0.15497854816231865 0.14058386944555878 -0.13617365206788382 0.23682243372568607 0.032388884191955805 -0.11431947664176634 -0.08251758516032509 -0.13465871617903086 -0.02679250748648518 -0.12069309199440031 -0.13248919329122807 -0.11969916160085807 0.07511200770912282 0.09674118017752212 0.23337499712710885 -0.0600919183832498 0.050800216773347846 -0.18531117865425434 0.006308539451969947 0.1725379001417571 0.1494027814759668 -0.1952732316513551 
-0.09745009144064652 -0.1344780532515534 -0.18000090852866854 -0.19515165600417078 -0.0038170018992614413 -0.1808334172531575 -0.08729379293229822 0.05489360172810502 -0.11507469866310549 -0.0907476186241486 0.03541474662257497 -0.028740282014653656 0.06375176731287953 -0.000454131694299547 0.05222176285295192 -0.057514152489422425 -0.08382571733452097 -0.15586772628259793 0.1737743115754058 0.11522462488078193 0.2199186768509843 -0.12443626923623624 0.16593061217407004 0.21826683213138431 
-0.09791387618191082 -0.05954764576657148 0.02007162909328386 -0.12447288343259383 -0.022603949654836426 -0.15698527435742785 0.2383249401546813 -0.0024035583769822155 0.24641744867584178 0.023512117067702447 -0.006108081712762537 0.16705648642597992 -0.1413856852278752 0.016471779721620387 0.06356015618836204 -0.025841351273817596 -0.2373281987060109 -0.002832687600174762 -0.013593697800444159 0.1770030529419308 -0.0959266312585932 -0.04250601343148521 -0.07380755542073161 0.07329269254530436 
0.21446674475393193 -0.14146117592496027 0.12717536626978942 -0.10617575007801427 -0.17577486921963775 -0.16535796209165743 0.1948727764100623 0.1759696112466809 -0.09212968409769413 0.19326973277499726 0.1586546016634339 -0.03280144932718878 -0.012454817831335797 0.05169775229205221 -0.13541707241500606 -0.19328063798663833 -0.08229337992309285 -0.1930121648846793 0.06855560965120625 0.020086214095028594 -0.0819774552498208 0.12101765415808839 -0.15434705229427262 -0.10062694710743907 
-0.08173011665478014 -0.10459925947392483 -0.16366012083837453 0.1390043549444806 -0.16355915689566197 0.04821663170963683 -0.15056254556311127 -0.1949379073041678 0.03241577270159635 0.17380860758231237 0.16702880630346598 -0.07842448625646466 -0.1882596447395757 0.12896761610453225 0.1209741488255814 0.15498031603893078 0.04473668953273841 0.12496773686908796 0.15778072088718392 -0.018012796619487095 0.02257512644712477 0.0006357852253516066 0.09337317809283485 0.0724350188665856 
0.007913147854683176 0.129993837039641 0.0022493912465667036 0.12854472231583491 -0.0858940555832206 -0.1271988132425662 0.18705511013334075 0.09536855169552096 -0.09467827635815479 0.031756481669914044 0.18113494487542006 -0.1665629051400014 -0.16543944557080698 0.0466690594496579 -0.10877219462826314 0.10464633559041547 0.026622553876747293 0.06526276141169914 -0.1556375441768691 -0.16513688942739052 0.04902981846283145 -0.035305556178362014 -0.16393728159341125 -0.05053505304744932 
0.06762248635637452 -0.12274918537961264 0.15706686819733223 0.2154122485732832 0.17815436769740373 0.09064295508278185 -0.04561573076465472 0.125255003518596 -0.0770113178901942 -0.07295119899536097 0.04145336468192213 0.025339423193925965 0.18601099818723282 -0.12485506234743489 0.08708906837358439 0.17804074256471766 -0.24187467224858486 -0.009316439779162756 0.06164126175045017 0.17095864821545942 -0.14295707816114087 0.14157852439377763 -0.0531793701022683 0.15925024300213536 
-0.18803543054709795 -0.1777554144734773 0.1917356222578587 0.04287318632576192 -0.03220116112075582 -0.14391342208467742 0.06452211250339744 -0.18428016339943076 -0.08526593583906195 -0.06935712767445666 0.042061909552132036 0.06804482337458463 0.15178047869857333 0.16847119491032608 0.062993804684113 0.027335607896222653 -0.04319771938085372 0.1973332930505532 -0.13700596892818465 0.17362260262156634 -0.07597201024290813 0.028576119002450707 0.07939304370811831 -0.10398572298291911 
-0.13151788075082452 0.010000258810369766 0.14651375860888827 0.09200502838779691 -0.15113789660609067 0.19363335631977313 -0.00789317778893127 0.2056364555282024 0.03256337731940782 -0.16492729925502944 -0.11758908289568612 0.14990665591663693 0.09437550530039882 0.1530679787788727 -0.06711115000869831 0.010912874143979208 0.057910585940471986 0.019798870075527338 -0.10598616930485884 -0.02859403028549728 -0.09933739841749313 0.14900220522103352 0.22368207485822406 -0.17229723866249058 
0.0842123419509759 -0.06672699819484834 0.04915381038196116 -0.09534096824935467 0.05925470251788275 -0.05050220411900499 -0.08073347760176972 0.1635396960522114 0.17596699015457606 0.04446789807211039 -0.11278269771352918 0.17472052224011275 0.09876474964845183 0.09901864819759885 -0.11388189922582724 0.13067179359707687 -0.10253765753130194 0.05159466292645 0.08294418882353945 0.09554556248578452 -0.04296510218640279 0.10250592953259935 0.1599753169622397 0.0341859730687555 
-0.1626621028806131 -0.07606598229073892 -0.15666678652578975 -0.12951379967996302 -0.14813286811702087 0.061025510735539384 -0.18329281740707354 -0.10195333696637529 0.25346701644609343 0.14800577893714476 0.04126661002849306 0.12423422206980235 -0.18165597107212064 0.11229023047339548 -0.0741897684875658 0.045799467532701525 0.04978582574820852 0.11572536189452956 -0.01616656662017684 0.27587573560923495 -0.09543533909599522 0.10621865211304965 0.13813085218083487 0.186706818811704 
-0.18603571926395251 0.08868513259134136 0.025603798707106835 -0.002948951103648361 -0.09490695928258971 -0.06802865770252137 -0.09879836730325264 -0.11086213571412289 0.11843989986237975 0.0009319677640286949 -0.16557856588819436 0.10936309270470061 0.013118281128879498 0.09435115250924993 0.005994831783708097 -0.039153874535374736 0.1936982029853354 -0.1878201575005119 0.17202813699782887 0.17125605829324841 -0.042707518062448074 -0.11278386212533167 0.04669999464416882 -0.12740849880051783 
0.10459950374581214 -0.12458832842612588 -0.08232953339298463 0.20894812247613823 0.15996761952187036 0.014060044837770451 0.1576382405254051 -0.05785484444421604 0.23472758689031462 -0.02590019431949596 -0.08073700234728728 -0.2003488403877188 0.22071168261884513 -0.03156091305207805 0.09243684596188244 0.06218889364626557 0.09287277963687106 -0.17855388971208236 0.16688592932842816 0.20015703221853226 0.02556369469153105 0.20438441150504846 -0.09837617308216276 0.03997733078422876 
-0.040524688163999595 0.11639363012030986 -0.07842416185706197 0.19250302121886503 -0.1709968467648757 -0.18229362644967897 -0.17924814607468023 -0.1384632132006973 0.0010835628401855736 0.14455610209967898 -0.15443500113937608 0.009290718706675045 0.06831817155046666 -0.1081870172367642 -0.11929729348592162 -0.11033165646616688 -0.17489942205023684 0.08390841877771593 0.06037511014656054 -0.02195039142895498 0.042205058020134495 -0.15476549174054874 0.24764045688263808 0.13769184416676955 
0.062430923063460854 -0.047471037157696204 -0.03261969809156647 -0.006950892386060305 0.17304745424746903 0.14411545772405832 -0.008600633965958355 0.021280107233889536 0.14887203644047675 0.17870586774571162 0.05458158706004081 0.0979933823476637 -0.05821370686182172 0.16607080321755915 0.13332100360129107 0.020316001161602624 0.1457397120679058 0.13859468054566573 0.12194681859048273 -0.14641623126746803 0.014037741831446187 0.15910636481053125 0.10690332277130939 -0.03099137960209317 
0.19430914131575971 -0.09389882462521865 -0.06534264006540912 0.21925501231270253 0.12206869120820361 0.14332368748760732 -0.19457639464423535 -0.04710304363910999 -0.09573462308785516 -0.08029063896161406 0.09379612753682871 0.08094271467309135 0.0014744691784537131 -0.09962440934876568 0.033113991563380386 0.013141202534412772 0.00532816432540672 0.04522727079443277 -0.0408452705740603 0.09085879656855118 -0.09810369822508115 0.04295779282113242 0.22185145493543743 -0.19783865997157893 
0.06996895228688188 -0.15942516243588353 0.017080904446746203 0.04973795875912748 -0.10139885359537566 0.15675605006377608 0.0691519094810252 -0.10589355255086808 0.1372588029836927 -0.15656812410637025 0.021556873866542633 -0.19240599030883299 0.05863562208814355 -0.14875583810794074 0.058645379611021196 0.08496777254765644 -0.01150375607842207 0.05157302143549851 0.12390459273385757 0.14946568227942034 0.033756159043812274 -0.02701481061697285 -0.02675354559712397 0.14684135163733117 
0.06190550584950153 -0.1160682322051273 0.025673545644828624 0.20637723919294546 -0.13836872401489803 0.12320245689693396 0.17019631500914578 0.00417864094960461 -0.1840334454231271 -0.1396506895045316 0.21391852858816446 -0.22821161751509744 -0.0499688651097511 0.021863664767537417 -0.11979866649934663 0.1832813858020547 -0.19862460289805864 0.015474614143854905 0.046226146970988355 -0.10617519480917935 -0.043549390878181604 -0.003500242216654325 0.14874304007394792 0.05264480923373627 
-0.012649903283793413 0.06556158122598892 -0.01818982113251646 0.010019121640709486 0.062245847552113126 -0.12611517808888384 0.1137901924644089 0.040260197410403736 0.19129841940353376 -0.10961608714227387 -0.013151269500527916 0.1570316429517062 0.03969664688636181 0.08900057541658117 -0.033757606448842854 0.07244607121476933 0.17740646631786086 -0.11850123540768936 0.12152745369069685 0.1869202766742982 -0.19336722560174818 -0.11248584838384362 -0.15178137981447126 0.10554117789215718 
-0.16637593224418212 0.20987449825255614 -0.04322218435166089 0.25110946206613227 -0.12315409444228248 -0.023085343848687778 0.14409385001393096 0.035540305354300195 0.053464392906532265 0.004925435616016613 0.028871386825216217 -0.02076630942987253 -0.12115697361288205 -0.22423047691669898 -0.13815240305788867 -0.1779951209795178 0.03514011551087812 0.11331691594080001 -0.05525158189277849 -0.16876292499696238 -0.05116949534994945 0.01640908939932477 -0.03926987046167082 0.12287293825408799 
0.1686579389634306 0.18869905107894921 0.08026462665861513 -0.011576443375137168 0.07180675792834791 -0.19383413020748033 0.23933232446483255 -0.12977482176926475 0.20664684851188614 0.10890923319247095 0.11512348533810211 -0.1288690799741321 -0.11090778109795794 -0.07038942672478053 0.13288402638810518 -0.019362763385289573 0.2129765594047289 -0.05779682353408122 0.04677051365616199 0.17086848426817267 0.03652172267069284 -0.18082690792006642 0.011543107515374589 -0.0648907050168075 
-0.003869171504694696 -0.08246598836232474 -0.14981284156846997 0.06609492714821831 0.07127593122750024 0.1274125369978401 -0.1457362075259159 0.1491500254820659 0.1612980546014471 0.04783901730736263 -0.11660414831302744 -0.1218521099628552 -0.017552387095398227 -0.009043844620835231 -0.008790186523496824 -0.01268511777554144 0.11671541146490522 0.14205365687135316 0.1252924721431094 0.19703954460622727 0.012509109398372579 0.1877986236337866 0.062380079861362875 0.029756980131484156 
-0.07101516361464204 0.14503495908774758 -0.17820779240290857 -0.14486451577936857 -0.14659772375554694 -0.005014430227502315 -0.12846799203795842 -0.06235869836200144 -0.13814172189323734 -0.10507851401147592 0.27086979003995054 -0.06053978309923334 -0.13821409282401623 -0.046077204769949434 0.2622580343923974 0.09700584589786307 -0.1132031648289224 -0.08508933105848794 0.1032665351195482 -0.10238224426590924 -0.09689526711243907 -0.1652163596881284 0.22399654481661818 -0.02033369564964567 
0.024126951284534164 0.1284944990549043 0.11716927068783894 -0.020486666412152084 -0.12493885276056158 0.11993482147850035 -0.18670297647551884 0.22646938150282478 0.06326865546946858 0.12802175166391117 0.04250435936505421 -0.1387202344485351 -0.06026764594666931 -0.07264122649110925 0.23537879898812022 -0.12479121832457475 -0.0289572566168594 -0.061313449988609846 0.10646107017630034 0.16624303108437333 -0.056717117239395154 -0.11692440537896695 -0.17208744681343108 -0.11911736951475421 
-0.08965380074033764 0.038656099099024094 0.14793724513730372 -0.14740777464651642 0.18232049252137414 0.07199430821952298 0.09537840494277604 0.19233221705865933 -0.03280272423081819 0.012311497570928505 0.07042454648980243 0.005013265811683187 -0.07902803528106442 -0.1566175077967054 -0.08466577200998324 0.10611236903195663 0.055212879512755456 0.11910894220206908 0.006668009897010452 -0.10573157427873128 0.05015064827277509 -0.07708428455494279 -0.18729866078216667 0.16013487974974572 
-0.031126295692892596 -0.02648281176122614 0.1244585718142996 0.20535128928165217 -0.16989308525286198 -0.12786484891627362 -0.06980184514415347 -0.10377396580423137 0.006891743567929676 0.12838458232262145 0.14024398419699685 0.035372732298231395 -0.11068566323301866 -0.16029591576115726 0.09594717037414485 -0.10368836367859637 0.008768754452193986 0.08845420851429499 -0.10727069521706599 -0.12880173011651178 -0.18316146031162747 -0.1455547286727005 0.16375539248225568 -0.15691959520451526 
-0.1091114615637141 -0.18598977582557152 0.06929204493260836 -0.1058901756767629 -0.03378842879851473 -0.1429505273068554 -0.04810748484691169 -0.0012351240225783999 0.032979081352468 -0.030155754181364455 -0.1576778863721043 0.07811928705883703 -0.14379384036911255 -0.07868630336654243 -0.08983092650181991 -0.07827492708145492 0.027890085617731104 0.006927749981115588 -0.12254884688441729 0.01044298098222466 -0.06299436029046616 0.046589110402092924 -0.10813176952011504 0.10431118517603838 
0.010221314270778178 -0.07082737322087322 -0.09711327933533971 -0.12412537167493484 -0.01098296217196706 0.22906688503930103 -0.15717396399108668 -0.08525050246716419 0.06237488881161768 0.14330946120452295 -0.08712252070376025 -0.011474183040466494 -0.06581625929049933 0.10660986921947757 0.08636517807408584 0.14158289151041417 0.15329096677929127 -0.03453169283206798 0.1691798996962031 0.11428446757342636 -0.08249417319221533 -0.0606836544337156 0.09966513800216797 -0.14827483632116675 
0.05232108351814553 -0.07811964936597567 0.12948480817122457 -0.053116989862526214 0.09195112959086182 -0.13369516520570413 -0.007226966900217429 0.11316743717712242 -0.06747461403794558 -0.13399356724868922 0.058453765001651115 0.13398222451835026 -0.0865516727544836 0.0005392154561930993 0.15313162980315062 0.18714771134355343 0.10826908969349108 0.03555393112248253 0.12554452982100384 0.15431356921186049 -0.1982639577652547 -0.04022355288253256 0.01222673703390806 0.09217309391461774 
-0.16384831927051427 -0.004045343303795425 -0.0867791139007759 -0.029893464086643493 -0.0007865561061450786 0.0311806630385349 0.036521184434552885 0.04128221378693146 0.07449086589445497 -0.028001212538016833 -0.19726134980905774 -0.17332928828118208 -0.07827376117288386 -0.16004518599748468 0.038606907227360085 0.0017915546777249663 -0.021624012050721297 -0.07040001966658765 0.06014482170266529 -0.1224700880513172 -0.19689401314560107 0.06352272692122854 0.01588626777304821 0.06190567419112749 
-0.12208961746221761 -0.2633650309405331 -0.04775598067422545 0.1070634830413239 -0.157652947909503 -0.06791477227009059 -0.008686958484213985 0.012677295242053879 0.08823735808448648 -0.08101854266677062 0.07320720235846345 -0.01682881358140999 0.04336095714373896 -0.1191344811983945 0.04322444613181216 -0.1379172818361207 -0.21036262587164703 0.020259948054724475 -0.1249187077192143 0.08536326402477572 0.03357177304449588 0.15082145430174662 -0.07658335227723162 0.2107351565047239 
-0.005115593547923137 -0.04037508381402921 0.08978595023828004 0.049499407388290464 -0.05392980589410528 0.026802039384488018 -0.10733832539872568 -0.09073383524951517 -0.24708190181088163 -0.005110557549340635 -0.06734770202510196 0.03757708333349685 -0.18947954308921322 0.04240077308686797 -0.0814581399308011 0.06312963700971704 0.10814498606165515 -0.03890220621837964 0.06406236731272813 -0.10082035281426638 0.25049532746986086 -0.12280766633550898 0.1753315201077814 -0.1596043935389232 
0.0030027668254095697 0.0714675126455374 0.14838313321661342 0.04799283579006725 -0.028543351562842503 0.16004616576792124 0.08564998349973686 -0.05988912538619026 -0.10014382462350567 -0.17251373716015966 -0.05392497689642215 0.08956751309339571 0.11729434026980978 -0.09031566006050014 0.0569393109047517 0.12201666391006191 0.1035384283594214 -0.1871955933150943 -0.13995443490720086 -0.12880101451535528 -0.12328216313362002 0.17704627710751605 0.14060057821621172 0.06761160107078418 
0.016837097645425184 0.07160325016957413 -0.07780874517620494 -0.05224495847001101 0.02928506205082669 0.13796087711771451 -0.11793614342566662 -0.09783934253689844 0.08583202044006583 -0.06244837405727927 -0.1799712082387475 -0.13064605211708522 -0.1210343567354619 0.01992662433624184 0.04596609728986201 0.19079663158008361 0.19471191151629447 -0.07583133851780043 0.09993268606280921 -0.10540377785423974 -0.0515166573947745 -0.08156600348796106 -0.0482569076238141 -0.11268348737066795 
-0.011326316318549384 -0.2217400207409603 0.16362878390428665 0.006723614875399507 0.1555116221661784 0.1747498805866798 -0.12535426890900023 0.012598118990351858 -0.022254616947399705 -0.07803781828181656 -0.02561885524390837 0.17053686556383155 -0.13984200758711415 -0.13361726594183337 -0.13461748832349354 0.21256005089769414 0.1888941287904308 0.00982241746103485 -0.14556467476028925 0.060799199401065686 0.10585014402941356 0.1766105639238053 0.08305184392543791 0.2110316976199987 
0.1252315671262281 0.07049513313390604 0.09005230939430382 0.09143279901381983 0.1419460264893036 0.2568944824417684 0.09351968234953925 -0.13695181795491046 -0.2674492562272821 0.21618133698153155 0.009357686055565827 0.10247951470194139 0.05893519910145899 -0.13686374265293452 0.15583174891416426 -0.14358964044119926 0.15139028988308398 0.08171785735121276 0.04669979234296136 0.02936875465382916 -0.005243017070425057 0.05923873578579721 0.09241569962774972 0.08258695919233405 
0.09934125258033367 0.03471534185400704 0.18797493993531744 0.09560100037665073 -0.05691798958371922 0.046981625270772286 0.016622951078564027 0.021621509124112502 -0.07987994739014825 -0.2290013023444088 -0.0565877617205739 -0.0785168533062364 0.18815847723849335 -0.10329597227482501 0.04951811414330566 0.035541043886033415 -0.10149181279423336 -0.2366937106155977 0.0965228182773948 -0.10841441769604206 -0.06880073431716516 -0.19161190816154838 0.109830604866498 -0.1589298586960738 
0.01946825460261828 -0.19302101564055021 0.19239641031562832 0.059685436074397274 -0.05375517656722427 -0.13995421327757823 0.07002954249366634 0.19709997716330432 -0.06365727896116213 0.10516901715182658 -0.0836450787521102 0.18601466600737313 0.1078319268853949 0.03928292551163743 0.15436873034384713 -0.11990137223085129 0.16704738165225314 0.06997647003455103 0.1071154437138359 0.05054224781596238 0.1416725362044642 0.07161380103753046 -0.14001021923150947 0.03922521191660253 
-0.17164327123762665 -0.049092804300513763 -0.26850267532184546 -0.13947336412019684 -0.32884118640953397 0.33315147195472855 0.03298891477345452 -0.10804816355255335 -0.32425481558252994 -0.05012617590019584 -0.03160753889613684 0.36331113038317575 -0.1523172767542968 0.052684145221391566 0.11117029472502048 -0.21360730847617934 0.01458969249005937 0.18223519444614086 
-0.27182699625443923 0.07102211792259906 -0.3675900868964599 -0.2972176251886399 -0.30182950078503623 -0.012356957781653211 0.3416314916543173 -0.1262302476811863 -0.3170667881418808 0.26033083377373273 0.012821613211802644 -0.1462073360420907 0.351728741605316 0.3479826983564979 -0.16242709343904668 -0.20291029304865058 0.06642412167501494 0.2690572293925153 
-0.1840345875716368 0.05779054525593282 -0.23517040590462693 -0.20762084268354136 0.17714253854932913 -0.23853042758490633 -0.24287720850723915 0.12778386523924393 -0.3330565503996861 -0.29459316152457904 -0.14352545182769852 -0.08257826022545604 -0.06192022932334138 0.166114929742277 -0.3183632779440504 -0.09513033808224881 0.09287020302768614 -0.31942001972886236 
0.23653611928314353 0.09782197529116315 -0.2686013011779776 -0.15435178653021467 0.16622572051520612 -0.06464475036787506 -0.050361442825247967 0.2647173103280464 -0.24734514895692086 0.358008315839646 -0.31369194345417645 -0.317902953812056 -0.2156095596942759 0.2220693056523621 -0.02939017364238545 0.10305149991362181 -0.22951660530086904 -0.24957627719031794 
-0.0012321163836900783 0.1626422569539609 -0.016788219648930142 0.2522654948938468 0.1079282991646692 -0.16995388788866386 -0.24351149356294338 -0.048702804856809036 0.17056634500121082 0.34873083457025383 0.2701687785417726 -0.16638226950234017 -0.03287055628795986 0.07807440342610375 0.03120137760799089 -0.07419326189102068 -0.2724909205967439 0.13302588576277524 
-0.37952319074301427 0.24979946891722268 0.28979602189202786 0.17583255094649342 -0.009014532363147386 0.13439007133043174 -0.16203621940125934 0.21741698539297225 0.1887390893122986 -0.20406276540957294 -0.1332211977458929 -0.07053009986826965 0.012018016955631493 -0.0025804383471723083 -0.3143538114972376 0.10762699104615395 -0.23303786689176034 -0.11976817765621585 
-0.03452799480715084 -0.10170532078674835 -0.11210126033947879 -0.21753153829432303 -0.2957975475459665 0.03416182354916656 0.08560181442393129 -0.2368237182345422 -0.20797778322468383 -0.15643816499100865 0.22902402023397214 -0.2653832579418794 0.06421447931806341 0.05050531403086001 -0.1053179222510409 -0.10041904068252719 0.34744335865550074 0.03570599807210395 
0.1654269624737078 -0.006146176850620818 0.03397417463390636 0.033633985396971204 -0.24195982110347175 -0.11127332834062077 -0.03228784303078891 -0.27151111996416827 -0.09195232407395147 -0.23328717031909316 0.2502771063376395 -0.14902631417910833 -0.2486617222698725 -0.04166832267501262 0.1233867930232284 -0.29755595713937794 -0.23011005797793152 0.1839390454027227 
0.18476025464350174 0.07895064734712991 0.26113775480752416 -0.28621458519759174 0.1374051856111505 0.28556154964650693 -0.2578520473552477 -0.22652429897690118 0.01442136433100676 -0.1210478017998288 0.13810613826635937 -0.32859557846045884 -0.21709433805737197 0.17657668308581434 0.32300244287714036 0.2941716008930655 0.2986507995416448 -0.27720826798330944 
-0.32457641836036294 -0.29289945529050226 0.020358106784576405 0.3513785837668137 0.021149170564706266 0.1912191743148833 -0.3098295919895398 0.2298187191284494 -0.21259185978555856 -0.27990171001471015 -0.052457247840949205 0.09842112339490974 0.40745555282108636 -0.36540305588420047 -0.15286844780213588 -0.2699141073219326 -0.07161805800486536 -0.21191102849704174 
0.07586199784456335 -0.10202523147625181 0.3291356331791781 0.19118995006981282 0.24626838566933307 -0.2528826841357343 0.11002377167942691 -0.16099100541137423 0.24963837152531615 -0.41204086664514433 -0.26946880717279464 -0.1490806245472437 -0.09862345463268388 -0.10831052186170868 -0.2762375685581242 -0.2603980642484359 -0.1361264767303222 0.39939859221720575 
-0.2329898527063477 0.16745312277660726 -0.18077937981110134 -0.3650428223521794 -0.33237884269072615 -0.23671547731846934 -0.07104583827222227 0.16510389654089885 0.14698172331586615 -0.08732546033447751 -0.011654030731089409 0.25945228102870926 0.3158372665933446 -0.1499129572057687 -0.34067809181939623 -0.31067122774865724 0.16805931116650008 -0.1988009430444054 
0.023188951527171764 -0.20939726900942832 0.23948190128554775 0.07846901817363357 0.018059747330008404 -0.1431456507273695 -0.027560222487927694 -0.3563672406050517 -0.1505484411968492 -0.15589420064474774 -0.14597855001176463 -0.33494495915901884 -0.02722799456874869 0.26077082394070794 0.30332176074417805 -0.0017976728497570503 0.05836412719602605 -0.11984767002862683 
-0.28446509771454936 -0.25122940400835564 0.13971001769873542 0.14502307706184983 -0.2181952018413842 -0.0577974172168179 0.08467223127372386 -0.3586156969708961 0.19719149926723545 0.11775178025968136 0.08412564282249094 0.20069795451514277 0.4238101051492362 0.03859054184439096 0.24864144516285205 -0.05432995570825811 0.10857104908946015 0.27921474609301467 
0.16123698832699607 -0.13286489048797212 0.030158116394568498 -0.09994206443920105 -0.11967642171213133 0.07384153382852573 -0.20111508921577215 -0.03912216223163366 0.30545203411716687 -0.1306039129617038 -0.2115252210337639 -0.08619352600681995 0.2224655644663248 0.30727295487866624 0.22316278739641288 -0.33560042305774873 -0.15770378447464592 0.418560970697643 
-0.30934116510066245 -0.006578456890231456 0.19924834750282813 -0.26467437196461335 0.10928937205199589 -0.007913651915692557 -0.2585122628344771 0.2427935779973753 -0.249709530142815 0.14432677145001946 0.17397557639259464 0.09240871571240421 0.10285598023439424 -0.3040898407300937 -0.12947243786141777 0.05814955369867446 -0.08526604372244853 0.0763876405083254 
0.2241221167896166 -0.2106517522859532 0.29313284004670886 -0.008015515169777705 0.30369074862634365 0.07869877107794909 0.17540855977884784 -0.0089212731546364 0.005036818402233762 -0.06908211046258018 -0.25297770315465723 -0.027935130841981876 -0.1516541710520662 -0.4129828346996492 -0.15220281727955404 -0.2173441275415356 0.28321971430969767 -0.3809173904801109 
-0.2627607013656128 0.13773615164223615 0.30053700925041726 -0.17303715699553257 -0.3286853830736219 0.31589368557719205 0.08133801596860493 -0.1311329667975474 -0.03660586344882487 0.13658150317585452 -0.08462698601308828 0.34423631103386376 0.24881719688437665 0.2838120721751234 -0.1001140359538634 0.29951671420841397 -0.013888123735190197 0.03451559729072477 
0.15315678369335906 0.21034667576980176 -0.06947135002693969 -0.03469587873218528 0.21585405138143118 0.14701367836731163 0.2967310536295224 0.3293178763538422 -0.2184983557414142 -0.17799191534106518 0.14593554089214486 0.17850360628835346 0.06707353363635787 0.25176217099912446 -0.16795546586361754 -0.10799689495987624 -0.003551694861943228 -0.13498972147148233 
0.04858684117740127 0.122986320635547 -0.22221513051588657 0.010547377659366227 0.33873866857512397 -0.1184508851409164 -0.4760571339842357 0.20717590369719746 0.002193514552687256 -0.3261582843297213 0.2815904466794798 -0.06530394151764171 0.3119809233456282 -0.08931075560198415 -0.289699094576379 -0.1725655414911909 -0.10597920325211838 0.18681422110313498 
-0.26965229855002104 -0.04608139001320047 0.27026748020894004 0.016935364826522886 -0.27127875000078994 -0.326419338698635 0.11538226285935553 0.3575329476514179 0.1870229684693919 0.2017911816267634 0.11818378970230006 0.25169869177914966 -0.29057781132208454 -0.1709222731440362 0.13182304159222485 0.25043454360561923 0.1395206550013367 -0.2682218309621782 
0.34608369193313293 0.2758470751135281 -0.3814559929904212 -0.257766199244439 -0.1519924390716586 0.16134718037370885 0.2186849274560057 0.018181991066072697 -0.21990702124108802 -0.06564355232015026 -0.264051818639047 0.3259834595721143 0.19721261089235512 0.034992053007913505 -0.03092735830806211 -0.2749932874194448 -0.12219811029410695 -0.30598555399337163 
0.2350175651067336 0.02989620349428775 -0.23067249669993484 -0.15654803710407172 -0.16216608784371012 -0.12890059295494485 -0.1109953318076817 -0.16849062547702168 0.11109471438541216 -0.3495652942020474 -0.1157551726500809 0.1838415287740869 0.36490790069509904 0.2399135320953915 -0.175651464989525 -0.18111047208533546 -0.2340631486745908 0.29404373530621647 
-0.20282203877710758 0.17496644215085694 -0.217296230988239 -0.3340687379973296 0.15793207707733897 0.15295083995874129 -0.41165345503556805 -0.1556714917557062 0.30813952221917423 -0.24274410058514964 -0.28343748861510226 0.08340239695641384 0.317089541948489 -0.27362206837525377 0.008640101576513341 0.12402598411840901 -0.22341774441208867 -0.38009228073494905 
0.3364088224106879 0.06496314203570014 -0.3118069310167811 -0.31249494323926624 0.09137587847314532 -0.24386342931118662 -0.190334129592724 -0.30320089540433576 -0.23592759614211278 -0.009110214426187068 0.00763016361358404 0.00895021982560627 0.46273733595531136 
-0.29528679595179247 0.2026105768585162 0.23298011385961612 0.0661351628626843 -0.028884991738626565 0.314091350068685 0.26090357746647796 -0.3602191227146034 0.3711292668608103 -0.395559072323725 0.05691110157374907 0.056361166135530966 0.26594296061478157 
-0.0818230883316799 -0.34044202562795245 0.02716872911289541 -0.4216424507767324 -0.12172027103925503 0.42315612140868664 0.3101473480948218 -0.3079833391483288 0.2873313514721116 0.20930280731793316 0.34257143527599915 -0.21830624020522738 0.002918219181811031 
0.27473857688460956 0.13139512393700542 0.07325603307688754 0.09093490574177941 -0.21347425301898237 -0.450647739065555 0.1618324233521653 -0.1884351723223511 -0.07207642048706905 0.13887891313586653 0.12329944301196605 -0.23568849850768717 0.31686720418359704 
-0.0936571264272454 0.10311692053539195 0.37394818421404846 0.05037216297401184 -0.11052642214439401 0.09300615270569709 0.0013843083343202328 -0.03695977984618722 0.1833703953469013 0.33954014218813433 -0.016038442503223005 -0.32910124828232534 0.054184339822696714 
-0.20170706415359158 -0.36902302861115477 0.22843385194238772 -0.1793210310910848 0.2194818626839473 -0.009113659685581803 -0.1431440938181564 -0.1462672828067225 -0.36701157950790286 0.026657862050214975 0.25714310107321237 -0.3326517628065417 -0.3124682142615874 
0.08506523629047258 0.11909131110311075 0.12585701196225646 -0.21059744627711438 -0.36314794010623686 -0.12140633588783545 -0.2716651205112169 -0.49345315025685577 0.2081298495115181 0.4447237052089842 -0.0850102526556565 -0.15724437603711286 0.09352798493753109 
0.27408398129196127 0.2339604531204658 0.11521970044169783 -0.071538223056249 0.17762166750342945 -0.26134121925501613 -0.1965283410999887 0.22963370574083397 0.37964834843256934 -0.2827287418176531 -0.16063529247743258 -0.39649003787187903 -0.0478387483958204 
-0.22442730241185352 0.10489907863988981 0.15867613858537963 -0.3024044432814639 -0.35347116960836633 0.35886277809664885 -0.08773375625947127 0.039137556154813125 0.3752768482361417 0.19675900812240146 -0.13707563154240815 -0.33105117689582825 0.012852904088140028 
-0.14214250204078374 -0.4128864389849321 0.1889133521307758 -0.06538798502231198 0.02623507481476191 0.2607365446831249 0.43248433234024775 0.13393168301906686 -0.15451757647243541 -0.34932770653770107 -0.3408280898139574 -0.14174307233992076 0.10579763086061854 
0.1536039490333404 -0.23994458006591893 -0.3335524679085936 -0.13696092342381203 0.01714434153555999 0.23444856131825448 0.0372316966944613 -0.15225879973298928 0.09712692674092539 -0.2112238066084036 0.11974299135393095 0.2720586179396838 0.09109522304455678 
0.09241440972682455 -0.18224060878974493 0.2774277384699097 0.47739443375386414 0.19656097462906172 0.11200256682211092 -0.2625661514588425 -0.11829081327837586 -0.11902465705318815 -0.21054903562232 -0.041974179081525335 0.0864187529500356 -0.29981624063609535 
-0.2029768700034679 -0.3437188892876518 -0.20126811243514744 0.024336341431101007 -0.03645311196467355 0.4624181900165625 0.4645785292359192 -0.031704508446594185 0.4275483218432164 -0.26024744789527604 0.03189019418309163 -0.03613366819792818 0.38501069079628525 
0.28604034277541257 -0.25841259054025023 -0.04698755356258542 -0.3189320245323428 0.05099019575670322 0.23080214224482984 -0.3983609546498422 -0.3028644531388716 0.46187342587052416 0.4333584435321343 0.043962326833454385 0.11449711161544576 -0.17313905103064473 
0.36217602301794133 0.1333403398625224 0.13097622162540654 -0.39245802699114113 0.28107298968455713 0.2204967981352028 0.1454280568243475 0.19021581447100366 -0.27330337053198095 0.17253101612493607 -0.3220706901821672 0.16304866302323764 -0.3994396862826277 
0.21878305188214117 -0.006523124957494999 -0.23448336521293928 0.1809398729904055 -0.14496627673682227 0.3062380315898725 -0.2540692970973652 0.35105704588728043 0.3775174157018352 -0.1538940837784867 0.2888287298092056 0.27228737038355955 -0.05867974450037957 
-0.08849720830944739 -0.1728236109786727 0.3960343231688163 -0.23744315259894083 0.3806305118636572 -0.08625521387488821 0.34795438060825845 0.25093457980190903 -0.28855394690499847 0.08897915550195495 0.13631265082931757 -0.07344767706929321 -0.40615685620839026 
-0.1565498239097474 0.26438333452497065 -0.3499289070265963 -0.34460837540050165 0.17305659786514355 0.014800920681534551 0.027092670240024014 -0.11949759007408227 0.1143468617676881 0.32428900585163356 -0.17598413943422272 0.27438895026801374 -0.0757929124982771 
0.23250210790169845 
0.0051138552217366365 
0.4464386423954697 
0.6758648117543867 
-0.016165191113181567 
0.3770713162682623 
0.06024065564645818 
0.314045241827905 
-0.38083254687837337 
-0.548870704772919 
0.5782332005258365 
0.37585298392526506 
-0.26580860336560275 
