98 24 18 13 1
-0.03473469782750135 0.08610060050398034 -0.2452650825026311 -0.11015883960914563 -0.17491939569703693 -0.1973493146261318 -0.11055886816730438 -0.023118751519056988 -0.060801683851344636 0.026824554748602854 -0.011060806644502954 0.09336555324807583 -0.1772642983676907 0.16952355761234367 -0.22585922534482203 0.0902206645549576 -0.07826305840326528 0.03434121685503688 -0.14251355201048213 -0.18634709924080975 0.14875294601950895 0.25296875440617383 -0.05056385283962408 0.18078537429852812 
0.2088673449377458 0.11799180184146861 -0.2081984804384275 -0.24325790746869436 -0.13615085204493213 0.18502172591540877 -0.2513848481665942 -0.1350223399937675 0.14043164992398338 0.0346756936075539 0.08722869860200963 -0.016512853388263325 0.06539800439267988 0.2206004883417484 -0.24278262733545083 0.1564390024687763 0.25967338113411215 0.1418118763704649 -0.09795633778180216 0.12925587234112654 -0.12907202665441847 0.008428923497328336 0.1591630899255981 -0.011852510510518202 
-0.09453950249761339 -0.17969242304356708 -0.2260766412017881 0.07451070502909159 -0.0792266017717148 -0.0893929297867925 -0.11304786515532705 -0.2763528982810941 0.02705313331586501 -0.16718485013173823 0.042668037646173135 0.11479536492971833 -0.21594512526581963 -0.001236009645058936 0.046594955241491966 -0.012119198899233128 -0.22571853093283484 0.060326931437736646 0.05431611744933114 0.007171912368495733 0.2080508952919784 0.023140787242464333 0.19378216718123092 -0.10911977569054479 
-0.06296973771843747 0.0462788033142087 -0.07885907219705006 -0.22891153505001477 0.19366549816553416 0.06962775244731635 0.04702758907998825 0.05451543614558568 0.0707674307557388 0.12718607523077827 0.0558936277090705 0.039603349903851386 -0.21136965779744454 0.277253178883227 -0.06974243511550528 0.30792489493547154 0.10658317192408015 0.13542666022958377 -0.1663363660918419 0.1605368591805366 0.06556680973367848 0.1343326797267902 -0.0805770247828923 -0.027995349611964534 
0.18118323212419296 0.02783337101452315 -0.21247013831101333 0.06413961358416513 -0.08415948574516055 0.015210716600149022 0.15321142851048666 -0.028355767913486513 0.1965955469280475 0.058085745518726174 -0.22403366170824723 0.18129194108049038 0.10656656422088899 0.2088937420599343 -0.12050448547606846 -0.1612209482143859 0.18731180825277943 0.10381248498626874 -0.18564252197501319 0.14255699749603115 0.11575825827809313 0.265947528571801 0.09218071186146252 -0.10327739007971608 
-0.0759278623990136 -0.3304636949181983 -0.23576467242033916 -0.22051952485957102 0.18923375077428528 0.1788284922692832 -0.03368936564351654 0.09507453214606319 -0.3268476580517555 -0.01574743457258361 -0.06510501155626225 0.3471699548103867 -0.10775047636617545 -0.090182479563151 0.09252344817934767 0.019498454174665548 0.23579886373836087 0.07820199662283657 0.13668006104261077 0.08264689580931149 0.12970864780224764 -0.010265628445200492 -0.2794243939721688 -0.1119733711779464 
-0.154977064692365 -0.2459178461852435 -0.1514542683157967 0.03854917447574856 0.017581825767853252 -0.08748977153341568 -0.21859533113493462 0.24556218407970654 0.00740277153380337 -0.18332578471984348 -0.2238525883051261 0.14148600623342183 -0.14643630812552258 0.06452063688329489 0.19572395510994609 0.1893938191952288 -0.10863194915444706 0.04434538977538147 0.04699270388085607 0.13408785672223497 -0.12018981321801643 -0.14024295999293707 -0.28805300521521543 0.036928216288172985 
0.11030537139738018 -0.07386303839893947 -0.07178277837808318 0.19414306574987403 0.015552709135426222 -0.08678674477870188 -0.05636281187037 0.08090693040433952 -0.016074481270513134 -0.08252763556815966 -0.1723926881059927 -0.00045722329577423386 -0.02643686150887286 -0.12819933439741754 0.09968342501278507 -0.15008018379918378 -0.044908818782244585 0.12112794867642351 -0.12120694886665123 0.026275905514650706 0.0491635591413497 0.298107382696955 -0.15208332245468123 -0.15193826131664212 
0.11543652482388395 0.036653200780393184 0.1619455359149251 0.17773391793208193 -0.19361769867806292 -0.10978623746747215 0.03352357786083625 0.1574587756340727 0.18260172477024808 0.02211604523020627 0.15368729536526962 0.1050550801400399 -0.058994948167718365 0.000843930268534039 0.0408290345708588 0.06375975402126417 0.21125862332768064 0.19612144584756477 -0.04114944038676826 0.17590398606763227 -0.1400195149493324 -0.1610321266833974 -0.14579116765759523 0.029903702375908642 
-0.19054477420848784 0.21169144840358656 0.12945074117769925 -0.19318449867297346 -0.12812132672055773 -0.06595526543459858 -0.14629379678702228 0.11402474888182451 -0.049163040808062004 0.17115448374761338 0.022160351159138312 0.1488590893094898 0.17179273544554707 0.1584840241972964 -0.015646823192013895 0.00036022332708267584 0.11469970708603301 -0.08435280937746346 -0.0037943270955631994 0.06669198521696172 -0.19297578590593673 0.02582633718901439 -0.009248027708198629 0.11634346552817916 
-0.12456223935954232 0.1717023166148656 0.030430149134950832 -0.1356387100444238 0.13564619518688356 0.0036313383732886973 -0.26553761489522926 -0.002798886120392437 0.11399601982751961 0.18069938038845498 -0.18734572138883018 0.18575961546940858 -0.05990092198914933 0.18298256246282207 0.017463879773955106 0.1205727024639489 -0.012161838135025053 0.09745108681680942 -0.0935841086831152 0.06420104577800109 0.11275678168382633 0.17808915366659073 0.15666065621184716 0.15390531263057683 
0.11621942933551306 -0.0387917242025414 0.05503659407073743 -0.03035732769927007 -0.04491519535709145 -0.0867188641845478 0.00931951803099604 -0.02129520757167272 0.09299278966473112 -0.09651713352357262 0.26046386387261544 0.041301079977893465 -0.13552137294338182 -0.06101473509053658 -0.09238761195550782 0.09754649912296387 0.062414129926725126 0.17062836965841668 0.06388933777722962 -0.07980212199439522 -0.14758005318466522 0.1283377751383645 0.07983661810190662 0.16352477566879847 
0.08937654268592812 0.11068430236741363 -0.022154562982914353 0.04296923684212873 -0.008195205217151925 -0.15622800625213978 -0.09058384440042229 -0.21646918098241932 -0.0858851998096437 -0.11324648327205744 0.2169676881020386 -0.11348791713705597 0.164852976544902 0.1220728390166776 0.06560798786626389 0.058031371058864765 -0.13218753764202926 0.01799043114092965 -0.06076587811913807 -0.12430560746027888 0.09693267202694807 -0.0007581273590565931 0.20910531305719393 0.2558355244565145 
-0.047801986220726914 -0.21279895510474806 -0.12139597142109454 0.002262156659014607 0.03072528754412389 -0.241790361027328 -0.18438485452162626 0.18347849045319 -0.07742197776532196 0.0393754031128864 -0.10510577243758024 -0.17121725073933367 0.03140541273642263 -0.02476991791092645 -0.14939055583048932 0.07286369840045112 -0.0035238113838066735 0.07413437220865692 -0.14084020902306202 0.07228444344344469 -0.06433493982219773 0.08524408049891206 0.026707149764795005 -0.12272789421499297 
-0.08165547926686964 0.1091001759462389 0.1299698155374903 -0.027655578598211987 0.18469826387809016 0.1738786720699676 0.05983665773776188 0.17695318673530955 -0.1562896075739741 0.15460714723342436 -0.004619317197339767 0.05742388426158352 0.11446177492925734 -0.22593875010640005 0.09854798093430092 0.12558017376402597 -0.05581675768379825 -0.10175982202445569 0.05186410970783626 -0.0625570316572709 0.11891698628331004 -0.05062412784607948 0.11201544818005284 0.23020835975360227 
-0.15064964021899813 -0.12010442111158678 0.15931839406758444 -0.009584841806307361 0.19870498553259908 -0.02016860093476815 0.2982895100682873 -0.02628030375095265 0.016264339496631253 -0.067476020216863 0.010929740602543713 -0.2630952555749055 -0.2821812725427116 0.07310152613514573 -0.18694553474451867 -0.08614962322963318 0.10192115007246882 0.06786150789790191 0.07507818593481413 -0.23437527338497144 0.057168637588018066 0.0845852123272807 0.2600683445317005 -0.07952832881175538 
-0.1231456339314749 -0.051461192023267294 0.09865256821119488 -0.01678259542307759 -0.17619837781237502 -0.04165345325976153 -0.12346860933674413 0.17397296791999692 -0.11287885791011738 -0.1880783044127848 0.036549329273448526 0.11251817224146282 -0.006950841765453836 0.06900061844738274 0.004337768011180567 -0.024045513725985682 0.19960419430433193 0.09614872925526177 -0.1861657672179304 0.07609079300573877 -0.005371128666967451 0.18048766216659637 -0.10999621795551341 -0.09177656179065519 
-0.18299845636264508 -0.04925536870160746 -0.19890421348004367 0.012987969080499599 0.13360109595606529 0.15473484523972242 0.12478254157286828 -0.09076967917429027 0.1287470515704256 -0.056934754940064426 0.15412012615040663 0.09154457129807352 -0.16904391588101533 -0.1499840824204213 -0.22982338241990546 -0.15193128654207616 -0.054767988786147866 -0.1538572550002152 -0.19848824676735105 0.0564420610440802 0.02487832468608462 0.12718518193940023 -0.021641798483943153 0.05098219286137292 
0.03071041502450042 -0.059120956298806676 0.1131229348236287 -0.07000255748973387 0.16105492841837193 -0.06944603250979965 0.09437963445730795 -0.1661688689599246 -0.014124936962802514 -0.14259852225697783 -0.08212903777372992 -0.14886883751197413 0.16225535227030896 0.28985357823029234 0.09678375194281237 0.24665314194101093 -0.15357163557029058 -0.1006460479627755 -0.12353342301457018 -0.04039581934920351 0.2214638432336183 0.30122538559736733 0.0054839740613630535 0.14667472272398538 
0.16449221382351337 -0.029005633413034852 -0.0986433532571029 -0.08472489095601192 -0.16387215993382273 0.15763637664449923 -0.1840298531791871 -0.1417452773243679 0.07661592582025635 -0.06617911865295141 0.23931281935332488 -0.059432437782600045 0.06712328132275347 -0.02147198455284161 0.14098322479865932 0.012793719612197961 -0.04568483008246336 0.057532139011809535 0.16640247414895207 -0.20099558904356302 0.11609732125945822 0.2034382125353561 -0.1447835014394866 0.027826336153918177 
-0.06466006940763477 0.13541563481664717 0.02284589448302868 0.0675798117547811 -0.037119824746748575 0.06534571932089875 -0.09338972302168876 -0.31244092390137695 -0.02112102108566544 -0.0390421073252106 -0.00051075354793237 0.2258631333534808 -0.08051391787477463 -0.08632118727356367 -0.08032506736612124 0.23247895552180398 0.21049174675293097 0.18030135795739366 0.16101277736692435 -0.14039004760910917 -0.14279247011790958 -0.07044482341376228 -0.07147833155757123 -0.1604079495011927 
0.1435403851127257 -0.0882063573226105 0.11539827879355814 -0.15189471090824963 0.05623829351531252 -0.17617825251421704 -0.04552149075086912 0.03318117542598644 -0.11638420023468549 -0.1968287251285864 -0.03762932525076225 -0.06294651011227644 -0.01870141024259093 -0.2171901842982275 0.027153283551772878 0.16163300951024667 0.11137922405015747 0.003040916804730679 0.18953631570176413 0.25367569931720685 -0.005131002213385414 -0.19342338236888446 -0.2637000708663724 -0.1846830279020541 
-0.0032051613333461 -0.05153535979338248 0.18614122199017957 -0.18913813159140777 0.21300761515272465 0.06992696676807537 0.09915989238839201 -0.01664825887713691 0.07823839644527741 0.03922917646561771 -0.24734855756105043 -0.06287536321029187 -0.02490039591725543 0.12413926078778598 -0.012228780481306127 -0.01774332216437912 -0.19001741915165668 -0.19490688619207053 0.10188812239048475 -0.11819500049292825 0.22853255231325673 -0.07489763397884563 -0.049642310977544936 0.013019311061616488 
0.11846175568835973 0.06896896870010998 -0.14878081910553803 0.02188103981122179 -0.00542245908996878 0.06919666575191127 0.04823129198199232 -0.15677417177034955 -0.2073828150960665 -0.03161303957126829 0.09964072038863961 -0.23193958621879182 0.16350231037870833 0.0833824806858754 -0.01980613152098037 0.16451113072315235 -0.0033547312473663064 -0.2251743182986574 -0.006064161576643431 0.08195620988157964 0.13474708238036948 0.05815206080510521 0.09517197733960922 0.026569412082884263 
-0.08344928381007174 0.024215766555022826 0.06745818105825092 -0.05789554167837139 0.11921780354407624 -0.16798089947903797 0.06296765443728318 -0.1118300327780656 0.04216380180110997 -0.028234659539802413 0.1265895034814686 0.00016517868662180987 -0.08784067002352974 0.14726120404426774 -0.07524329297885307 0.14001187283407607 0.18752790722056 -0.11001062989006836 -0.11292502244928705 -0.11899730259348885 -0.1416558540490425 0.06317686215619316 -0.14931386074541855 -0.11647969296338197 
0.0561794164918226 0.1472550087909009 -0.1666535817237927 -0.10589050775808247 -0.2206052146572897 0.08045179930610953 0.14728774481330334 0.051230017576406224 -0.010578440310443282 0.0953468891798085 -0.02526659454451528 0.16519303177516056 0.14979200224045103 -0.08115502501408235 -0.14822181148323516 0.1880032255193951 -0.18357442059964862 -0.1705536980665084 -0.026883611580947066 -0.09201767878262185 -0.10696913532525931 0.0979964903787431 -0.1391690582581599 0.1714355835782101 
0.042478495068304485 -0.257768954219887 0.03950808640549257 0.14748778853269426 0.0446652679121174 0.17454540779254563 -0.09945699746602779 0.12343166182417163 0.2198142786813775 -0.12000575579567206 0.07505794338664037 -0.1481946378890635 0.1326365068938607 -0.15749658335783032 -0.04106233692747072 0.039144430712316276 -0.14691894828602525 0.22469199941091964 -0.05089409392026744 0.006242772022068356 -0.025043962528359408 -0.1458559182102415 -0.28089228275075084 -0.16840801790663065 
0.05274114542354997 -0.16210826115634025 -0.05606467077855405 -0.18767851235984823 0.10470494070398967 -0.18359730085352496 0.17978193221366634 -0.14652362428324747 -0.029343505354565435 -0.18109136415418836 0.07338753677594843 -0.12763949941449357 -0.03748505183403841 0.11155950968579219 -0.13867375862169642 0.030526651958103453 -0.1099688189028951 0.1190347066911777 0.08778873466316105 -0.14594369700338197 0.22187145495138677 -0.16758779849675304 0.09894490279193435 0.022997597028948803 
-0.03063609589738264 0.08676652515980283 0.07936161283017915 0.19180247233095898 -0.08739055472862607 -0.15232362734387325 0.15912580876480026 0.21188815442461012 0.03431430386274558 0.11347778915542617 0.17697228602161225 0.17731628094481156 -0.12246685902296837 0.09315741987497314 0.06908742906613904 0.09871819287897558 0.011446394204617726 0.05670817943882513 -0.1980181257949654 0.08357390130580364 0.1330261268277859 -0.08500588358222773 -0.27119376321890737 -0.11036364325749744 
-0.08648634080805298 0.12233340764587658 0.016838029409095477 -0.16357683341626705 -0.14333147395769277 -0.13372062615435024 -0.05295725817581213 -0.06909574713042124 -0.0764587985263013 0.004785501130536315 0.07093929081920927 0.011102422672212814 -0.08944780793107908 0.06889802389996508 -0.109976491418785 -0.013496845251085507 -0.019845879530095676 0.09827606072628062 0.14966040444670436 -0.009212624754831816 0.1540391371867893 0.043689489508958894 0.030936428302692734 -0.1459538643372804 
0.05090968527604656 0.1454738762815849 0.04128904801167975 0.04136416356448121 -0.008040588728649524 -0.08671444992038874 0.10752394335868232 -0.1821305463829426 0.01822827062611561 0.22641082039692276 -0.005107196474703137 -0.1157154339519359 0.13424124153152556 -0.1240307475315623 0.07896382022230104 0.046024718597507314 0.17512213354343378 0.08725500278088624 0.13381355701641043 -0.19606087793851115 0.26296872944767175 -0.12728981374409562 -0.0533518336202679 0.20106554884202266 
-0.19565235603085582 0.16708137748529503 0.1340155965880385 -0.026929396899200465 -0.09629186367862502 0.14029545344827676 -0.02434055165650167 -0.09828609363176428 0.23038796715196228 0.16655873550808123 -0.0032912375558754228 0.12197045031817372 -0.061007925543055896 0.016792822383567586 -0.044632073899908996 -0.03365172384439935 -0.10162707752676801 0.1868926787680383 -0.08097403521501706 -0.16742447747132996 -0.15488618851080177 -0.1720363865336756 0.02183017369722034 0.025189873979573767 
0.17476627608256592 -0.04161114198694489 0.11530000698621752 0.11438473079235635 0.15083207626847323 -0.047369681590369105 -0.007962914777489682 -0.11297773676775967 -0.038451509532381745 -0.19963711295573705 -0.03573561586545421 -0.11463991637163078 -0.05043736207830941 0.16927898983240539 -0.07061002314737048 0.18761549589812535 0.03241507505623157 -0.08144413124977909 0.14165699553974306 0.12832736927521368 -0.0859478980603304 0.12152869405494156 -0.00257843859592389 -0.09950654999553762 
-0.06666305846127436 0.14722411776871586 -0.09114781617887868 0.18641987239902003 -0.08054749492408315 0.011697154013568311 -0.018045482533154373 0.13764732074543043 0.17149941016194856 -0.12483580811094018 4.046669500831623e-06 0.17887691068029346 -0.006205755954969741 0.18937276754504678 -0.08702998393984399 0.02775157117356655 0.008388610610432667 -0.10728803243936931 -0.19369240120198822 -0.03255793939882504 0.181383503836627 -0.11118613029250567 0.1411222990915771 -0.25421719271823184 
-0.0620397024272384 -0.2361718515662653 0.07929577247043461 0.050483262553041426 0.07410777214644906 -0.031765602130214315 7.702061337035257e-05 -0.1440433941709412 -0.09061042026741822 -0.05019640236884351 -0.0636069126335991 -0.11074623649175037 -0.0251828480805178 0.14583989959621535 0.009579145526230591 0.15224565445798993 -0.09610691490028689 -0.13886868452709136 0.005519845340013962 0.13044760996844584 -0.12500869644107157 0.027510668385729773 -0.0866852520417469 -0.0010548782758192745 
-0.13401899001418238 -0.16529556356335698 -0.0938455960770363 0.14847231592009583 0.10986687900460643 -0.020833148013038878 -0.031811347099165915 -0.14047005838238716 0.0014448565719260432 -0.07988843443448117 0.14701069384586402 0.09061479496261376 0.05067747806367136 -0.10824012291831206 -0.01146362371847121 0.23733800066935434 0.11529561775680716 0.05538807478895674 -0.1379525736664706 0.03729620087746794 0.038106105440755655 0.02073154184147552 -0.1001197436378022 0.0388452766001304 
0.18030259194381418 0.0943412652504721 0.03102033071410978 0.16609807790811668 -0.17303784487738513 0.21971566879922688 -0.21339260419073305 -0.12259355543055926 -0.06123611805443964 -0.18718025298058258 0.032086328320845375 -0.17761797163092694 -0.1458851281097378 -0.2057929833517856 0.08007379424409952 0.07794539330747084 -0.01517942661623521 -0.1233078160589169 0.09738878116896121 -0.10392186910105052 0.15346541924987683 0.00436817492406642 -0.007894020709610136 -0.1877195024133927 
0.013290185807142519 -0.03572426873320843 -0.10688859037166301 -0.030921712018846286 -0.046037415483338125 -0.05319067567355079 0.2770612655341767 -0.008496790123682364 0.18961513340395664 0.0029263868797615926 0.20518141956518413 -0.13020135334226415 -0.10837229896753661 0.10869387159378245 -0.1816224600686671 0.13217657756900691 -0.028795925607139762 -0.048444336756890936 0.19727299905816678 -0.17561831027614094 -0.04244456079382066 -0.1866627926272329 0.09976295599616489 -0.12640682466518743 
0.13372486560605995 0.13852975124887024 0.13241255377930894 -0.01879278767178397 0.07698143849428454 0.16031822590776051 -0.03504953367136508 -0.02032746317227305 -0.16010740927864736 -0.0548511961374208 -0.14177539618192397 0.16483240736054633 0.037028780451441 0.017523510847772074 0.13762667157767008 0.061524366684353314 0.001303031259493334 -0.08550799851557161 -0.17009667015695515 -0.03200330802674547 -0.15337454153737692 -0.034949591762324275 -0.035575582330652916 0.2715675297333798 
-0.1550046834927267 0.10797688347708355 -2.6312692380599406e-05 0.10940869739529381 -0.14121781664087624 -0.16557341516307963 -0.04546242447431708 0.1721981807132604 -0.10231696018081377 0.11588081156025844 -0.0825315924367583 -0.15934683778659187 -0.19249600081637622 -0.07746923124847743 -0.046583776119950834 0.03447447391612091 -0.22026598136021516 -0.20824304428697127 -0.1925526920206871 -0.153224894498747 0.05598182818649092 -0.03808734236414791 -0.11095193529710388 0.022609082804831516 
0.26029398492940975 0.07248891493491967 0.07852565464387494 0.14791035940232247 -0.18316428857075107 -0.21818992085224576 -0.02164531792877101 -0.07166028856193217 0.15308259301910185 0.07155718948027816 -0.0035793806152616516 0.23206094972028002 -0.10409510385236755 0.1362972490157131 -0.09715478793362874 -0.0500791439433819 -0.0121081777415904 0.027422237234722348 -0.11051781688672739 0.11873184776426955 -0.08222340163336042 -0.16117184541421525 0.10864583691602824 -0.06698427981697556 
-0.03290693696948166 0.12456198062469843 0.010054393530483674 -0.20213599373727514 0.14835718686270305 0.13559709948047696 0.2331636102590482 -0.045995058160636225 0.10832823244939958 -0.06304350278353935 0.016190991145585 0.11342178551847293 0.010847952603789823 -0.0032878257129948427 -0.0683708851256033 0.05417201904598732 -0.17536032616863545 0.11343401879462554 0.09926523834377322 0.054125894477386416 -0.08103458338219761 -0.1266907955740613 -0.16529673383952248 -0.0700114677365254 
-0.184224399784716 0.13333941855316628 0.06691146592819774 -0.03410301903131246 0.10568721716444687 -0.04121274457152877 -0.18311111833282268 -0.14476519370012003 -0.08316822545912582 -0.006803175763311439 -0.17806719516336061 -0.0019220300748281237 0.054896973167201296 -0.0101475100656472 -0.026423298372815797 0.08772593151634756 -0.013272629593278427 -0.19302844317788329 0.14793106216160623 0.09152580639877347 0.09475914472095998 0.1349913375664946 -0.25611981656472455 -0.10454412989629026 
-0.17360283544860114 -0.07931327398053985 0.13507972679793398 -0.16621130390551594 -0.010478283884070575 -0.17457657203294655 0.07678052524916983 0.11552784911286626 -0.22737441252663923 0.019547333079059936 -0.10281086541250385 0.2440698668409448 0.15329044133720215 0.07322180328967853 0.20459862062305528 -0.03688150757853067 0.21925418459099824 -0.012748347538231525 -0.10424738890634859 0.23898074903046945 0.12074740528378575 -0.1729684244069485 0.1214913126066823 0.09472550075441402 
0.06849584251962114 0.03367982217206504 -0.09721171437164934 0.06821716246649144 0.12443615127799464 -0.177338175667044 -0.14648958884907848 0.10198340290706433 0.07006060694407015 0.012196036574215276 -0.0992658569500775 -0.07426389496923938 0.15028236166845954 -0.08267008003362444 -0.17316314532054686 0.19301656164148112 -0.10846855073354213 0.1398984714195888 0.15143776288913702 0.03578341184684389 0.05920444795228542 0.03220384765669172 0.04573476874727418 0.18552645997460615 
-0.09848116907918553 0.2164175514946522 0.026441306394184676 -0.1526980589030897 -0.10776957072108788 0.10180206464464948 -0.10279681036496605 -0.14612513652852427 -0.09861846558250402 0.10646062299034323 0.09586941679473 0.16005313744229957 -0.03725703586730098 0.06268984047735363 0.029993529314539632 0.051948102591266816 -0.18010275339524215 0.059714792190665576 0.17016103422636028 0.013520641690185612 -0.12155900839031453 0.06774287980044515 -0.19631013288641633 -0.06746377299532509 
0.25775808157769486 -0.03219948302689605 0.14073392664966267 0.0409713685806909 0.1276294263385123 0.2252912006894042 -0.09372505809294872 -0.14953337648437953 0.026990222439964552 -0.06316507897862492 -0.14801007481353912 0.11106016807668802 -0.18464765587691617 -0.06496165244924663 0.10892935933381882 -0.10136401077425995 -0.03493143359934403 -0.1906051554970703 0.19826093298746456 0.03061270841084947 -0.1674230056646953 0.16791632755725336 -0.06997849671364774 -0.017675504342405134 
0.058076699354824096 -0.1396706642869019 -0.0765748439059358 -0.05030197691425663 -0.10079965674651782 0.053365344057788276 0.12739438483577606 -0.1701228782841982 0.24994141614999346 0.08584967883706816 0.17622379816148234 0.0706625703607812 -0.1264708397421095 -0.08551663303340595 -0.021205143883735 0.02578720894631722 -0.007312335843016078 0.033598199302065965 0.07138920099540086 0.11587049397217579 0.012363305617692406 -0.13825180666620973 0.1552376159856553 0.04152129937109067 
0.19050562478597424 -0.12081871792546585 -0.12792761112898984 -0.0426364650252179 -0.07051273688581616 0.15224679949746403 0.02236731849461654 0.10650402714287258 -0.04375577879122835 -0.15901608682097962 -0.15272548595314772 -0.04470724745816325 -0.12104120782836518 0.15384381572436417 0.03898937892747441 0.09570966909036355 -0.022948339738128043 -0.16356520120192944 -0.1045418236502525 -0.04317537523631268 -0.11914011289062397 -0.18894201120989165 0.08988715697456481 0.07161668460408545 
-0.06661757191721915 0.1596213447574216 -0.02795803033926183 0.15644020099267236 0.0568793178799774 0.025123411831551527 -0.11828432727614677 0.02478607269351193 0.15890547447808792 -0.07669172305188253 0.14816162888867412 0.19429008977685933 -0.06683436518214576 0.07825907947938156 0.15847589204970633 -0.17369687320452762 0.16526975229091298 -0.12224721606525461 0.1385532700702426 0.06420635121618527 -0.045452365552441414 -0.1380930327191268 0.050335275675532615 0.17436264596109258 
0.15875689718020505 0.059924100091482885 0.1815559318410805 0.03516970836885158 -0.11944412895448756 0.02209981542066802 -0.07168885673341814 0.19871261890054265 -0.07098834915581946 0.20986808284357392 0.0073245107796977805 -0.12635166789974533 -0.16906079405900326 -0.034256943692862286 -0.14934637802767856 0.07864223331452505 -0.033103953355969974 0.20999875171141597 0.1708923485992731 -0.1389534505891672 -0.030321339809053667 -0.032783354026045666 0.012055335868484339 0.1395994938534416 
-0.06334271624767604 -0.07172709112659355 -0.09379804045540811 0.18579249586498023 -0.19024186799833626 0.15467224508778227 -0.12319788496905165 0.008576609836346692 -0.06900722870123265 0.23606914553487918 -0.14960697147751947 -0.11615167031215859 0.15417753902172024 0.04504294376046573 -0.07500334711968078 -0.1989719700969066 -0.12470243591346936 -0.14049499101946858 -0.11720023519548789 0.18100982750355143 0.18250135382719962 0.09968644222181224 -0.025767808694001623 0.11122261229078724 
-0.013539816281281324 -0.04153476112016747 -0.0883786401524776 0.19877504875821186 -0.04425542320684156 -0.02809453128532291 -0.11313936548792199 0.19018902072431307 -0.033805673657049666 -0.0796390189460909 0.06674262208473786 -0.15666925000788606 -0.14456863955061464 0.12946273909053416 0.09624444913799717 0.01136198686045581 -0.13538983535334248 0.02049067176262756 0.054253945842719836 -0.06773588255841918 -0.1719257029847678 0.14610677814012285 0.00017005244032952438 0.07295651294572732 
-0.09703237774643117 0.05376252219070106 -0.027819680104445757 -0.046182009789263845 -0.14801906825078942 -0.10087204798779256 -0.16713367569793083 -0.0887801596538496 0.1268087637659174 0.032150405740237274 0.058227924347777904 -0.23706035254258764 0.09804980224719968 -0.019679860486158298 -0.10620776565917965 -0.16432494390221217 -0.15727676555710077 0.1363382926940614 0.19221413841249801 0.20613390573477558 -0.059896617724715814 0.10857347675170566 0.04075002562501732 0.12037036053471709 
-0.006337616111220866 -0.10125613670944031 0.11347555383227961 -0.1586956012133275 0.014430270211026799 -0.0017307818589299858 0.01902229751824717 0.06155281456658635 -0.18966976826493762 -0.04189853880817352 0.03484337679675193 0.20549607793243616 -0.04153983725092736 0.20384918388967724 -0.037558400646240074 -0.1442337668990038 0.11411132924977202 -0.06502216818122969 -0.11138179301921167 0.2572070947440027 0.22539222573515355 0.038668677930011136 -0.032340946558186416 0.016370611507597645 
0.08983782926722368 0.17780197755374838 0.137247656582325 -0.13163629426862483 -0.09398366954493945 -0.2089462043369029 0.1991064046702641 -0.10401989887428173 0.04582910566216491 -0.16297671968148333 -0.12657705288771648 0.014154596510903106 -0.1884348600704289 -0.023395327383967553 0.005667528808230174 -0.058243380947258255 0.02700730039457186 0.01433695615550266 -0.04282890715970006 0.06262736338325564 0.09182540474563326 0.08280667128600551 0.014313819132558197 -0.06039652242214985 
0.04429544189509578 0.1791155556668675 0.03790851435719815 0.2252352626422698 -0.023032684849419043 0.08977173648057253 -0.18402532929362828 0.11319585760823886 0.029207296173693324 -0.19712321570293112 -0.07780247922570302 0.020186243055310443 0.10575671009425847 -0.2133605745195179 0.01914091685660125 0.13833954750769986 0.011095639830513631 0.17500845176964214 -0.1689971708359403 -0.07968824481839051 0.190501935021293 0.0996815195972054 0.04750871205536686 0.10721806879320088 
0.22426803466144282 0.16825971821216723 0.1986815110560086 -0.1428104029819625 -0.1706910925290668 -0.16950852049514673 -0.19329617982086675 0.1583010464190644 -0.22990300756384568 0.13532409290727956 0.03513815225311546 0.043542991693073844 -0.06016344005199772 -0.01245060754900549 -0.09705221811437753 0.23177279312969945 0.07820585958271681 -0.18875968882153432 -0.015005396424847965 -0.08611046427421284 -0.16574819634125343 0.21605673337326758 0.0692768745601531 -0.06687774367394758 
0.16027396107043793 -0.09658328656614124 -0.07554481503895331 0.1599206209451237 0.25119427122481763 0.06374589391695772 0.17035531490684808 0.13843873121870495 -0.023488531836601018 -0.05809463075445817 0.07326049875061402 0.012460831121354717 0.011164327699254477 0.26105900374420465 0.10813634829082619 -0.0625994871172489 -0.21904469001295745 -0.12462676650279882 0.01046416557784644 -0.032409292418059996 0.16236410592565872 0.1997045649370458 -0.173737024492863 0.18803873255468154 
0.18199888857606253 0.18283985786305326 -0.1839204868036379 -0.17593364803019026 -0.19692795499018517 -0.07364008269726055 -0.17669665864121079 -0.08111443585463989 -0.05647770186126607 0.1804928441532107 -0.008980194441494744 -0.08732949424638843 0.0011694536847265127 0.0562304647850931 -0.154253430544409 0.10180163439730262 0.13942877222437244 0.13633421429719966 0.15496021544074315 -0.0462838106458662 -0.02193652572150582 -0.158152068203272 -0.1082470278153796 0.18764299467090398 
-0.06271317222349629 0.13598454398058032 0.15497854816231865 0.15635418059759337 -0.13617365206788382 0.20462004342151793 0.03505155336860779 -0.11431947664176634 -0.08086500321964925 -0.13465871617903086 -0.02679250748648518 -0.13842966499443923 -0.13248919329122807 -0.11969916160085807 0.07511200770912282 0.07845066571646966 0.2091964167106433 -0.08265482647486945 0.050800216773347846 -0.18531117865425434 0.006308539451969947 0.19649196558891835 0.16853124433282377 -0.1952732316513551 
-0.09745009144064652 -0.1090296351731901 -0.18000090852866854 -0.19515165600417078 -0.0038170018992614413 -0.1808334172531575 -0.08729379293229822 0.05489360172810502 -0.08078468834838334 -0.0907476186241486 0.03541474662257497 -0.0467995929247733 0.07967786288841455 -0.0015084207311050952 0.05222176285295192 -0.057514152489422425 -0.08382571733452097 -0.1454037618132154 0.1737743115754058 0.12051358368269117 0.17415794298703421 -0.12443626923623624 0.17218663632739484 0.17323736661079328 
-0.09696644272211605 -0.057141871433858286 0.02007162909328386 -0.12447288343259383 -0.022603949654836426 -0.12980891407190362 0.24084734777051953 -0.0024035583769822155 0.24933634399402588 0.020494022992123353 -0.006108081712762537 0.1640681893111471 -0.1413856852278752 0.014910069177697802 0.06356015618836204 -0.025841351273817596 -0.23989934848603242 -0.002832687600174762 -0.013593697800444159 0.17993622000415618 -0.0959266312585932 -0.04250601343148521 -0.07105965056892624 0.07329269254530436 
0.20882311635709416 -0.13229144536444637 0.12717536626978942 -0.10617575007801427 -0.17577486921963775 -0.1732328064338365 0.20302131056638084 0.18282481215438398 -0.0925816800298514 0.18531010332999617 0.149438457981804 -0.04022596207334253 -0.012454817831335797 0.046972559307299426 -0.13541707241500606 -0.19328063798663833 -0.08991762655143412 -0.1930121648846793 0.06855560965120625 0.020086214095028594 -0.09005831306021185 0.12494672119894448 -0.1445889600253806 -0.10062694710743907 
-0.08173011665478014 -0.12020586777618804 -0.16366012083837453 0.14668566082382326 -0.16355915689566197 0.07220832341570865 -0.15056254556311127 -0.1949379073041678 0.022356930567561592 0.16166013476339505 0.1428530646630027 -0.0634256506742955 -0.1882596447395757 0.1189200847402643 0.1209741488255814 0.14608638744817595 0.06663276427010072 0.12169325583724659 0.15778072088718392 -0.018012796619487095 0.02257512644712477 0.002386343218207856 0.07549175398937186 0.07188959334216999 
0.07435355476649883 0.07117428735840926 0.0022493912465667036 0.1284759324581701 -0.0858940555832206 -0.10626726148638926 0.13317027305126908 0.09186033535456711 -0.16447905440620808 0.09678134027205718 0.12598641558611717 -0.11122149654832376 -0.16543944557080698 0.04358250550243014 -0.10877219462826314 0.19097573707288298 0.05717561204849732 0.12885018240356144 -0.1556375441768691 -0.16513688942739052 0.12858618130243654 -0.00460009804821506 -0.16393728159341125 -0.05053505304744932 
0.06762248635637452 -0.12274918537961264 0.15706686819733223 0.21645393790826564 0.1791701965652873 0.09064295508278185 -0.04489850555792351 0.12715934976365498 -0.07563684438725236 -0.07295119899536097 0.04145336468192213 0.023602644998938414 0.1871433792977165 -0.12635252919921292 0.09655872224522019 0.17643890066244966 -0.24324265443656087 -0.009316439779162756 0.06164126175045017 0.17222362186811616 -0.15704077464262958 0.14012822706836395 -0.0531793701022683 0.15311890413904977 
-0.18803543054709795 -0.16468961992315864 0.1917356222578587 0.04287318632576192 -0.03220116112075582 -0.13092450233121747 0.05881713588919979 -0.18428016339943076 -0.07406362667629786 -0.06935712767445666 0.042061909552132036 0.059184957788949805 0.13705975049540842 0.16993209216334101 0.062993804684113 0.030554473835950488 -0.03963802951586751 0.18573426667376058 -0.13700596892818465 0.15680772500305518 -0.07430209531947793 0.018920085964440028 0.07155615493213767 -0.10398572298291911 
-0.13151788075082452 0.010747241792097987 0.1539345898042244 0.0917008676310255 -0.15113789660609067 0.19602259418569834 -0.00789317778893127 0.20656794116423724 0.03340738524490025 -0.16492729925502944 -0.11758908289568612 0.14903351751294003 0.08464035601342874 0.1500251005892781 -0.06711115000869831 0.010912874143979208 0.05711396547392056 0.01732058653939663 -0.10598616930485884 -0.02859403028549728 -0.09933739841749313 0.14562713128609037 0.22426304071532913 -0.17229723866249058 
0.12285786721939429 -0.10358710301465236 0.04915381038196116 -0.09534096824935467 0.05925470251788275 -0.05050220411900499 -0.10829883719507806 0.15420707107801837 0.1677457468833575 0.04446789807211039 -0.11278269771352918 0.22249178283399662 0.08282437427481931 0.1264676739091835 -0.11388189922582724 0.13051237735720383 -0.08471077400843845 0.08416883280039093 0.08294418882353945 0.0791287818335227 -0.020875586559963202 0.14216867865337632 0.14996023110279721 0.0341859730687555 
-0.1626621028806131 -0.08123314215389792 -0.15666678652578975 -0.12951379967996302 -0.14813286811702087 0.05704977567367254 -0.18329281740707354 -0.10195333696637529 0.24992325019849884 0.14893212244952553 0.04126661002849306 0.1300061675863706 -0.18165597107212064 0.11303151334212024 -0.0741897684875658 0.050418840874464736 0.054322244811113654 0.08867257449285418 -0.01616656662017684 0.27363944600121864 -0.09543533909599522 0.11280816109351983 0.13515221147452458 0.193372763996983 
-0.18603571926395251 0.15976518730829695 0.025603798707106835 -0.002948951103648361 -0.09490695928258971 -0.06802865770252137 -0.09879836730325264 -0.11086213571412289 0.19445177218278906 0.0009319677640286949 -0.16557856588819436 0.061156786537008116 0.07910804937561045 0.053112441452212174 0.005994831783708097 -0.039153874535374736 0.15790408554761473 -0.1878201575005119 0.17202813699782887 0.24883909450634956 -0.06413649245977855 -0.11278386212533167 0.11701801542653557 -0.12740849880051783 
0.10910452090478355 -0.11283387650537621 -0.08232953339298463 0.20617809622103903 0.15996761952187036 0.013266682255501224 0.1586472764860705 -0.05785484444421604 0.23583120279484246 -0.02590019431949596 -0.08073700234728728 -0.20176386697240137 0.22048600238885216 -0.03078925998474182 0.09243684596188244 0.0630127446101387 0.0822599923797672 -0.17855388971208236 0.16688592932842816 0.20399216657446936 0.02527992643798571 0.20475899408957418 -0.09594559238272063 0.03997733078422876 
-0.040524688163999595 0.11843398281026846 -0.07842416185706197 0.19731896747123867 -0.1709968467648757 -0.18229362644967897 -0.17924814607468023 -0.1384632132006973 0.012066930522944115 0.1416746688296784 -0.15443500113937608 0.005990600692123072 0.07216560770434848 -0.11810582226159083 -0.11929729348592162 -0.11033165646616688 -0.18150609704865214 0.08610050915271106 0.06037511014656054 -0.02195039142895498 0.03756362420404453 -0.15476549174054874 0.2542259254548473 0.13769184416676955 
0.062430923063460854 -0.04867513316638055 -0.03261969809156647 -0.008508780343923597 0.17304745424746903 0.14401195722284407 -0.02603546895330042 0.011959331522057276 0.18241230623045124 0.1854010782808965 0.05458158706004081 0.09761371558574519 -0.06383144459319172 0.1421566403662349 0.13332100360129107 0.020316001161602624 0.15661164464812752 0.11774535466244325 0.12194681859048273 -0.14641623126746803 0.00446004061036601 0.17440907840312278 0.13173345082799687 -0.03099137960209317 
0.19030348805581548 -0.09827527423289129 -0.06534264006540912 0.1807048765490022 0.12206869120820361 0.15892752351197745 -0.19457639464423535 -0.04710304363910999 -0.1043643138633516 -0.08029063896161406 0.09379612753682871 0.08825439752331765 -0.014896682761311826 -0.05282043359706796 0.033113991563380386 0.013141202534412772 0.019738153445314377 0.04522727079443277 -0.0408452705740603 0.10725773850201775 -0.09810369822508115 0.06113494873871723 0.1832152853117547 -0.19783865997157893 
0.07100947873887344 -0.1505140470793052 0.017080904446746203 0.04973795875912748 -0.10139885359537566 0.15854164672154517 0.06749397064899752 -0.10589355255086808 0.1355979252026835 -0.15656812410637025 0.021556873866542633 -0.1903893560342375 0.05679373504910418 -0.13488544578297065 0.058645379611021196 0.08496777254765644 -0.010696017817920853 0.04931833923225497 0.12390459273385757 0.14828320956669755 0.036242294099085144 -0.0398476780232559 -0.028437435201207954 0.14818557278610822 
0.06704326124155731 -0.1342305140154237 0.025673545644828624 0.20142128682331772 -0.13836872401489803 0.12835964597117508 0.16347642010339644 -0.006524437785235205 -0.1840334454231271 -0.1396506895045316 0.20762718178928352 -0.22240884289872304 -0.0499688651097511 0.026506973864417124 -0.11979866649934663 0.18952988735130671 -0.19020626231196405 0.015474614143854905 0.046226146970988355 -0.10617519480917935 -0.03708446793887807 -0.003500242216654325 0.14133412032670473 0.05264480923373627 
-0.012649903283793413 0.04436138059205052 -0.01818982113251646 0.010019121640709486 0.062245847552113126 -0.12611517808888384 0.121145289468841 0.03985722781082191 0.20585730727238752 -0.10961608714227387 -0.013151269500527916 0.18168168135318205 0.03969664688636181 0.10495446962046537 -0.033757606448842854 0.08736670492891735 0.1827397455555784 -0.11850123540768936 0.12152745369069685 0.21856485475087506 -0.19336722560174818 -0.11248584838384362 -0.15178137981447126 0.10554117789215718 
-0.16637593224418212 0.24107633340447676 -0.04322218435166089 0.1841820282006584 -0.12315409444228248 -0.023085343848687778 0.1724154235195602 0.06770150241769475 -0.015838649128432417 0.004925435616016613 0.028871386825216217 -0.051203723665992636 -0.12115697361288205 -0.1675769073057825 -0.13815240305788867 -0.1779951209795178 0.001205422897508872 0.1559445440964882 -0.05525158189277849 -0.16876292499696238 -0.05572087497080393 0.07801898316468016 -0.005405662662382089 0.12287293825408799 
0.17571904151797552 0.1466593187661703 0.08026462665861513 -0.011576443375137168 0.07180675792834791 -0.19383413020748033 0.19216882595179194 -0.12977482176926475 0.1613174686065218 0.12142508747827646 0.11863174397750181 -0.09103390400805833 -0.11090778109795794 -0.02781750984452699 0.13839329199971703 -0.019362763385289573 0.17310261200087765 -0.05779682353408122 0.04677051365616199 0.1914469733202032 0.05627180140219546 -0.18082690792006642 -0.014209798435316438 -0.0648907050168075 
-0.005295464929800602 -0.08046159841039932 -0.14981284156846997 0.06609492714821831 0.07127593122750024 0.1268941076833817 -0.1457362075259159 0.14921517240029933 0.16157481681246472 0.03392502512471862 -0.11660414831302744 -0.12198532602454916 -0.019027701577951556 -0.01047442379646808 -0.008790186523496824 -0.01268511777554144 0.11645594001932716 0.13959659558229168 0.1252924721431094 0.19964990075977945 0.020284409530608852 0.18924780670611438 0.06204378342914159 0.030964431224451062 
-0.07101516361464204 0.15260173332602855 -0.17820779240290857 -0.14486451577936857 -0.14659772375554694 0.003542488155465525 -0.12846799203795842 -0.06235869836200144 -0.12787450751484022 -0.10507851401147592 0.27872124466438775 -0.0679075785753266 -0.13821409282401623 -0.060472516324917826 0.270253765768076 0.09009921386697614 -0.12331632259367825 -0.08508933105848794 0.1032665351195482 -0.10238224426590924 -0.09689526711243907 -0.1652163596881284 0.23341985864644674 -0.02033369564964567 
0.024126951284534164 0.09328411544132047 0.11716927068783894 -0.020486666412152084 -0.12493885276056158 0.13010012118362302 -0.18670297647551884 0.17767902064185234 0.030084967097459815 0.14886594309762105 0.04250435936505421 -0.09792160599664648 -0.08021318987100079 0.012834497047451375 0.1838964963296996 -0.12479121832457475 0.003853497634255029 -0.061313449988609846 0.10646107017630034 0.11972434060159369 -0.02948142407878477 -0.11692440537896695 -0.17208744681343108 -0.11911736951475421 
-0.08965380074033764 -0.015244772802368137 0.2146986019141973 -0.14740777464651642 0.2213609466845179 0.03585278536374922 0.13865919518311776 0.24716038031812623 -0.004683655679696857 0.012311497570928505 0.06476474567077664 -0.02671202637358482 -0.07902803528106442 -0.1566175077967054 -0.08466577200998324 0.0865273970156239 0.009794661484568005 0.091211912531267 0.006668009897010452 -0.10573157427873128 0.02485828764429768 -0.07708428455494279 -0.20445573001076792 0.1450764682118345 
-0.031126295692892596 -0.02574518566574611 0.13154655434991258 0.20498101769127602 -0.16989308525286198 -0.12559512436665668 -0.06980184514415347 -0.10291123114963913 0.007730284977637531 0.12838458232262145 0.14024398419699685 0.03447730381230458 -0.1181766726612256 -0.16314132708824275 0.09594717037414485 -0.10368836367859637 0.007958518730497896 0.08599051530114912 -0.10727069521706599 -0.12880173011651178 -0.18316146031162747 -0.1468101043571441 0.16432050655821925 -0.15691959520451526 
-0.1091114615637141 -0.18598977582557152 0.06929204493260836 -0.1058901756767629 -0.03378842879851473 -0.1429505273068554 -0.04810748484691169 0.0027441518651481166 0.03257451293836453 -0.030155754181364455 -0.1576778863721043 0.07643169996556487 -0.14379384036911255 -0.07601186860803996 -0.08983092650181991 -0.07827492708145492 0.028773788451985916 0.006927749981115588 -0.12254884688441729 -0.019683377061027563 -0.06299436029046616 0.04600620881374702 -0.10813176952011504 0.1018791744045073 
0.010221314270778178 -0.07485892816950412 -0.09711327933533971 -0.12412537167493484 -0.01098296217196706 0.2614449422718593 -0.1562186005293315 -0.08525050246716419 0.05762669866456912 0.14861235559762495 -0.08712252070376025 -0.007063430702701827 -0.06019249961769683 0.10268292133730737 0.08636517807408584 0.14158289151041417 0.15708446344924645 -0.040836818499137985 0.1691798996962031 0.10016307020994869 -0.07574370826485631 -0.055620713042071536 0.0938431709657748 -0.14827483632116675 
0.05232108351814553 -0.07941728862892948 0.12948480817122457 -0.053116989862526214 0.09195112959086182 -0.1360662799861779 -0.007226966900217429 0.11507381926732536 -0.06461219019688567 -0.13399356724868922 0.058453765001651115 0.1315941120219469 -0.0865516727544836 -0.003936541893562771 0.15428661795836537 0.1839415425437777 0.11613541302829601 0.03555393112248253 0.12554452982100384 0.14957189996445905 -0.1982639577652547 -0.04022355288253256 0.013477787033013913 0.09217309391461774 
-0.16384831927051427 -0.010014686679109654 -0.0867791139007759 -0.029893464086643493 -0.0007865561061450786 0.035016262953545804 0.03321653399012121 0.04310226986815437 0.07330806530466052 -0.028001212538016833 -0.19726134980905774 -0.17041291910793577 -0.07840083165257804 -0.13986161670219266 0.038606907227360085 0.006094073759422043 -0.01579056089784347 -0.0713240602677049 0.06014482170266529 -0.1224700880513172 -0.19689401314560107 0.06367168291903165 0.009993641509346046 0.06801735651616472 
-0.08743150646374102 -0.23695425765744843 -0.04775598067422545 0.11755522808891902 -0.157652947909503 -0.12210452547290111 -0.0471534272289892 0.023252401119189744 0.0926819346482664 -0.12524358394565746 0.041995401970540906 -0.01954716971744603 0.063138831617569 -0.1270419162384476 0.010880630074803029 -0.11093946352872583 -0.2228640825821915 0.048410855641754846 -0.1249187077192143 0.06466982794629518 0.024364074711368266 0.14403761511445182 -0.06220852641316865 0.19408916053562802 
-0.004598075470402467 -0.04854818743673284 0.09836130958001424 0.051247791619908466 -0.05392980589410528 0.01079625598745228 -0.10970234300810028 -0.0789875410841085 -0.22552347036166115 -0.013427705151658559 -0.06215530107858777 0.027083734299416712 -0.18992693542904115 0.02551899937040044 -0.0814581399308011 0.0521364502687428 0.10029722396026583 -0.042056000709175666 0.06406236731272813 -0.08053669595419634 0.24093759401432754 -0.12046834818689452 0.1856663083969116 -0.1693665454526565 
0.005313665911199953 0.09935007185635676 0.07921970223332434 0.05326398514384701 -0.059648654094923356 0.183269978327716 0.1021935175593868 -0.06071995085580327 -0.09246112042010453 -0.17251373716015966 -0.05974402097825527 0.08871931096911542 0.11744127825808179 -0.10077548764187254 0.059563128060076145 0.10752737253194918 0.13572106453135185 -0.1871955933150943 -0.13995443490720086 -0.12694814803196447 -0.19730371089830936 0.18131105688960636 0.11752205431907035 0.06604580592829234 
0.016837097645425184 0.07025210361369932 -0.07780874517620494 -0.05224495847001101 0.02928506205082669 0.13555716939751453 -0.11793614342566662 -0.09591199481936262 0.0886578404260962 -0.06244837405727927 -0.1799712082387475 -0.13299321136614645 -0.1210343567354619 0.015439125465893655 0.0470981152445302 0.18758979933008837 0.20239799367028824 -0.07583133851780043 0.09993268606280921 -0.10529598840491036 -0.0515166573947745 -0.08156600348796106 -0.0451646988059691 -0.11268348737066795 
0.0237400198885888 -0.20858777747704765 0.198723905311974 -0.006437373067136172 0.2147434719099485 0.16456862566719593 -0.11903950618400241 0.023691972806312193 -0.002612359416048484 -0.04449703838966993 -0.028727151530961934 0.16685469154505572 -0.10926232362926933 -0.12775282430551596 -0.1164346906711708 0.19904505946528317 0.18983750930271273 0.0049924966712787695 -0.14556467476028925 0.02659374374747564 0.08488487403191364 0.20462992552471018 0.09362812825223218 0.27686847239750156 
0.12399539668176356 0.08177175616883389 0.07597236016008506 0.07037125140107724 0.18693095024241865 0.23349571465154048 0.11791898779379417 -0.1356678738619323 -0.2596455780473465 0.2268099727930194 0.013680716209439127 0.09457890669059854 0.06264362851875019 -0.14930179912894126 0.14015862232592344 -0.13968991823995605 0.166008802069755 0.09423564544663672 0.04624568470981409 -0.0010944218933872552 -0.0284432819349728 0.07110130187670786 0.10226850516370489 0.08592606481122371 
0.03449827723221515 0.04985903985769045 0.18797493993531744 0.09560100037665073 -0.05691798958371922 0.012921227657251852 0.016622951078564027 0.012696326156958839 -0.10559408751501446 -0.22759337304249724 -0.04854797837456668 -0.10198085874264849 0.2752624230165903 -0.06823582903021036 0.04951811414330566 0.004970846519082556 -0.10995978113443593 -0.2621237157639213 0.0965228182773948 -0.11826106590249401 -0.08476942090891489 -0.1321787126183677 0.14463408727499952 -0.1909525319389438 
0.01946825460261828 -0.19302101564055021 0.19239641031562832 0.06076304082420529 -0.05276161482546734 -0.13995421327757823 0.07075068628880771 0.19900553662218984 -0.062282547211381725 0.10516901715182658 -0.0836450787521102 0.1842784586716371 0.10896414504080199 0.037790487441646516 0.1633958533404869 -0.12150479710316055 0.16569997882149828 0.06997647003455103 0.1071154437138359 0.05179025358206018 0.12243559949031635 0.07015697376933815 -0.14001021923150947 0.03285255576318973 
-0.18066454748076144 -0.049092804300513763 -0.23653568321590954 -0.1495836725461739 -0.32884118640953397 0.33315147195472855 0.03675697052436848 -0.07148615216234219 -0.31508794764458664 -0.04908523283742034 -0.03160753889613684 0.36652938839822913 -0.1622757161131741 0.0501392404484207 0.11117029472502048 -0.21360730847617934 0.003824012179761022 0.18187465300504274 
-0.27295083590028185 0.07102211792259906 -0.363928887818319 -0.37721722108177264 -0.30182950078503623 -0.012356957781653211 0.3352209683497453 -0.060789413790954816 -0.29307255591462983 0.26991818521598765 0.012821613211802644 -0.1380202250772284 0.3559410425276025 0.3352534525011744 -0.16242709343904668 -0.20291029304865058 0.05946143428546712 0.26112406274673444 
-0.11569789640850923 0.05779054525593282 -0.2452033859951587 -0.20762084268354136 0.17714253854932913 -0.23853042758490633 -0.18826528470526627 0.12436698393076202 -0.3314899540082003 -0.34077355905870854 -0.14352545182769852 -0.11643703526927884 -0.09330466780147281 0.21898705555147252 -0.3183632779440504 -0.09513033808224881 0.09287020302768614 -0.2774198595439423 
0.23023214137976236 0.09782197529116315 -0.2588675882345679 -0.21847835724951037 0.16622572051520612 -0.06464475036787506 -0.05621127442161959 0.2314965490620665 -0.30163300023432615 0.38819090643460846 -0.31369194345417645 -0.28260034024302344 -0.17025788309570947 0.20046799859998482 -0.02939017364238545 0.10305149991362181 -0.22168715173394238 -0.2691630615826121 
-0.016919626478741595 0.1626422569539609 -0.06536958042919812 0.2522654948938468 0.1079282991646692 -0.16995388788866386 -0.2491155736007478 -0.061695668335542596 0.23005713403837474 0.3691114009396057 0.2696673255848789 -0.15354006501105252 -0.020952526014704976 0.08295671524646349 0.03120137760799089 -0.07419326189102068 -0.2724909205967439 0.12981093072612188 
-0.3678711583528485 0.24979946891722268 0.2927671142868838 0.14629557706917612 -0.009014532363147386 0.13439007133043174 -0.12730661627449644 0.29026105530562135 0.2107752560808166 -0.20866632604450192 -0.13272700838586846 -0.0639017119883634 0.0029122841077853408 0.00540285084708508 -0.3143538114972376 0.10762699104615395 -0.2027441175100422 -0.11573950115554531 
-0.04374789794720014 -0.10170532078674835 -0.12676316765301474 -0.21753153829432303 -0.2957975475459665 0.03416182354916656 0.09141272417417964 -0.18980510895086844 -0.16386193877342559 -0.143036718240016 0.22830015511134347 -0.2561161071080846 0.07189570774913635 0.034564482050908535 -0.1053179222510409 -0.10041904068252719 0.3149154223170516 0.02445991651531042 
0.16169261758479742 -0.006146176850620818 0.09684539117433764 0.04899584027395209 -0.24195982110347175 -0.11127332834062077 -0.02477678908356745 -0.3177995888285808 -0.15660196459458647 -0.23778032413740513 0.25035716092778554 -0.14861209434515155 -0.24395009142903953 -0.03492430399831666 0.1233867930232284 -0.29755595713937794 -0.21723781539178555 0.18026820543965036 
0.18894400894574437 0.07895064734712991 0.2709183852508344 -0.27940719583650486 0.1374051856111505 0.28556154964650693 -0.2500707890164688 -0.17003090169781326 0.054939970931463966 -0.12627552152421972 0.13827481117018486 -0.34261599034577334 -0.22081184661859085 0.1787933589721141 0.32300244287714036 0.2941716008930655 0.27423038798916166 -0.2718429282381015 
-0.3218514023748937 -0.29289945529050226 0.017525688922760182 0.27582349437621734 0.021149170564706266 0.1912191743148833 -0.30026075763010246 0.24755428867671536 -0.20963782144530863 -0.27778331122588934 -0.052457247840949205 0.10068270683102636 0.3988721859163834 -0.3699568923640433 -0.15286844780213588 -0.2699141073219326 -0.07340549780641831 -0.21334386181513917 
0.05884507278498563 -0.10202523147625181 0.30293128689648324 0.19691411660654934 0.24626838566933307 -0.2528826841357343 0.1049411783498311 -0.15048908444466924 0.24425696973641478 -0.39945312862701443 -0.26946880717279464 -0.13115248331477866 -0.09077703618860367 -0.1264023136553885 -0.2762375685581242 -0.2603980642484359 -0.12269736000548068 0.37775266110973177 
-0.2324426139448267 0.16745312277660726 -0.19573357761244345 -0.36211557073377565 -0.33237884269072615 -0.23671547731846934 -0.07264562649601328 0.25527439411124636 0.16766239614941236 -0.09468907996564394 -0.011718972437323836 0.256266435264573 0.307155186507101 -0.14811875788531947 -0.34067809181939623 -0.31067122774865724 0.1609312134626235 -0.1891785583145125 
0.015649048408320945 -0.20939726900942832 0.2896922027099113 -0.005212050261386118 0.018059747330008404 -0.1431456507273695 -0.017815393275038595 -0.3959307005065743 -0.11420654660195272 -0.1404717241577519 -0.14597855001176463 -0.3287993434669011 -0.022237050971660562 0.24418433058671885 0.30332176074417805 -0.0017976728497570503 0.06272874194667158 -0.1381794914580368 
-0.2918347062387308 -0.25122940400835564 0.12207981908872398 0.14562923517128618 -0.2181952018413842 -0.0577974172168179 0.06294566412319608 -0.230666068908511 0.22869775052890914 0.11359417427349813 0.08404713250079589 0.18486739039583513 0.4306635932127097 0.03582532535256644 0.24864144516285205 -0.05432995570825811 0.10388080693528759 0.28951507316719965 
0.1495602568332537 -0.13286489048797212 0.07540924274312202 -0.09994206443920105 -0.11967642171213133 0.07384153382852573 -0.21541446420621918 -0.006521539573600905 0.30545203411716687 -0.11446089488192579 -0.2115252210337639 -0.0657564913882694 0.23450396101639057 0.2876237637849841 0.22316278739641288 -0.33560042305774873 -0.15759645744130116 0.40420541846676045 
-0.30685516452584327 -0.006578456890231456 0.19463783404357976 -0.2579665959181314 0.10928937205199589 -0.007913651915692557 -0.28083165408909444 0.2759352212500609 -0.18116499503458847 0.14362511409317302 0.17402807011078114 0.09152587853760094 0.13717192765365185 -0.31201237779615887 -0.12947243786141777 0.05814955369867446 -0.07000899876582636 0.07887093014748384 
0.22700718375814502 -0.2106517522859532 0.28285630385397525 -0.08046246776142188 0.30369074862634365 0.07869877107794909 0.16008354607420036 0.057045925218209066 0.036855936736346864 -0.06340822166916515 -0.25297770315465723 -0.01888315197522979 -0.14212980080122492 -0.4192386699237566 -0.15220281727955404 -0.2173441275415356 0.2563924716978148 -0.3849539582279071 
-0.2583590022093411 0.13773615164223615 0.2945319969425716 -0.168321983264411 -0.3286853830736219 0.31589368557719205 0.08447740321284972 -0.0828821217848637 -0.018370706384368964 0.13638646443035757 -0.08462698601308828 0.3410503276537171 0.24648074460281305 0.2966899408588397 -0.1001140359538634 0.29951671420841397 -0.013888123735190197 0.045517297778584466 
0.15326332293330697 0.21034667576980176 -0.06947135002693969 -0.03469587873218528 0.21585405138143118 0.14701367836731163 0.2967079081664747 0.3293178763538422 -0.2184983557414142 -0.17795359271777877 0.14593554089214486 0.17851895173719318 0.06678854424898696 0.2517164142463565 -0.16795546586361754 -0.10799689495987624 -0.003551694861943228 -0.1349989330371003 
0.07536951189068358 0.122986320635547 -0.20739792692525671 -0.025114514676362176 0.33873866857512397 -0.1184508851409164 -0.49744526248640697 0.18863039828554448 -0.029584212166833625 -0.36052112494316985 0.28250101538711364 -0.09533682943134464 0.2697369909856044 -0.05672477403480023 -0.289699094576379 -0.1725655414911909 -0.10066170911335012 0.21564092987356195 
-0.2650247369452502 -0.04608139001320047 0.23089287415568344 0.008039500840977822 -0.27127875000078994 -0.326419338698635 0.10674959375821745 0.4113529022673341 0.2344731547201794 0.21923015432408113 0.11818378970230006 0.259768415947039 -0.30883311520633017 -0.185689417678288 0.13182304159222485 0.25043454360561923 0.11760985184116148 -0.2694863574642332 
0.34476343155050093 0.2758470751135281 -0.3658581373817797 -0.25122665333056154 -0.1519924390716586 0.16134718037370885 0.24266783350945892 0.07292430735461086 -0.18645637205690518 -0.06853075631783248 -0.2645081809363365 0.33098541426898853 0.2241617605030332 0.026817600563624505 -0.03092735830806211 -0.2749932874194448 -0.12219811029410695 -0.30331660239899216 
0.23533963998901608 0.02989620349428775 -0.24004894503314464 -0.2132237835140315 -0.16216608784371012 -0.12890059295494485 -0.1101369968929853 -0.17647462454598462 0.16047107764095894 -0.35892233831498455 -0.1157551726500809 0.17789092326613254 0.34438438183794606 0.24518058748516336 -0.175651464989525 -0.18111047208533546 -0.21057220880069757 0.29703586832080175 
-0.2535914237665177 0.17496644215085694 -0.20181018460195754 -0.3153940891485013 0.15793207707733897 0.15295083995874129 -0.39106033433538456 -0.1616642820160605 0.37060573478088954 -0.20366101996369776 -0.2925068956933124 0.12806927258103346 0.3597330392311851 -0.30860175000494244 0.008640101576513341 0.12402598411840901 -0.22341774441208867 -0.42893118103111294 
0.3488454350386176 0.05705439693891613 -0.3118069310167811 -0.31380516199526715 0.09333535232298715 -0.24515012535862626 -0.18638870756147183 -0.3056696063379305 -0.22583055202087843 -0.007955646003653368 0.00763016361358404 0.00895021982560627 0.46403358730868904 
-0.29528679595179247 0.2026105768585162 0.23298011385961612 0.0661351628626843 -0.028884991738626565 0.314091350068685 0.26090357746647796 -0.3602191227146034 0.3711292668608103 -0.395559072323725 0.05691110157374907 0.056361166135530966 0.26594296061478157 
-0.11118864984783466 -0.33960067559982227 0.06362479853989052 -0.38314726320719517 -0.15287854255052596 0.4597222810976339 0.3365372032406444 -0.2671629751322322 0.2700202401957977 0.24470306012007795 0.34257143527599915 -0.21830624020522738 -0.034622618170784374 
0.27448816682045785 0.13139512393700542 0.07325603307688754 0.15227326988855588 -0.23099292445364092 -0.385979754092219 0.1865758296126716 -0.12967766429169353 -0.11723352044416108 0.07518644313130791 0.12329944301196605 -0.23568849850768717 0.2582768706245686 
-0.0936571264272454 0.10311692053539195 0.37394818421404846 0.05037216297401184 -0.11052642214439401 0.09300615270569709 0.0013843083343202328 -0.03695977984618722 0.1833703953469013 0.33954014218813433 -0.016038442503223005 -0.32910124828232534 0.054184339822696714 
-0.20170706415359158 -0.36902302861115477 0.22843385194238772 -0.1793210310910848 0.2194818626839473 -0.009113659685581803 -0.1431440938181564 -0.1462672828067225 -0.36701157950790286 0.026657862050214975 0.25714310107321237 -0.3326517628065417 -0.3124682142615874 
0.09391283528958529 0.11830321307794342 0.17428165226726847 -0.17350584702524682 -0.3981027412425889 -0.0844139916118366 -0.22168585954397146 -0.4598463812936691 0.16188965825984528 0.4192471500284576 -0.0850102526556565 -0.15724437603711286 0.05653192227344942 
0.26146733136982797 0.23397534448453527 0.13305933636544037 0.0727871157409882 0.04482494249729785 -0.11753823673689166 -0.08651281830337697 0.3756850314977759 0.26930151453606616 -0.3878494162787663 -0.16063529247743258 -0.39649003787187903 -0.19168633977542657 
-0.2297001206027359 0.11079299426685545 0.165164067786818 -0.37126570896115574 -0.31239012870645216 0.29092023443698345 -0.13617525373351463 -0.022240330663207013 0.4320209426365143 0.24641053925706177 -0.13707563154240815 -0.33105117689582825 0.07936358998140737 
-0.17747350942938306 -0.4198151436431996 0.23710096032457634 -0.06951342487554403 0.030778531265360603 0.2566106866677741 0.4351320516245735 0.13449489822260358 -0.14999607459510322 -0.35312633836931856 -0.3408280898139574 -0.14174307233992076 0.10994468211909572 
0.1536039490333404 -0.23893173299876072 -0.3335524679085936 -0.13292717464254308 0.013241805748749266 0.2385976856269485 0.042076132339007456 -0.14829640467100466 0.09712692674092539 -0.21381879012674312 0.11974299135393095 0.2720586179396838 0.08707029727605739 
0.09571061902627871 -0.18215481637908187 0.3252724142735527 0.4756679828638347 0.19912742338871417 0.11025313685590447 -0.2573785939617708 -0.1085210444360475 -0.11669827920143751 -0.19963723964451885 -0.041974179081525335 0.0864187529500356 -0.2980155418071802 
-0.19624405660732205 -0.35398676942755775 -0.15344892262250678 0.019854661039380772 -0.03164393693476016 0.45796847393155815 0.46823781391821684 -0.01720622119219239 0.42642889060442657 -0.2546081880515938 0.03189019418309163 -0.03613366819792818 0.3894910416348852 
0.29519188005466157 -0.2624681632107436 0.01935764468973106 -0.31416217892546205 0.04697425217065324 0.23560518673185754 -0.3991057456119972 -0.29805304460451126 0.45534304315913277 0.429718629555696 0.043962326833454385 0.11449711161544576 -0.17795356658985081 
0.36217602301794133 0.1333403398625224 0.13097622162540654 -0.39245802699114113 0.28107298968455713 0.2204967981352028 0.1454280568243475 0.19021581447100366 -0.27330337053198095 0.17253101612493607 -0.3220706901821672 0.16304866302323764 -0.3994396862826277 
0.21878305188214117 -0.006523124957494999 -0.23448336521293928 0.1809398729904055 -0.14496627673682227 0.3062380315898725 -0.2540692970973652 0.35105704588728043 0.3775174157018352 -0.1538940837784867 0.2888287298092056 0.27228737038355955 -0.05867974450037957 
-0.10674015515756884 -0.17155807200666465 0.3960343231688163 -0.19300650938666997 0.3363970986306259 -0.05576063146245027 0.34849370660919493 0.2695745226494285 -0.27395049064031596 0.05781384200985416 0.13631265082931757 -0.07344767706929321 -0.3975888933106342 
-0.15203886239308237 0.2606255333512326 -0.3475060052793879 -0.3482444628874246 0.17749680693745443 0.011209300699847205 0.02081873394687741 -0.1056605075171433 0.11593819744728294 0.3220312999244289 -0.17598413943422272 0.27438895026801374 -0.07218689273327193 
0.27168390314670277 
-0.0038257363595857507 
0.5220134230481895 
0.6745209001325266 
-0.021725774407006106 
0.3720508731537462 
0.07286070255629247 
0.30110568968336177 
-0.3749097602086378 
-0.5428961892692709 
0.5782332005258365 
0.37585298392526506 
-0.2661212718967132 
