98 24 18 13 1
-0.03431369774461222 0.06064247686861041 -0.21901298041033845 -0.11829981578248062 -0.14320276871608414 -0.1761494131554691 -0.10241133488161182 -0.025426986926896718 -0.06261066522182179 0.027334267287378405 -0.04164172475447543 0.09256039731807136 -0.16394355459424345 0.16468829032246238 -0.23237106350949882 0.0873769265090554 -0.010998596271888551 0.005893757237934871 -0.14328109223822622 -0.18791823082117654 0.15145224918010428 0.2809717016278013 -0.07793965037073197 0.20926434679297784 
0.21814905092892348 0.11904842798919771 -0.18062284138337234 -0.24806364537973824 -0.14630899706044873 0.22365770019788572 -0.254059667382447 -0.09328006333910677 0.12810158345589462 0.018561831213247768 0.08798811929778792 -0.012875341980889157 0.061743055302280046 0.21478609925449338 -0.24875993297528745 0.16229310644997103 0.2778871305803392 0.10900101337701333 -0.09596386755298439 0.12240081357150902 -0.10087729750511658 0.03926490664026638 0.13863555620943088 -0.020826197885289152 
-0.07897650090106417 -0.20856878274565657 -0.24797327637555186 0.0592680295207503 -0.16094078505439177 -0.06065400904166448 -0.08609564194686052 -0.25391343235036107 -0.03813819232153037 -0.14805497258521605 -0.040260027524655934 0.16077314669927367 -0.21839408843678704 0.02649173379968395 0.04490986779061258 0.0413482501955155 -0.15556707580588655 0.04226451995243585 0.05752541915145773 0.050740508574743236 0.2773564899990876 0.05182573425458321 0.11576891777796168 -0.1322671394475992 
-0.07989885589133575 0.03505651280866465 -0.057579945033252235 -0.2124389060380144 0.1408425590648347 0.055784725887327954 0.06533945226408293 0.064584518494699 0.07478538803989117 0.1444788560855868 0.08003567065547555 0.04239057059106553 -0.1908690288106736 0.27037856252188824 -0.06918017594324172 0.3154551717097925 0.12240130119484299 0.13677593075153244 -0.16371896820032417 0.16649942769860004 0.0877022735953831 0.11525099146036283 -0.09732722657860113 -0.025730237891408995 
0.16732623885388678 0.015267836196304684 -0.261189418126692 0.05655181197251278 -0.11982752299282766 0.015003575968395994 0.16080401088525906 -0.05006247823513489 0.21139799924555516 0.07139905645583322 -0.24163445709534825 0.17057063233533531 0.10334331426144551 0.18558968749126434 -0.11124260150976352 -0.16671606541643227 0.20032893254973708 0.07780744798367037 -0.18372319654031655 0.12803290478652715 0.13436749377592738 0.22174294529641647 0.07584354344013265 -0.11523875055149156 
-0.08979375865782668 -0.313198384104021 -0.21503898677226288 -0.17007436437617085 0.10958251765835383 0.15785574219960632 -0.03757452278078275 0.10100463281948845 -0.30859707178308016 0.031080744915313707 -0.011913092417011687 0.3535216546437124 -0.0806924109270139 -0.08931608061609891 0.1000067590173049 0.023444755369934976 0.1717834522347712 0.07494868607465242 0.1376368237662551 0.1328895031621754 0.1677508560419787 -0.07521153883505927 -0.22472487056365664 -0.1075531339627048 
-0.13142993560662666 -0.24796302868405184 -0.11872910798233594 0.03972329093617235 0.03716813597587954 -0.14416456732515295 -0.22290712572561974 0.23502462260822654 -0.022084109225940618 -0.19190568534333477 -0.13982625835315934 0.16360203066878187 -0.11963212356364865 0.09596143883199557 0.1877278564384462 0.21424449183146757 -0.11028069113731492 0.03251250439812772 0.047252969918729036 0.15616254290966466 -0.10817130736659061 -0.13470293110523812 -0.2358896530738438 0.04566833109887152 
0.11617438798714712 -0.08603768366308889 -0.07217743252990248 0.1975765222725757 0.06449665497786926 -0.02852988526627848 -0.062465938232749284 0.07121441838725498 -0.019887219483332635 -0.05837780034997304 -0.17331323949301344 0.0003332236833963902 -0.05447660920619506 -0.12230807389173452 0.10022700293376395 -0.15091202719416782 -0.04137336657531585 0.14351873951972913 -0.12186376787762757 0.03771296511568299 0.11096209630790863 0.30053134050611496 -0.16999638509386622 -0.1386305756895629 
0.07107366696592639 0.10232511693937121 0.21623628410599657 0.16890738641711267 -0.19464537812228802 -0.05834176764262696 -0.006323473029824734 0.130039858455581 0.15443014731273497 0.022239448027401857 0.10812156395500101 0.12931220976349558 -0.044787457436123106 0.039198221435034694 0.04105557926245561 0.08350575194696135 0.220720959783628 0.2221973090881374 -0.041377741065000556 0.16585569134116793 -0.13540362963940425 -0.17634342616773377 -0.15733536846971907 0.03749557265700656 
-0.19155702311184258 0.22620734627123348 0.13015056076046805 -0.19421000443955266 -0.12881422574201332 -0.066318505203001 -0.1470808401592746 0.10527540800487409 -0.04460228997676722 0.17514218696323736 0.021906053288811712 0.1407276796413845 0.1379400463939913 0.1513360395592589 -0.015734299122779974 -0.007340116429021925 0.10986437335658557 -0.08481485923464205 -0.003815615849183863 0.03774525187677154 -0.19400024422057144 0.020091797414597847 -0.0020133797381740744 0.10810502222823015 
-0.047672208234100975 0.17832246926872594 0.03059952000627202 -0.14081998554734976 0.08146843961568728 0.00101476526235414 -0.19938179837418557 -0.006245686134146527 0.10410618616469439 0.18098491508078515 -0.22187978680027487 0.17468980157628794 -0.15757579378415656 0.16852958312422847 0.013493263027057374 0.10404605235370872 -0.007564367210469108 0.15567977355808083 -0.09275660419967105 0.07849752777488397 0.08564450539956174 0.20615574413493126 0.1755419305892595 0.1922052749507941 
0.14045811761195748 -0.09537364664311802 0.09824349225976328 -0.03059716761453888 -0.03436082156654472 -0.06928839007708334 0.025027981315526242 -0.02491369425447069 0.06941194879340579 -0.0933290375217032 0.1979069697579503 0.06106211829927573 -0.146366078842661 -0.05483903816446611 -0.09598313869890376 0.1164690711769253 0.16160161869652778 0.13514796081570984 0.06424141479512636 -0.045641584806363635 -0.11665669336008305 0.1755376659646041 0.035281326878194984 0.17765539538656638 
0.11088782228045758 0.11321062214468271 0.02883781947105074 0.07083541395630098 0.05423923263083432 -0.1184021498773444 -0.09560433547325645 -0.24140050153703296 -0.10834828956988005 -0.14173322092216528 0.235746884719474 -0.11478783625089249 0.17138023263684343 0.1980340484230682 0.0652836520400303 0.05658765756413606 -0.14198259121832027 0.04068934705618317 -0.06110105237600224 -0.1818549719495604 0.1451247128907241 -0.006048255345636529 0.18520894037090227 0.26773637670122546 
-0.04747082514543574 -0.2646949555309883 -0.12205377868915324 -0.021431898036131505 0.1133176547912874 -0.1646000747875793 -0.16639808118808658 0.19531338587390484 -0.06094429560235465 -0.010916441085348557 -0.1056780122693554 -0.2148375290493291 0.049057996726870244 -0.035518134401255515 -0.14977806818910436 0.043014596851389524 -0.04344199260959375 0.07566346315390049 -0.14159910259412423 0.03403603555132031 -0.0377486956324763 0.0782957153579744 0.08665397823722785 -0.1401110403381842 
-0.08105828640896746 0.12323809834563557 0.1778856780168042 -0.01074640063998491 0.15061952376568416 0.1577877771683097 0.05181177274511649 0.1599971166076496 -0.17173391023925946 0.15240319411535155 0.03434316661040573 0.05358356238547035 0.11421020378780843 -0.22572737943638652 0.09839866213589495 0.11172774299559626 -0.08876696843708423 -0.05127348418498482 0.052150939841570196 -0.09841268355798857 0.12961836322450154 -0.038560725117282486 0.10288680636854604 0.22294294509755225 
-0.15708799551290725 -0.10201588862518159 0.1534268344199952 0.01410058682949042 0.23303248011110872 -0.0401299707765604 0.3170508750172617 0.008699858095210546 0.018972255117967074 -0.14862729988159365 0.0041565010963558234 -0.28935049234973764 -0.19025047140161203 0.06710884800608216 -0.18793967625765087 -0.08167533717153627 0.1466720666717802 0.0604431350464887 0.07549055697656194 -0.13058807384929427 -0.015272299339943441 0.08234749306239733 0.2035808988587975 -0.08920848025593361 
-0.11577324516257705 -0.13720385402931426 0.0991906868969233 -0.01687638898950408 -0.17713823214931593 -0.03524725648909751 -0.12193390207951375 0.16649229079349104 -0.09775742793552754 -0.18907814873003242 0.036752386812904055 0.12031705938909752 -0.024531000932161477 0.07649478830590313 0.0043621018392146806 -0.013818448344273383 0.22902474021207386 0.08505989199812311 -0.18715598096039343 0.07132884546207578 -0.0015937611563835888 0.16627895104384083 -0.11059423074586201 -0.09227818228509556 
-0.1799909508384565 -0.07670989122093556 -0.16677256179429312 0.007999169324218817 0.09443396796951264 0.13371855905382213 0.13708440870672647 -0.06515957629095961 0.12158444794707399 -0.0561341817973736 0.13815223230309523 0.09231012998009738 -0.136831308471645 -0.15581011581682072 -0.23761764238421362 -0.15404323683582333 0.023347876678171155 -0.2126155122752738 -0.19818082369209855 0.05848502816746859 -0.012877310894783965 0.17296902430205835 -0.04284123642505355 0.04759065320261093 
0.05129004329215501 -0.10288701865787755 0.10672738244681407 -0.06425742922493534 0.19878815885055945 -0.14822926420846003 0.06660031625093106 -0.14937381641925207 -0.012776213330609874 -0.21204713937242742 -0.002207859236263105 -0.15429955218966326 0.19657480817174097 0.2377733196450811 0.0955173358029347 0.2615179549781467 -0.1735483433313054 -0.11710071953602998 -0.12420239790762473 0.004885396754947802 0.23616899112101103 0.2777276787456376 0.04093250440674519 0.1463572519035024 
0.16760173385295582 -0.03008410562296789 -0.09918142312727571 -0.08573202956230343 -0.21731854247627458 0.11328338874557721 -0.14651296777819103 -0.16645967530539074 0.10676328017924787 -0.05310618718752972 0.19079049628265607 -0.08728950913787098 0.06945808355796217 -0.045655300038175695 0.1448709279397419 0.026689743876840918 -0.07242544684498285 0.05910995217475851 0.1699660538952539 -0.21476178403978494 0.11448025270676386 0.17899874724055956 -0.11383572066748765 0.07758674477637775 
-0.05490624438816345 0.08704451831173535 0.02297334174490132 0.06043934782123621 -0.061702767534607614 0.07003511754071762 -0.08686838016970624 -0.3104864921999903 0.01373869879680645 -0.004789695365704976 0.010252994358361035 0.225984882005163 -0.08713532279764738 -0.12441678403444958 -0.08687853896048815 0.24210028299667719 0.26789362047909 0.15666298551882812 0.16322984480908104 -0.08379802336288938 -0.14772894646306883 -0.05292668299977186 -0.06089600761892166 -0.09728208228695241 
0.14337245309322794 -0.03980996267269428 0.12082891583733037 -0.15205338395421422 0.0977301462797241 -0.15495466493696033 0.00296114612134402 0.00980138378332706 -0.1330932660443392 -0.1585492754299506 -0.05147194694880814 -0.05975965575587219 -0.02057637251324194 -0.2085943616368766 0.013142192268210659 0.15960283575318573 0.11384618129699915 0.007519375059520859 0.1905434948598402 0.22304108990448257 -0.002414299684167997 -0.21121754025159364 -0.243588740767824 -0.14932796363434317 
0.0352649248491122 -0.10129328804288015 0.24431101939899477 -0.20389338794730344 0.16318112931448872 0.07817070468785338 0.09726943696414792 0.05945603887076525 0.06421176834412087 0.019026443182388875 -0.24054181116124324 -0.04738475750722586 -0.003912077263660037 0.10056523139515676 -0.012297217760551189 0.005351538208121078 -0.13788525353558403 -0.19670276467849096 0.10244336500295972 -0.07275505067267758 0.25577042498073704 -0.11748210322478989 -0.07874538207390606 0.033073812810157775 
0.042997947887726935 0.043944220795569415 -0.14958067059451388 -0.11245387692409274 0.0017686429995609505 0.026858830057493784 0.033945158657431376 -0.17222743299444004 -0.20994977467695417 -0.027583663246387793 0.054781224796816776 -0.24216213985441482 0.1094906120864039 0.06358882073432313 -0.019916722227811785 0.1476911796230452 0.051386984367075984 -0.22067588092199414 -0.006098162310385458 0.15209520074084257 0.12676410732753557 0.033576201588354684 0.09687386708534053 0.020368978449041956 
-0.11741686483868458 0.0470288057927688 0.11482126243676045 -0.06348855770996222 0.148064047547159 -0.13339922478210575 0.04761247511587588 -0.14186108529814515 0.035863830982729016 -0.028391913951197955 0.12127386863091674 0.007666146672309358 -0.08175027814922577 0.1669055602331719 -0.07565655077188646 0.1478931486812278 0.1322449182158791 -0.11060871852413126 -0.11353843523785663 -0.11201788565243707 -0.1424189633348173 0.03449621792357659 -0.14169208354818527 -0.15816203957503214 
0.07786558308920842 0.13178960996606845 -0.16754494474250242 -0.10646688812825932 -0.14810666139510534 0.18608727346526735 0.12422299680161115 0.06104880286291095 -0.026363524840748144 0.046579617943471034 -0.025407443460917743 0.15704709441504194 0.13784783879778653 -0.07823049136106475 -0.14901878568118637 0.17837265363586385 -0.1614071937311171 -0.18469569211743006 -0.027033401912859575 -0.12009987799412708 -0.0719479080464786 0.09268139377462087 -0.12375358595513937 0.12593703112735155 
0.03448939096130921 -0.2386721188219386 0.03972738808813877 0.16053140738679164 0.044932120328813836 0.14025766335670592 -0.13621835123523993 0.10826622638431672 0.19373009261375398 -0.02659340358458984 0.08447831415847674 -0.15530525490619057 0.14421963976034885 -0.19173320942061514 -0.041290160267679 0.03751135831855362 -0.1640894223821417 0.22079079206962318 -0.051175640619493354 0.030805275467379458 0.019045728592732417 -0.1255219791497997 -0.25538748396026834 -0.16930831385669376 
0.054353993059896986 -0.1423419411293552 -0.0563743452730359 -0.1712082037974801 0.07318855857374897 -0.14602843509088814 0.2076878010536825 -0.16417831212365058 0.018706761120968075 -0.18949609822133634 0.1413075180143917 -0.10475976405304091 -0.06495709583490156 0.10889862348822556 -0.13942144516993898 0.04938082305387304 -0.07931978775891936 0.052793382329673254 0.08826912031390191 -0.16002108364405798 0.2188934983848529 -0.21637198961648776 0.12000465599929185 -0.018664104673302147 
0.007961003914187368 0.10988826780859234 0.06808809731269491 0.16945271713263405 -0.10060994893796163 -0.1343167880495138 0.136920087484982 0.21396476702345762 0.050943908758621176 0.006769174185017225 0.10072369317131341 0.16457650418699052 -0.09909504912066144 0.1249350722438915 0.06664925965822865 0.08270811283303069 -0.0035370036601485976 0.07803191602936614 -0.19906785539129512 0.056933551862402905 0.138492021684734 -0.1204789528764067 -0.22204827430318436 -0.14651614149155537 
-0.0837623929618237 0.1470567126918453 0.01693213121183608 -0.15970326168181184 -0.14410323761241436 -0.08033840732528817 0.017039822242809807 -0.06947592970474005 -0.09014124849967543 0.0018047609305923953 0.07296568791400532 0.018068521815679046 -0.10065961574874202 0.10866472834823172 -0.11057440039596203 0.03361302880587058 -0.017515842785353553 0.11982036057594404 0.1504647814237028 -0.010678804535121225 0.13578902791115394 -0.017551043926285752 0.022889830458012895 -0.14673915564763165 
0.02436281614984819 0.14569127309383478 0.041518113705763124 0.07049278512367389 0.025908329032202162 0.011597447278722027 0.1014746437359268 -0.1833560346046642 -0.012937864127252303 0.19509672514733659 -0.00578036658875964 -0.10973573646008708 0.19042083552745306 -0.0484637362317061 0.07939703729618523 0.08931722535757133 0.09630260925156145 0.11272185036937678 0.13453605102063834 -0.1971008066708617 0.2663767171386456 -0.12488222082074209 -0.06960490103569722 0.18322083036829065 
-0.19669023774134348 0.14482654516190638 0.1319671977611764 -0.021970200305270117 -0.09681746812702513 0.1253511318706445 -0.026751386836827713 -0.08998761464611918 0.21255764704110652 0.19237475828128558 -0.00811019031446753 0.13827083503201262 -0.06147682498092714 0.021935180389705846 -0.06354209505383368 -0.06629230569225342 -0.12021171414058586 0.21817046250805647 -0.08141801823010648 -0.17419040434020064 -0.1963133228478464 -0.21632927602251897 0.024259596417759575 0.025330298448531265 
0.17918939078180704 -0.04612290841444863 0.11592588854082544 0.1132792290615495 0.0933798558316575 -0.030195880518091134 -0.01085509486574449 -0.10928373697420177 -0.02747757701085936 -0.20103043568538276 -0.035934200931659464 -0.12728721555659323 -0.0802234336070341 0.16899551210530653 -0.07099836399383212 0.167057618785949 0.02162871479393031 -0.06616032793281057 0.14242011072400576 0.1657699891342074 -0.08106806838697005 0.10348523244185497 0.007874928100547848 -0.10317480212398986 
-0.06703011949214074 0.11132039497369312 -0.09164609194248516 0.18217711128444597 -0.08098919461432065 0.06490979949030948 -0.01803093514738714 0.136881989935197 0.18619542852684803 -0.1255115808713437 0.020697889732036793 0.167822198071568 0.02760853195271535 0.16799102582038453 -0.08750632369497174 0.018223848180845627 -0.0223046423963159 -0.10787178196535749 -0.19472045542925207 -0.03273903793268356 0.17354635862578807 -0.09651115859405945 0.1475305453438583 -0.24968759127756804 
-0.062381773816952035 -0.2313753273777437 0.06801958073519304 0.054209029537121645 0.07451492958226524 -0.010694236084269126 -0.007249502352568219 -0.131912603553323 -0.09916563636371228 -0.05047414703459373 -0.05707119169312974 -0.09401216437285907 -0.015782070478494777 0.16008300371182943 0.005578803119087533 0.1702363782035777 -0.057224982530197616 -0.13961737999526913 0.005550799274572939 0.1368328772759336 -0.05972187248141088 -0.001946458567087657 -0.06368078284314473 -0.00106080176681675 
-0.13474255029207463 -0.14491022978831106 -0.09435821452028365 0.1556242249059566 0.11048407693938131 -0.0057829503655646 -0.03356582586389173 -0.14122703815500473 -0.018883529632688162 -0.0803266049654565 0.12390179019197717 0.11045056812566226 0.026578209106908425 -0.1037767607866233 -0.011527793667184266 0.25330880441686304 0.13341899300943807 0.06667278527093065 -0.13869652644095348 0.048399601897309984 0.05748594698967584 0.023426052103307265 -0.09674768263610296 0.039060941821461644 
0.16743103935528197 0.10821984219674004 0.031192955963273754 0.2521153410230026 -0.17396167151319994 0.2165249269103576 -0.2582905836013372 -0.12833600501474518 -0.04807472276188001 -0.18120737160174935 0.012361937550046461 -0.18933172135740914 -0.08266853826838766 -0.1665560118630786 0.08051295748399181 0.09389675902332129 -0.03128550998729088 -0.12397561286525309 0.09792020258552393 -0.10947005665359635 0.14157880031770131 0.004369582002398704 0.005243363594649743 -0.188717540775505 
0.034828200325056353 -0.00045612899594024215 -0.10747023424793249 -0.035920013593628945 -0.046292463247331564 -0.06058939927001863 0.27852473108992043 -0.02401243677537067 0.18736519168352156 0.013321345703622681 0.23605256164113786 -0.12861324901142365 -0.08604620517436268 0.11240525118350701 -0.18258975429866967 0.13337824414854949 -0.0017004693215367356 -0.048712526685536287 0.19831899872331255 -0.17655522512233832 -0.04338343981842178 -0.18765551013828893 0.09900675875970065 -0.12709079063444162 
0.10109468686067967 0.19511274274092022 0.12832131527003054 -0.018897752186425015 0.0737718909938518 0.204286705024511 -0.031882344492589684 0.0008152219515255349 -0.25446015728164406 -0.05147495350553197 -0.14253912316339132 0.13284987218637787 -0.03329097637771853 0.025275846729128082 0.14740485171260526 0.04423435241947785 -0.03395898068540713 -0.09154921000008724 -0.17100555569262157 -0.0321813510573665 -0.1393551772977432 -0.07674067303923643 -0.020507571859784694 0.23723286605769453 
-0.15583650808227203 0.14288607480390836 -2.6460492879920628e-05 0.11000361778159848 -0.14197866214675894 -0.16645927394946794 -0.04691355322091695 0.19844980628952041 -0.07029554995101654 0.06472738640405837 -0.08298390840466012 -0.19144420495716405 -0.193518050801277 -0.11199800075075361 -0.046841808748042314 0.0018328442293021963 -0.21831227714963403 -0.17750474572593475 -0.19357502660668627 -0.1540475875943045 0.05629095773596755 -0.038298847468309916 -0.0765279819880479 0.022735217967317402 
0.24093456005042513 0.05498483335638572 0.07895652338389816 0.15239257504036952 -0.18413936741602183 -0.23622260463471392 -0.024566028753752273 -0.004126897626944694 0.15542159044562767 -0.0014136025427998427 -0.020106149395994023 0.23775026291012258 -0.08849598839674708 0.13883617883020988 -0.0976849687931132 -0.04360913863607847 0.02108450829885593 0.018661897795330895 -0.11111857422049445 0.1222663395646141 -0.06175516229922301 -0.10784079330233644 0.11778119342889257 -0.051299283036924284 
-0.08348328330599886 0.10401599391206505 0.010110698954757035 -0.1987742544327614 0.14915485794122535 0.1458559845920224 0.20967972186617456 -0.1049996332264715 0.08047935847653308 -0.0633910056019904 0.0162795981316051 0.13889566367670372 -0.00425830940810414 0.01612489940639654 -0.06874715987568115 0.05020664161989386 -0.14836608436998566 0.14704474389992966 0.09980660201740263 0.05955522222394324 -0.08694325054239437 -0.1250517527676878 -0.15791771887713288 -0.07039658469214378 
-0.1852048271483506 0.1328925515061299 0.067279867693388 -0.027313380147830357 0.1062625250834926 -0.026096752254668263 -0.1840859288370339 -0.14554435574550412 -0.09765395754827191 -0.032353712613071135 -0.17901651316743927 0.007120027995558315 0.04812253818272292 0.01229491638108295 -0.026570544250964327 0.11267933737795031 -0.018868550310423823 -0.19405316577142953 0.14872653946811576 0.05227266749261941 0.10159387120968584 0.162221005974712 -0.23457686427173635 -0.1051134051454034 
-0.17452952937240315 -0.07544610752539027 0.13303637472292312 -0.16710041360624325 -0.010536955626165115 -0.18092729735193924 0.07749569030002486 0.11432008031674284 -0.229248802583653 0.01769533217758269 -0.10337098566425455 0.24368544034331083 0.15415792945183068 0.07942931561897815 0.19262171479002793 -0.0360092296492488 0.21224792407415163 -0.00705394633470729 -0.1048150974423242 0.22462832531071636 0.11162171872832831 -0.17389189867535662 0.12269223152649826 0.09050126110844456 
0.058642169561856264 0.07283360864427942 -0.09774219705242829 0.029281527126169306 0.12510983855195845 -0.18836589593672187 -0.14727764120773948 0.12720702210342671 0.0675658264894611 0.02351897198890985 -0.09980722389955017 -0.07703380927350015 0.15420395124660316 -0.08228045599570255 -0.174087607926645 0.19508174015689597 -0.1241319118592321 0.14782485184262004 0.1522512774777983 0.01131992286455019 0.05294458419313318 0.02047944139916704 0.052763678205704566 0.1877869450449798 
-0.08624657478766194 0.19900997846200807 0.026588651827700236 -0.1535180472038951 -0.10835585801572711 -0.024728825491335645 -0.10335685634107686 -0.1469113106435809 -0.1526957625839455 0.12493060447910911 0.04026092670458675 0.18106770668043884 -0.07364388781912357 0.13088965078089967 0.031161580013313667 0.03690309387535276 -0.21229779283612793 0.1421186934330478 0.17197574353967984 0.013596279302025968 -0.11001193716025315 0.04858959439313178 -0.20784587563535123 -0.06783515503400198 
0.24971629875277948 -0.023868147954785555 0.14149227074808732 0.041198693376352284 0.1283197633196032 0.22863316901708933 -0.03273067996404029 -0.15033710004000528 0.02869031926061214 -0.07322421412871327 -0.14880595893277668 0.10840075368092651 -0.18563021777649608 -0.07055774877061857 0.10933072847629761 -0.12048897338040664 -0.06532944119479664 -0.19161770785925453 0.19931187768303288 0.03224694601088342 -0.036907176278896135 0.24374198571652578 -0.06492996191160677 -0.01777426160828096 
0.07418802929483154 -0.15792112738393158 -0.0769952500018345 -0.057180407144507825 -0.10134914233768846 0.062261903163278905 0.13900165589032437 -0.17103189706662542 0.2604475578900284 0.09328701503968088 0.18463233431637327 0.06156695525649412 -0.16773526376838277 -0.09629289279300099 -0.021323496428249326 0.032050311246396186 -0.036509163628184016 0.06356839530044378 0.07178173688412252 0.11384017345594796 0.0022570498412490723 -0.13899730884024397 0.16354137377418337 0.0498344161950524 
0.19786230676271632 -0.10749904628385343 -0.12861950127845226 -0.04287291096765386 -0.07090055381423409 0.1584762384921766 0.023502118797332633 0.10080868002379703 -0.05154435439635063 -0.1598684586027842 -0.15354561508558784 -0.0370575621714319 -0.12169716021501989 0.16165274756213696 0.039205834878786545 0.10315019480950394 -0.0176710339033919 -0.164440817695842 -0.1051110867240451 -0.0017043196134779413 -0.11978611892044859 -0.18994620131823114 0.08261228880239974 0.08352381431078097 
-0.06698438742141652 0.14939102517747987 -0.028113756960342948 0.1404837348026689 0.0562188405248514 0.03811435029277542 -0.11892585234342302 0.011580596460121058 0.1588838352968016 -0.07711275633515283 0.14108651784515772 0.19420548148528646 -0.06720235083104675 0.08562033434150991 0.15932549958476902 -0.19111977794904572 0.14963998953149518 -0.12290947251566849 0.13930033292351698 0.07561005270438986 -0.05723265167334708 -0.13883771281015722 0.05047133227845123 0.15499013758931157 
0.15043897501565237 0.05151145243844117 0.17211680032280718 0.03536518171443313 -0.12009172630321166 -0.0015553550335660736 -0.07419692601789256 0.20665488865855203 -0.06551731103862672 0.21680704592258906 0.0073655624486176925 -0.1341061187669889 -0.16996441142993404 -0.04673606035955993 -0.1501491395923033 0.06976499105363496 -0.033597852736915554 0.21145972735524518 0.1718052786223126 -0.13970258476406924 -0.035453157756362624 -0.03591965462418571 0.0161848142991664 0.13454344761868595 
-0.005014324915940745 -0.053864606215976614 -0.0943104062659945 0.15224901873013155 -0.19125259442729256 0.17000298167905117 -0.12386510767561812 0.036142057011277186 -0.10593521637534234 0.25604509349941407 -0.15041107360550843 -0.09278812691801396 0.12590158524535086 0.07532854782202891 -0.0754153161913132 -0.2000264721390979 -0.11552456170416414 -0.14125209971464148 -0.11783608068341325 0.1795783247554114 0.20934522655468885 0.12626804571686973 -0.05786126712969703 0.11927299342768959 
-0.03101867869255984 -0.045239497034850626 -0.08886217012230813 0.20586216358272252 -0.04450072889014361 -0.020959940804678837 -0.11788368798569503 0.18592274761446745 -0.03900220855811115 -0.08007585354251202 0.076976601165182 -0.15213895845812261 -0.16194228769977556 0.13198924328344885 0.09676980206253935 0.014379427311269819 -0.1289778868658324 0.049948653541000226 0.054553779853613656 -0.06810873255545652 -0.17284388289452193 0.14805587350771626 -0.004177789295202393 0.06428498451405922 
-0.0975619095589308 0.06809532549987161 -0.02797464253860675 -0.04643784759170617 -0.14881499867340453 -0.1014219165779119 -0.16802748405975781 -0.09923429619099643 0.1313753292741712 0.038685805035048225 0.058168132380225175 -0.2452784582686747 0.0657083212750681 -0.026922296365784557 -0.10678581945717479 -0.17206740837083628 -0.16214206193245664 0.13707388228374354 0.19323477325740068 0.17687099871193626 -0.06022708238068098 0.10283984446789328 0.04799311794163145 0.11213264442762173 
-0.006373147123150378 -0.0829022456547295 0.1140918584609695 -0.15954633313133113 0.01451097437834082 0.009738201693663977 0.016427149761208237 0.08164872573032211 -0.16822090154740438 -0.042130943618506216 0.05789676044580213 0.1858319010695143 -0.041770277049269694 0.2033518023738561 -0.03776700140306397 -0.14501018734369747 0.08190089553371922 -0.06538036786560142 -0.11198709458628976 0.2859276632946838 0.2059615611495733 0.03888337401211941 -0.012619478374075168 0.01646211394779396 
0.08537870310830384 0.17757686223404062 0.14221769133229073 -0.13234747972205477 -0.09385386223681708 -0.22595226200875732 0.1981954150142359 -0.1045864061405859 0.05111181332024446 -0.1638493325856602 -0.12894994156084036 0.013554609475425985 -0.18771890977729533 -0.018557145530972118 0.005012388881196688 -0.05813639760893517 0.03144622049720734 0.014417140699003175 -0.043066406688049945 0.05751776864323025 0.0909511552878013 0.08027053073833995 0.014729513337056672 -0.06177729947358922 
0.044540966472364545 0.18736857413949315 0.02746718526251234 0.22429547782480905 -0.023161166926703766 0.08381740489260533 -0.18500475254237464 0.10990820118791772 0.030535699958864147 -0.1981684653989877 -0.10426456901727091 0.023946314834978857 0.10633238463463934 -0.21431837059790834 0.019247814607653776 0.14208726981102668 0.05547924033541487 0.17465478889889163 -0.16990046453669796 -0.08286100331677262 0.1951137205128339 0.08959527473601184 0.030056227347269586 0.10404042324191087 
0.20883469802330912 0.17700812458574577 0.19973456009174625 -0.143579476260149 -0.17160299972633658 -0.17041441525255627 -0.1943222460231875 0.17628411979268852 -0.21137064778568504 0.11399118601914181 0.040244366966227546 0.02741107459068306 -0.06049535059293842 -0.0364929381893153 -0.09758185512822014 0.215912093536971 0.07888147258461027 -0.1897629617402457 -0.015089302565811254 -0.08658189845450733 -0.1606444439717896 0.1995574243868677 0.0866838197849887 -0.067245963440902 
0.15500539161742782 -0.11792160578493446 -0.07595969201424387 0.16219409397598353 0.23490127456017834 0.029057711568880835 0.16962636777249523 0.14134353451007628 -0.016917169266026117 -0.05014617457037336 0.09373267661025304 0.009482328653219031 0.006342335333744712 0.22601818871128895 0.10872456807432042 -0.05884601779031598 -0.16590805055678137 -0.125301448503763 0.010522758515902758 -0.03258957214463378 0.1602128155562014 0.2313827917702144 -0.1726923176342207 0.18847866361290663 
0.16799391617121257 0.23855564204215307 -0.18489938117975396 -0.17687216096938144 -0.19797222691611305 -0.08006638310001266 -0.17763903724444408 -0.08155917032735327 -0.024763898586498884 0.16506958816871137 -0.00903050056607809 -0.13426304585280424 0.03697541202395044 0.06644961698652323 -0.15508140184094463 0.07740836288937997 0.12071096985999595 0.14561201427139472 0.15579181199273243 -0.04654020462995285 -0.030475361296422917 -0.15900001828177837 -0.0836844822365144 0.1725978203613877 
-0.037871271187524765 0.11370333707451563 0.1558102387274254 0.15668402788484168 -0.1369083882599115 0.23562997958965778 0.03340597866435176 -0.1149402124511779 -0.08225150458703182 -0.1353855960669895 -0.026941794281870463 -0.11837928815627201 -0.13320481033035028 -0.12034809365762471 0.07552456040671526 0.09854272569497748 0.19681455596821154 -0.056637092287787516 0.0510812519856733 -0.18629708576032564 0.006343907760094679 0.19963360916386683 0.14601318428784846 -0.19630921322462577 
-0.09798183787662193 -0.10962255981252149 -0.1809600083070825 -0.1961870281655112 -0.00383841772711093 -0.1817967250219549 -0.087771539603043 0.055196913190162705 -0.08122765783595895 -0.09124376482122093 0.035611567473966925 -0.04705880433082624 0.08011490555600344 -0.001516889850672699 0.05251054026708166 -0.05783169666791659 -0.08428495110222466 -0.14618621709175111 0.17470187554711153 0.12116677668316686 0.17508745314933732 -0.12510995712579986 0.17310614140491562 0.17416220591042414 
-0.08568451378673819 -0.06709127518623532 0.02018369330441022 -0.12514676240209696 -0.022730056374079887 -0.11630102550501666 0.2341456043404857 -0.0024170496465776557 0.24110288790435713 0.029648039525073992 -0.006142328244900884 0.17236849706259572 -0.14214739834679935 0.0216401323289749 0.0639104532935135 -0.025985379342907677 -0.23119425427707416 -0.0028485855254611887 -0.013669742431281252 0.1717434952021729 -0.09645029804858785 -0.042741745106351016 -0.07968707824533666 0.07369546861705796 
0.21580942553548152 -0.14267536256216512 0.1278633376552123 -0.10675363501867355 -0.17671257752298544 -0.1670416653212678 0.19278142257327213 0.1756677874068609 -0.09299862501593366 0.19169021925207064 0.13205797948201467 -0.03292093126628634 -0.012524515359534763 0.04883846335789909 -0.13614788591659435 -0.19430662619939654 -0.07954757946236699 -0.19403680578076127 0.06893288043350058 0.02019835924570697 -0.08045277935349898 0.12578558996799055 -0.15424339259493874 -0.10117551888183421 
-0.08217814566688596 -0.12085745108535405 -0.16453622170475218 0.1474747234980826 -0.16443474254474946 0.072605267330716 -0.1513715617149998 -0.19597220792455425 0.022481668428407077 0.16252602422039716 0.14362235824077474 -0.06377522039713526 -0.18926040165667427 0.11956493889672165 0.12162975055151727 0.14687236184270155 0.06699966178011336 0.12235261716408717 0.1586267698889985 -0.018113428206725603 0.022701073452773404 0.00239973792818558 0.07590634604609121 0.07228482229547882 
0.07525365457370527 0.06599178510133612 0.0022620177587636342 0.12867405920912084 -0.08636433485389189 -0.08118051572348141 0.12752202499548498 0.09042989442576051 -0.18311768874503187 0.10408226491120284 0.1201569254937425 -0.10443319444764948 -0.16632462144941237 0.09038032626815747 -0.1093637636033302 0.19908243666717607 0.03701468813146756 0.14475066459246216 -0.1564726135257256 -0.16602052283973442 0.1338691985617236 0.00010832156072031651 -0.16481479665437762 -0.05081464336896932 
0.06799472463984112 -0.12341406443727475 0.15790926156894267 0.21873750786298585 0.17910446866926824 0.0911385442528047 -0.04586769824529302 0.12702370479022287 -0.0747917176718426 -0.07335213878417975 0.04168333070989984 0.023626186418232786 0.1872661772063435 -0.12814532578205876 0.09749700706783829 0.17608740568631803 -0.24040645300592522 -0.009368624220010268 0.061981176337803506 0.17111042351688283 -0.15836120218609961 0.1404631267865672 -0.05347335927683796 0.15592051629806292 
-0.18903505908688356 -0.17673808684479542 0.19275385411381138 0.04311092825746018 -0.03238029425424865 -0.15511440293738235 0.0639063643895961 -0.18526087201544494 -0.08520313569352639 -0.06973871897534817 0.04229520918867979 0.06831607325729032 0.15057924652990715 0.1714611104081919 0.0633410386686233 0.029741516680024938 -0.042979116603061564 0.19747558319515537 -0.13774501852129156 0.17319742321488005 -0.07714047040665314 0.023964209023905222 0.07913944967814969 -0.10455204976841193 
-0.1322284507664203 0.016787923898571873 0.15892724343312084 0.09284394595074763 -0.15194987019714587 0.17047093765330465 -0.00793740906905505 0.20846136343287516 0.036754119969149096 -0.16580986399687583 -0.11822696597395477 0.14513518172630863 0.08022411094033477 0.15120428927356636 -0.06748062939012228 0.010973971306934612 0.049035232705618124 0.016291071603211752 -0.10656305428973696 -0.028753269081032144 -0.09987914420841452 0.1545216421810642 0.23013252031023892 -0.17321730538235885 
0.11320247562870761 -0.09406418013931157 0.04942587056118216 -0.0958615270741233 0.0595816877609343 -0.050781615429187466 -0.10661304883131047 0.163641340489719 0.17770575250180612 0.044714365889445905 -0.1133953627463158 0.21287915134103857 0.0928723959710915 0.11760857386357913 -0.11450033772044185 0.13121774774015402 -0.09958974327137225 0.051880025755712926 0.0833987109129374 0.08852966284555387 -0.03066673943461798 0.13302685356899976 0.15967707429450595 0.03437603470589233 
-0.16353310957881814 -0.08352485621959492 -0.1575071304338492 -0.13021394739608066 -0.14892938442609738 0.0359009095140588 -0.18426854488203773 -0.10250892439051307 0.2655914926536047 0.14956604850785238 0.04149555277217421 0.11390454688481653 -0.18262343456958827 0.09979980266665081 -0.07459736656872322 0.034365827570368546 0.038209456970699496 0.11559485797767856 -0.016256934115010398 0.29046595176553536 -0.0959563987947187 0.09517132942683532 0.1514652892587147 0.19439921449188854 
-0.18702527777319444 0.08917029580134411 0.025746512934165796 -0.002965500953934545 -0.09542521424646783 -0.06840308688015466 -0.09933725831428561 -0.11146470432582373 0.11908223968522623 0.0009372012664770036 -0.16646445092928103 0.10995777300742401 0.013191676740112014 0.09486645621753646 0.0060284445010096695 -0.03937123303727987 0.19472628631952435 -0.18881870252589777 0.17294683714907277 0.17217083646950507 -0.042944353021483625 -0.11339653327603784 0.04695866206940386 -0.12809768485435108 
0.11904067222669196 -0.10518497415146866 -0.08278076877184472 0.19649103858034597 0.16082485835173346 -0.001386889388723811 0.1511320115251356 -0.05817423736441157 0.22648042642200275 -0.026044547805398353 -0.0811797165655997 -0.19418368903708486 0.21704779676784816 -0.019992618089423656 0.09294197763996989 0.0712703177796681 0.08231002055607384 -0.1795056706893599 0.1677784758854087 0.20495243341431554 0.032874971838166116 0.20864982766965123 -0.09133592755650674 0.04019920607581716 
-0.04074956457216198 0.05045246603991166 -0.07885448656366931 0.1270209708311168 -0.17191030782357283 -0.18326431019843528 -0.18020343924233048 -0.13920980985689302 -0.04118977706702958 0.18215177997675597 -0.15526390389105546 0.05820824526577405 0.010824850036980882 -0.057892088325912174 -0.11994412228499975 -0.11093143435843258 -0.18247280349239872 0.08436809445114328 0.060708167545445016 -0.022072876007721006 0.08667822250429712 -0.15559608965768235 0.17536831928723737 0.13843444669206367 
0.06277511167856087 -0.06879507223361478 -0.032801136795718444 -0.004619317770943469 0.17397132965784515 0.1862304798963434 -0.0227216732563725 0.014324395017612181 0.17291339622238897 0.18996532643735273 0.05488320243762685 0.10228690446696881 -0.06418320860281457 0.1565213388890372 0.13404094055695331 0.020429421423341684 0.18456174356247557 0.12396313051143464 0.12260750520956754 -0.14720390560156216 -0.018203836094476507 0.16868559563425642 0.131133246708042 -0.03116384523590405 
0.19357018311817542 -0.09284275273613678 -0.06570257107762874 0.21877304238080655 0.12273001474781414 0.14125920104072462 -0.19560888267693088 -0.047363912218271347 -0.09737836577357385 -0.08073096339323946 0.09430848318515299 0.07913042342967483 0.002839346770173024 -0.0981096538230219 0.033298152410843065 0.013214725881023686 0.005665648488408473 0.04547789081003861 -0.04107190425526666 0.11799693854720822 -0.0986389088543056 0.043878603873919085 0.2236354308584873 -0.19888749134641076 
0.06885098402942595 -0.14736400074225983 0.017176356615846967 0.050013204302930075 -0.10195150885966808 0.15778240006977617 0.07051365170007583 -0.10646994898276044 0.13822325174456362 -0.15740796253318132 0.021677176812700046 -0.1952944769431902 0.057564050411492346 -0.1175929145485132 0.058969060880496804 0.08543310686338093 -0.013910971394887848 0.06213036174006484 0.12457550548739042 0.15233063634951763 0.033682961731560365 -0.02813824230980166 -0.025148246721741197 0.1467371993441719 
0.08027818904278096 -0.1252895814173141 0.02581664564362881 0.16321558983353243 -0.13911483150334897 0.1375820976885874 0.12736142685237334 -0.00025780995469730804 -0.1850129096119726 -0.1404034314295593 0.16883195058027115 -0.18233711023305346 -0.05024536948255661 0.04688982222234879 -0.12044811925955948 0.19261899990674647 -0.1369788294350193 0.015561131799524173 0.04648222591787688 -0.10675307682119888 -0.013208148824689417 -0.0035198827007289503 0.1058903062671421 0.05293588943531043 
-0.012720688353693851 0.07268194933362222 -0.018291436286672277 0.01007523013655922 0.0625890346282699 -0.12679762361601798 0.11277115898839425 0.034982406782832855 0.20117599256035235 -0.11021209924123544 -0.013224848947317623 0.18635255449516258 0.03991698283082178 0.11180435451854959 -0.0339453105683968 0.09179748935087698 0.18778118585634715 -0.11914389643328523 0.12218594831722719 0.21357908058290498 -0.19439364830603426 -0.1130969536100587 -0.15259665990853852 0.10611571530884002 
-0.16726588075987367 0.21708700032397027 -0.04346183662615583 0.23597570076633165 -0.12382108844878786 -0.02321411763496227 0.1560542153392062 0.04390668881325705 0.04073445038859328 0.004953061209217156 0.029032156844467336 -0.02800428694183493 -0.12181353132272048 -0.18137460796620966 -0.13889739055917139 -0.17894407418633804 0.03682618530006468 0.11439180546183413 -0.05555683891742717 -0.16966502691904495 -0.030466088136895778 0.030920417844517777 -0.031869637860562836 0.12353846375873895 
0.17665646688874212 0.1474482457122145 0.08070481180356516 -0.011641242650343123 0.07220154112404654 -0.19486289544679417 0.19318923327653778 -0.1304763276219684 0.16218160733281953 0.12208304696275514 0.11927508841408933 -0.09153157366288407 -0.11151058979855072 -0.02797246029060543 0.1391395266784578 -0.01947089288694467 0.1740267673719413 -0.05811590163410055 0.04702956624187562 0.19246375534012775 0.05658260088659489 -0.18179018279453182 -0.014289274847923345 -0.06524819438551167 
-0.008398671051931058 -0.07829921865008817 -0.15061800260683236 0.06645892105448448 0.07166785739882418 0.12780056593048156 -0.14652037682196298 0.1516176412174738 0.16391398740813212 0.03871648573979898 -0.11723686937187165 -0.1241452439982403 -0.016660572957046073 -0.009936977106082325 -0.008839431067168292 -0.012756099141837219 0.11241042738472651 0.1382891756109773 0.1259706272758839 0.2018587885241545 0.016124490002045848 0.18632042938168342 0.06448801499610458 0.031023840863480485 
-0.07140568595098043 0.14326468881844137 -0.1791578219849743 -0.1456441901291751 -0.14738633332352852 0.006049534393145996 -0.12916269621343116 -0.06270249614506394 -0.13809981837355348 -0.10565060998430299 0.2682346668233613 -0.057856706103160765 -0.13895939973408028 -0.04785588838975216 0.2607224054394325 0.0999967285529807 -0.11415828967726471 -0.08555531446635056 0.10382906308529911 -0.10294009914289275 -0.09742407187779097 -0.16610039827475026 0.22346970787243284 -0.02044721409254256 
0.02426149324971014 0.11911292722125526 0.11780495389977458 -0.020601033598267482 -0.12561516314984014 0.11100070139084738 -0.18769589638230197 0.23178758782143477 0.05325521177005985 0.15302599696810704 0.04274008198297829 -0.14388104960354858 -0.05612670579943593 -0.02533487980393129 0.2398628476095646 -0.12546675843070804 -0.03294502732722744 -0.061651589714615526 0.10704045984823299 0.1696587703480578 -0.05702150704741261 -0.11755880522052665 -0.17300644817333885 -0.11976325648711009 
-0.09014412387483658 0.013628360721223387 0.18676829512064802 -0.14820055723649916 0.19721032367669503 0.05618120445634083 0.11517792203338668 0.22161152734480494 -0.029190839933087367 0.012380396051065182 0.06591234301243543 -0.0010851728925198659 -0.07946159646266272 -0.15745759923657132 -0.08512949351805256 0.11125614817017153 0.05830317630432002 0.12050064208705108 0.006705389487550219 -0.10630711621270905 0.05078646966653908 -0.07750742405454059 -0.19931701394252202 0.17168308023869722 
-0.031299505132224785 -0.01952870962260264 0.13674631246070454 0.20562172576285456 -0.17080093565934476 -0.14949977869043132 -0.07018583277865625 -0.09959698235968512 0.011198855005782101 0.12907885220035836 0.14099979489311562 0.031105869391082314 -0.11931553403884924 -0.1608020857520727 0.09647094614074991 -0.10425311997621632 0.00011525671715618112 0.08463968838736134 -0.10785435336042576 -0.12949817179071113 -0.18413652488336296 -0.13866465395969954 0.17046490167873413 -0.15776123420795243 
-0.10970481705278208 -0.18697910284204314 0.0696732854863365 -0.10646655429516182 -0.03397630256915418 -0.14372032414932379 -0.04837383664299911 -0.011501451762516018 0.02111745660673178 -0.030323611593300347 -0.15852340885142116 0.08791730195236813 -0.1445679906263493 -0.06588356169549522 -0.09032219283795076 -0.078704451783598 0.04209178449596732 0.006966582578406389 -0.12321267933740955 -0.006667221908368539 -0.06334159728048404 0.0581823184808208 -0.10871996518137929 0.11334592643388157 
0.010278551582572962 -0.08280488804350969 -0.09764324011187414 -0.12479743690852069 -0.011044450432276877 0.23246454795400004 -0.15801468753891168 -0.08571734641889797 0.05348503940036248 0.1513607632698068 -0.08759935398999553 -0.0031048546468896055 -0.060033386667810364 0.07648495043529337 0.08683797139963315 0.14234562376482768 0.16057419627872757 -0.058712492809627495 0.17008412296135683 0.11014795159967468 -0.07615965314545955 -0.07291475556522087 0.08718958464653967 -0.14907208348492387 
0.05261040162084583 -0.06913573647384279 0.1301848050276298 -0.053410639623877626 0.09245367851369966 -0.13098035661323987 -0.007267473058337026 0.10338553457602337 -0.07676798234155595 -0.13471699557980232 0.058776407019779646 0.14360419715904127 -0.08702546108156439 0.00983120867060506 0.15511421581207807 0.19607845650241823 0.08514846258209101 0.035751517284611116 0.1262239996456603 0.1695392796110469 -0.19931491759691305 -0.040446778311279 0.015458547630921634 0.09267682320468923 
-0.16472538043134707 -0.014061483173388171 -0.08725411554326602 -0.03005987457271864 -0.0007909732379981684 0.038844270200267775 0.028634767568531058 0.041511050423925805 0.06706431090004862 -0.028157177665939854 -0.19830729114837803 -0.16527497648438894 -0.07870359953355441 -0.14061544975157445 0.038821264299745556 0.009800230230161744 -0.012164896560399964 -0.07078722953870623 0.06047663135993594 -0.12313350902070776 -0.1979381150964338 0.06830718656790083 0.006156067382605518 0.07641063481173185 
-0.1120299564433494 -0.25693555039232635 -0.048020413991004034 0.1340599071453301 -0.15849834269687008 -0.10153667645647083 -0.0072559762561033025 0.02049085649372106 0.09552277601793997 -0.08541104821647624 0.06298667594838481 -0.024349800202043203 0.05762356130847611 -0.126763680219756 0.04741443429651909 -0.1270756285683467 -0.1952575884582954 0.034415498965907475 -0.12559491300554063 0.05710446520093307 0.026644357279117785 0.1541086743541923 -0.06629784090646439 0.20869389028785154 
0.009942882102141035 -0.021689260946469755 0.09055865801743695 0.04483511943602975 -0.05422787723401041 0.02700913749830271 -0.14144307623179472 -0.0910827325987786 -0.23353118567587855 -0.02390957343295239 -0.10554847675008666 0.03398636393094785 -0.21545036810553464 0.05314637875302577 -0.08190471372828709 0.06188878699412295 0.10638157224543397 -0.043653884788803624 0.06441537977724349 -0.1026473476674353 0.25695300460183645 -0.13900347452152087 0.18644879394196937 -0.16196391975500649 
-0.023837289879615135 0.10209350521998184 0.09687928733135999 0.05514025629648344 -0.029664456724912844 0.19668648637634092 0.08320242562088194 -0.08279910268342697 -0.08408598021493595 -0.1734349031647043 -0.06363260783895709 0.0891406753881223 0.12339448352638523 -0.08922075145515578 0.056962446923903017 0.11889307584550089 0.11694201338881201 -0.18819099403378062 -0.14070874806242206 -0.12402999679398032 -0.13889332759195214 0.14687246980836796 0.1392083741667048 0.023700428791425247 
0.016931194267252207 0.0806032688384056 -0.07823577036029246 -0.052533862160864815 0.02944811540653871 0.14015224277025698 -0.11857584473932344 -0.10762951680084419 0.07653007790651398 -0.06279265710304663 -0.18093015785778768 -0.12101706120631893 -0.12169027329743576 0.02921757859031065 0.04735842363017135 0.1997273769920248 0.17157295800212743 -0.07624775386656943 0.10047758353405283 -0.09949707980393599 -0.051801595391850905 -0.08201315443844086 -0.04347787400192603 -0.11329563112863601 
-0.04417051578522177 -0.20353563465764105 0.2356700333650191 -0.07238732375440356 0.11519455898443362 0.16139735509493655 -0.09771215911214577 0.029948131809595366 0.010226345539800027 -0.12170604271414986 0.002516050764089753 0.15810865424375417 -0.13892506862782364 -0.14985365316866633 -0.10157908725378359 0.20446918953563797 0.19688059264799196 -0.00965056360690547 -0.14634795971158546 0.0782409143863723 0.09887182997562094 0.16534911032693755 0.08525560325872467 0.21227602517785518 
0.11990615265169045 0.07158242931487417 0.07166593401570442 0.07095120508664966 0.13024369414632328 0.2432105982128653 0.16254623162269652 -0.13044174436982134 -0.23555191276169507 0.22560230057811873 0.007875250190367205 0.08935397001314187 0.05138386571578677 -0.19881203966382976 0.1465107465757837 -0.1436662164990352 0.16301454510040922 0.05859903976293069 0.049117818179938905 -0.008495459364994937 -0.02229733553836043 0.050399466366437384 0.09782034611078269 0.09149503384469108 
0.1257462178022872 0.05531561346896206 0.18897426402644496 0.0961229392571286 -0.057232297827435434 0.09457337790020656 0.016715856897754882 0.024805367542062372 -0.21801628925713046 -0.22913918592066304 -0.05683792519953969 0.0033626000547114987 0.2536019369409375 0.020314677982205674 0.049792161002795494 0.08228413895259112 -0.056717615267864285 -0.2375221890534608 0.09704964779041031 -0.07881532898580977 0.047140218535492426 -0.15199578525313429 0.13405321660169756 -0.09702396651862322 
0.01957696976180528 -0.19404570095688028 0.19341796031446504 0.06303793451882592 -0.054051964653885384 -0.14070852528644195 0.07041553687802593 0.198868060877226 -0.061438895750029456 0.10574159075484339 -0.0841033472236748 0.18429651821878015 0.10911055042876781 0.036029204714765894 0.1646863869979408 -0.12183503273126658 0.16820536278266995 0.07036139845318927 0.10769828350225184 0.050718267884487335 0.12640406286444153 0.07049040362311539 -0.14076482092105608 0.035548109983984284 
-0.16815495534019956 -0.049364531749468574 -0.2640729644994616 -0.15601466543618966 -0.3305225337907368 0.33485287427234955 0.02825048314413003 -0.10789326318781808 -0.326672070325544 -0.04393164497675149 -0.03178340098715841 0.363193677029638 -0.16477160494721257 0.04251230540051975 0.11177448409038347 -0.21473471773329356 0.0038454672943009425 0.18271131350312214 
-0.27191732170821903 0.07141267770005374 -0.38618766910236496 -0.37528947050335176 -0.30338410480827954 -0.01242610972186778 0.34642000695334135 -0.09215797390700499 -0.3185712564726114 0.25786149073933295 0.012893355406234678 -0.14964373309576565 0.34018765961583397 0.35000010633989287 -0.16329690016132972 -0.2039844729951716 0.05978954023382169 0.26987914322298817 
-0.15961499649591443 0.05810958928950528 -0.23229043465862445 -0.20871850200613382 0.17808717535494928 -0.23978063228965865 -0.21585030658261506 0.1276195410238831 -0.3347575115635895 -0.3269105521803204 -0.14429821681741384 -0.11001378609729143 -0.0838756298146402 0.19011193799157267 -0.3199956798622338 -0.09564977888639072 0.09337763842640712 -0.3025133676216733 
0.2388833330846381 0.0983556929173733 -0.24603100379852993 -0.2199203042303639 0.16711490367463475 -0.06500091065777372 -0.057618097037575 0.25324862766622536 -0.24863837896284904 0.389352903651893 -0.31530243516410617 -0.27497131940784136 -0.21372514137288656 0.18697187448628935 -0.029553807085684156 0.10361289173398823 -0.2228545567225615 -0.25603589231934737 
-0.05982542084868716 0.16351316232357055 -0.04384420697584223 0.25358265061094354 0.1085154228230967 -0.17086204745918945 -0.25429291398281617 -0.08747970150658345 0.16586233512178092 0.3604351780741237 0.2705740317135506 -0.15166928679320088 -0.017835879335809445 0.03685456970813476 0.03137500095522046 -0.07460087874512857 -0.2739057478607052 0.08849195263524877 
-0.3602052604251537 0.25110464142706357 0.27700429801094256 0.12628485781524545 -0.009065030321919515 0.135115557339162 -0.13965069657278845 0.22081526667684773 0.18650911951178062 -0.211474994357904 -0.1332201359824541 -0.06771007532149434 -0.02491232545288444 -0.003859861445627735 -0.3159674109537529 0.10821252700153751 -0.203817468035284 -0.12874218724645936 
-0.03241218654276305 -0.10225959679514945 -0.08627274687699774 -0.21867839523836463 -0.2973235953894608 0.03435175229536494 0.07892862158125519 -0.1925019217038298 -0.20924608667103953 -0.14545249644002423 0.23020245408947765 -0.27300824266263723 0.07395413244940781 0.03999027546393495 -0.10589128164581785 -0.10096651228998473 0.3165316579019254 0.01057230795239038 
0.1659090570694196 -0.006180636576356793 0.09722790143912904 0.062047067262428625 -0.24322678983660537 -0.11187805954377376 -0.028270976672025955 -0.30162410544732354 -0.09245487934924992 -0.24623092752426495 0.250705626645623 -0.16098966913426124 -0.24551346140428212 -0.028107540061729955 0.12405500225324413 -0.2990903391967867 -0.2183832181781945 0.1901933894266957 
0.1850694267163909 0.07938379383023621 0.2819544768149228 -0.2586574310065535 0.1381463033741987 0.28703892441811046 -0.24731288936696647 -0.19352448440835557 0.015958870436624837 -0.12409472891584838 0.13815149100638083 -0.32477584388053143 -0.23062298121202507 0.17241570357459704 0.32465654970234975 0.29568993527535997 0.27565356496603105 -0.2840649533254535 
-0.29479815737786047 -0.29441174989201097 -0.001346104579128999 0.251416528097068 0.02126721268979925 0.19223481197164236 -0.26100939636275566 0.21299576059292832 -0.21371422974400825 -0.3027401074861066 -0.052747307152445834 0.08249097087355652 0.38232490478941766 -0.33653565301045174 -0.15368931097529434 -0.2713165508806545 -0.0738088803748061 -0.19343001705949864 
0.06394573484451893 -0.10258119901597025 0.3121742002869562 0.19795831923255194 0.24755637113681372 -0.2542028364270124 0.1044412239856508 -0.15219477189735678 0.2465674103333166 -0.41087201808626084 -0.27086910892901706 -0.14115573948771712 -0.05440461165546394 -0.12284800047538919 -0.27767037045810083 -0.26175462368612396 -0.1233619683295893 0.36616287705909173 
-0.22594299185992905 0.16834855786239386 -0.18705513618786193 -0.35502929258207483 -0.3340766535154718 -0.23795679705795905 -0.06690815603083443 0.17733667764540528 0.14511861110084903 -0.0995136274427832 -0.012504080486205597 0.2618434195911361 0.29535180148944307 -0.1563309088444851 -0.34241440338987417 -0.3122675218561012 0.1617933783463936 -0.19991783236467925 
0.007103708573176149 -0.21050376673057447 0.2877429105082168 -0.018068612508964934 0.018160639790561088 -0.14391645503785586 -0.046571093602061055 -0.3620160231929967 -0.1513573848367798 -0.13467659819974112 -0.1467639685671973 -0.32029503216133803 -0.030621138081335247 0.23624382887443324 0.3048834149778605 -0.0018077651094619604 0.0630745419832602 -0.13799679398573403 
-0.2865114489367192 -0.25254152701184807 0.13726075889245903 0.1447530191049397 -0.21934534356127736 -0.05811649853820138 0.07303569102840415 -0.2547868404187495 0.19477435763713058 0.1218968452347411 0.08379488375010767 0.2026224485690625 0.41195337202062837 0.03762233081110674 0.2499409848449847 -0.05463020301129593 0.10444657964307998 0.2767332780041726 
0.16424708252008066 -0.13358245892567094 0.07568538696436955 -0.1004870115544098 -0.12032523476815515 0.07424726036278786 -0.21238816518004247 -0.00895684406041301 0.3070237430168658 -0.12534061398885202 -0.21264229457730002 -0.0741727685133578 0.20609853453344287 0.2953600226114637 0.22433747745058846 -0.33731319928413905 -0.15844156297485454 0.4162525174597351 
-0.32483347124716977 -0.0066153354612631145 0.2040986238688556 -0.2593113929204056 0.10988366424264193 -0.007957997653284716 -0.2867301596267097 0.2537801468508826 -0.24730740263174628 0.155204114648091 0.1741125037476608 0.10963554147971602 0.14301270162536298 -0.32114356618058865 -0.1301723703471265 0.05847054553783716 -0.07039410242091948 0.061948115545098215 
0.245964008497682 -0.21176448625245992 0.2928222313609679 -0.1029715056800218 0.3052541452731196 0.07913056770195381 0.1689433766785409 0.000558653203543619 0.004588954752738413 -0.07485868941573702 -0.254298316691379 -0.032227445055317015 -0.15709535156703255 -0.4146870313021814 -0.15302026224826565 -0.2184900566835668 0.2577296453564904 -0.3872239598460045 
-0.2576333996860735 0.13847898363849612 0.2942617665855795 -0.16922184136578816 -0.3303660046641795 0.31751451109961454 0.0878998497007764 -0.16277259884373996 -0.03651701004968845 0.14024992545769424 -0.08509050036722977 0.3443118421354501 0.20978502124691437 0.26822855236070015 -0.1006598933435843 0.3010603801741234 -0.01396580852571981 0.02769430079417343 
0.15607517020544528 0.21145789355256456 -0.06985355686811529 -0.034888745850940955 0.21699260025063374 0.14780443099010962 0.3001925270040251 0.33100144396013453 -0.2196499975049916 -0.18089524430264878 0.14672073775107766 0.17755018901758368 0.06564505266780325 0.25505194949632076 -0.16885345843995803 -0.10858438003589958 -0.003571623745918875 -0.13388037482450374 
0.06736640547773141 0.12365243837436964 -0.21187066438954724 -0.03138146221948933 0.34046599831878077 -0.1190932824924443 -0.4714546830295491 0.2229183009859933 0.0022058276202823568 -0.35746588969903176 0.2822344930171434 -0.0980610676999781 0.2963536762139327 -0.07076843898904987 -0.2911961763305662 -0.17348697051546855 -0.10121046482293374 0.21329869896950712 
-0.26467621332698227 -0.046336678053659625 0.272869410967607 0.0018503834098045004 -0.27268775396265765 -0.32808939734555403 0.10831397602710201 0.39637476923587095 0.1847753837747794 0.20489731629668267 0.11882478820112445 0.24989280277629775 -0.3295681317040257 -0.1860254656923285 0.13253519755373938 0.2517428037025386 0.11824784373732462 -0.2574501012902015 
0.3506659271722766 0.2772780053280987 -0.3533397634340955 -0.24224350543490253 -0.15280880341741987 0.16221147091522023 0.23290385205545633 0.022908138796925465 -0.21841373732459998 -0.05205832650097251 -0.2662999999818733 0.3563568510238268 0.19460428771731542 0.010400861961984071 -0.031099470965254297 -0.27642012392917276 -0.12286011014388278 -0.33580677292988204 
0.22586330143456212 0.030062629093505516 -0.23388711563308912 -0.21759473340170835 -0.16303456166368963 -0.12959754926220837 -0.09838050072437633 -0.12831192695292562 0.1115127506319581 -0.3426592404426159 -0.11638344188501754 0.19549328824329026 0.3109275301420287 0.2173014479834526 -0.17658854787315786 -0.1820751798137658 -0.21168454747313462 0.2725477754584831 
-0.20502953844535723 0.17590005250479443 -0.1665442938426772 -0.32204284871343924 0.15877890098111144 0.15377212614900135 -0.43275967312256675 -0.16365644127285014 0.30894956866282186 -0.254522087960804 -0.2901698699505356 0.07916562911719273 0.31603703525168036 -0.2784905534051842 0.008688507504262671 0.1246975305608312 -0.22459369255755648 -0.37470189544968197 
0.3417560322489362 0.057411364353686815 -0.2935685286279953 -0.3120087320675802 0.091229577606198 -0.24336146269456196 -0.2040619586449607 -0.3029249771405754 -0.2459908302961977 -0.009832558916229271 0.007672924427437098 0.009000358489043968 0.4622662459340949 
-0.2968104215316587 0.2036832607948994 0.23420311925401968 0.06649937402008124 -0.029045836861034062 0.31570371729186697 0.262262580396148 -0.3620454165925086 0.3730053952250246 -0.3975457548830877 0.0572253724231043 0.05667245094457342 0.2673262853258633 
-0.15078653033018152 -0.3424786530192022 0.010008432724381615 -0.42984116201408007 -0.11198009197537641 0.41506980158028317 0.30928194567342154 -0.3131288517862357 0.32062750120703815 0.2523862200514905 0.34431650630570143 -0.21945693138634859 -0.0128770619801848 
0.2755262978228121 0.13210505589680718 0.07365861204061834 0.1456964373297608 -0.22574309419360652 -0.3765094075955875 0.1875681090976484 -0.1276897017772993 -0.09691191058450092 0.07306177613916057 0.12396719609251541 -0.2369247867860031 0.2514510094261589 
-0.09416874361036368 0.1036786580227478 0.3758371419484134 0.05065086558634594 -0.11112722475024576 0.09351431069102492 0.0013920809092490222 -0.03716509255136268 0.18434651430154622 0.34127118483150426 -0.016128097270545195 -0.33078380699473786 0.05448379534505215 
-0.20277523675497885 -0.37088955865472367 0.22963451594887563 -0.1802766928985495 0.22063836921937474 -0.009164711412400172 -0.14391489009040095 -0.1470541895342739 -0.36886893321419734 0.02680640460373595 0.2584839107858712 -0.3343508424438559 -0.31407295713294886 
0.028527345389400247 0.11894489421088246 0.13735459007740228 -0.1995136107532009 -0.372833473009921 -0.11041105709530769 -0.20989699978772808 -0.46431536809106805 0.1655163051580141 0.4470246023620097 -0.08547581380981964 -0.15808767856298586 0.08224305388656579 
0.24711889321927025 0.235188268750412 0.09542360593909857 -0.023313494116398045 0.131987702091236 -0.21323829122763321 -0.09967346354732652 0.280043311335498 0.35179860797015 -0.3258241767138043 -0.16149594485099697 -0.3984809054154194 -0.1458116346740535 
-0.2246645640272496 0.10565163122376948 0.16604783976842913 -0.30040576649349415 -0.35264984721459197 0.3541698851888883 -0.08699400884229391 0.03895030721032769 0.37321836021277566 0.1978737165432902 -0.13781504206171372 -0.3327428127235536 0.013736109141036729 
-0.15062298317523093 -0.43365506380080165 0.23754898217543735 -0.07145358988230374 0.03264661577901199 0.25465498859352725 0.42163461322144863 0.13154777842461055 -0.13925663527061696 -0.3389862931034128 -0.3425650956654957 -0.14250663230246124 0.11074893741414396 
0.1544285877066783 -0.2411945198335915 -0.3352557336321286 -0.13698736442371423 0.016415606603148676 0.23639252601932567 0.042102036635774845 -0.15237924578112022 0.0976569598780261 -0.21230805929566318 0.1203921527729813 0.2734713688520958 0.0908769992096999 
0.06466918356336697 -0.19655566806749886 0.31756483315951334 0.4758297088039193 0.19832020700195577 0.11041798288799015 -0.2718283672588482 -0.11133617435824121 -0.13213482421119427 -0.19196990912962486 -0.04220699820513313 0.08689183212372549 -0.3014421493878038 
-0.20953884118665533 -0.3594463444769866 -0.16456750057642042 0.024907860318128867 -0.03647092742352895 0.46296444616057436 0.44759925132298034 -0.02117415632053123 0.42303545676298276 -0.24579403563044622 0.03206761393717951 -0.036334441380098725 0.38326851419694613 
0.2963737440114245 -0.26701248003309885 -0.04724779147473123 -0.32588205452548186 0.058807994097783194 0.2238494105206315 -0.4266620103376517 -0.3120174988412209 0.45650512877717697 0.4413848709116251 0.04420602918115234 0.11511877985583499 -0.1660898418660397 
0.3640112766631338 0.13406037721437739 0.1316839759079854 -0.3944307546401823 0.2825289353691362 0.22165832210496486 0.1462106373737061 0.19122640993697224 -0.2747220986692809 0.17345226985869325 -0.3237204420282165 0.1639216431777349 -0.4014437999677485 
0.2199361021273339 -0.006559693951084971 -0.23571374554957458 0.181903718706572 -0.14574647594059212 0.3078134473927011 -0.2553952077667988 0.35284126677670813 0.37942259026347347 -0.15472021134553474 0.2903216697269371 0.2737012200560866 -0.059003612140662846 
-0.10732101643647646 -0.17247438454473607 0.3980231423857522 -0.19403112189877525 0.3381135717274054 -0.05606865437615302 0.3502661197223912 0.27097533292267945 -0.2753723246022657 0.05813301245286763 0.13704810751235336 -0.07385128640382856 -0.39958469793226437 
-0.1411876188141482 0.2583916759928812 -0.3528532901808175 -0.34755036195567474 0.17716170790025565 0.011840503815708522 0.003862903095251348 -0.11408255530266527 0.12426989452871215 0.327123933725031 -0.17692290823115006 0.2758128879737877 -0.07273823434023377 
0.23791426955168166 
-0.001950154681876727 
0.45580856086215343 
0.6758993628746178 
-0.01911483555468845 
0.3747594468986596 
0.06928605747814548 
0.306373732405056 
-0.36908789038913054 
-0.5489518828568082 
0.5810039241466916 
0.3777505999276327 
-0.2680772670261245 
