98 24 18 13 1
-0.040319050948505575 0.09811828602086793 -0.2108745842866344 -0.10984332090088568 -0.16433941100807223 -0.20242498125743943 -0.11417828449893992 -0.0147610245269153 -0.06616971375321185 -0.008294010803201985 -0.11809798709706551 0.09757697649168874 -0.16666736357804585 0.17658704797068914 -0.21222534912712124 0.09233237637631302 -0.07453303412560655 -0.00035014149343872407 -0.14375927532328983 -0.16538084149337953 0.15421697330737485 0.2643905243047143 -0.05096920918927234 0.15861969260746936 
0.23159625569871573 0.09548118049582428 -0.20968366206982678 -0.23965798631848498 -0.1794410093946201 0.22670383422461035 -0.24235821432216254 -0.08521191851478113 0.13289086601213737 0.03345282347623825 0.021145954478832097 -0.008997076711810633 0.0168991482385575 0.20919850954744662 -0.2425792394370709 0.17262622521065088 0.2788591328511425 0.11917637433741937 -0.0982808058722916 0.14346337267691545 -0.10984507201379838 0.037249011098482845 0.11240626391064323 -0.021146407130222353 
-0.07221674691591469 -0.2194922869683365 -0.22915405166928718 0.05647318566253641 -0.16418031010380296 -0.05282830378047935 -0.08095376976009575 -0.278597097114164 -0.03585056108101132 -0.1393188516695006 -0.009817436547864346 0.16389988731451777 -0.1991437529967225 0.03467728584858831 0.046630782724174126 0.041448614831083364 -0.1687666274441472 0.05898044165773234 0.056003254114229684 -0.013057027637329719 0.2648837779011261 0.04828165813677274 0.12375875140408889 -0.09737035422035017 
-0.09599953784234812 0.04541895891911327 -0.0713119517548488 -0.21062419961258785 0.1344762116330653 0.027490138158832344 0.06194200109720283 0.07748668292360694 0.09073034861620702 0.11482668888121693 0.08847199200000253 0.026540092234789127 -0.18807978928282956 0.2680269618667864 -0.07102564111510858 0.29674628604391173 0.10702349897043119 0.08573518061550796 -0.1659142462925902 0.16046548263650207 0.07442035031216747 0.10831850909903641 -0.10155477747598363 -0.036286506875786356 
0.17839261910992463 0.034298906213186396 -0.2558018294548103 0.057431488609061984 -0.13229083734007197 0.01513950786285535 0.1729890468109085 -0.0666760807641043 0.19398565071884694 0.06191205896247631 -0.21619517045451186 0.18188731280511272 0.11063833721714433 0.2025239938018794 -0.1123162770182343 -0.16419780861315034 0.178152367198287 0.08870502266682014 -0.18621901538861113 0.13790081758514253 0.12167188529002879 0.23154076572931423 0.09483442542968148 -0.10904929716169133 
-0.11405971655098773 -0.31264657602596224 -0.22716651751308042 -0.16088754558462873 0.10057624865161334 0.13282806082905446 -0.059796425298272705 0.1022879172152936 -0.2750493806337891 -0.001586952852282873 0.01673165234353013 0.31988213765822116 -0.06687694951470863 -0.10185386950920955 0.09524335709073727 -0.008802947090844667 0.1816292542095341 0.017506152056506682 0.13767807895503817 0.0762252224831633 0.13895795252230836 -0.06736480335103845 -0.2770009070935268 -0.09076990752709056 
-0.15371006746439672 -0.24509556579316558 -0.11518550564888479 0.037937616318213706 0.017937424172042613 -0.12881730644593278 -0.2130336322945749 0.23222299927115453 -0.0034502673235876466 -0.17807397227501326 -0.15079044597237803 0.1586000758905143 -0.14043696573291628 0.06761279184447277 0.21066037628913648 0.20654949189750202 -0.10871378583070665 0.03768119830873549 0.04737923284645779 0.16013293593079722 -0.09056519690278701 -0.13059538329120338 -0.27001211111546974 0.04906832970632686 
0.11983634880219356 -0.06275781307586353 -0.07238473571880231 0.17872848620983228 0.034737252460491114 -0.017420595780331224 -0.0625030133392819 0.06977197363496082 -0.020713398913580677 -0.08135282309484698 -0.17391915145469336 0.0001767485979757869 -0.03463508190542859 -0.14549019077417097 0.10053496229975334 -0.14707771820467663 -0.029871995013916592 0.12685771203450089 -0.12225515014122815 0.04182423736935873 0.10303764720706869 0.28543912666088106 -0.16360357849891177 -0.14227542656141315 
0.09669483254695034 0.08175316352228902 0.19932984170825754 0.1704367056392328 -0.1953456372600156 -0.1375062217646544 0.04512596765755539 0.14263281622032767 0.15649863685095589 0.022293875144562346 0.11857968292530453 0.11680752518413913 -0.042093139794664086 0.02177747838554276 0.04116309359814638 0.07104244518147616 0.22900733793799222 0.22307947101975673 -0.04148621526820181 0.1345563874570397 -0.13365207291043743 -0.17057252071533213 -0.15607893133331271 0.043981541848846326 
-0.19224345665134834 0.21871716572967279 0.13057506246289352 -0.1949083112929094 -0.12923334554443144 -0.06650599245125904 -0.1475748177962168 0.11822941098550516 -0.05031000844180204 0.17643110041394425 0.02228257788260664 0.1455950372790156 0.12886813668639854 0.15103778290310416 -0.015771817525104256 -0.004408804900945137 0.1172019761345254 -0.08506637583587469 -0.0038242554789571764 0.03816633313834366 -0.19469761085492623 0.02682975089976777 -0.007228415937421251 0.11205195900664072 
-0.061450397190459666 0.19604002080689586 0.03067679368123122 -0.11312668869127745 0.0751050967282631 -0.0002192877277231231 -0.24715862562361426 0.032055645316585155 0.1041411679836531 0.17405871067598003 -0.20442909339387558 0.17629367888369882 -0.06292457116072286 0.1745872905249457 0.038807867291926076 0.11613881573854011 -0.030143502554885723 0.1296879125909326 -0.08512359738821221 0.10795311933697728 0.09180081011288127 0.19668912405497663 0.17337053708143949 0.12364386997938479 
0.14664535579323695 -0.0659277149966659 0.06764594739878962 -0.019809380347548734 -0.06101109830438979 -0.059426731870261706 0.0029593599839273913 -0.039382607370168625 0.0633401044545125 -0.09152002673366644 0.1415273183697199 0.06836049559282427 -0.12382443562068848 -0.05378523768113044 -0.08094242907871346 0.12584952296214313 0.08715145581263342 0.15759094190111486 0.06442198563641677 -0.08919025214066569 -0.1018636936990478 0.17363557227935614 0.05192350093151251 0.17258643145299393 
0.10011302614059381 0.06450311822677231 -0.000366735905672477 0.08711701300292084 0.03391281665963671 -0.0237178575252581 -0.09367570165611674 -0.2605444894114126 -0.0976394907767241 -0.1258390642049849 0.18381709102179605 -0.1103953556707136 0.15065462823340356 0.1766475112906435 0.06606749503456152 0.06948797149629836 -0.13251485573154234 0.04222528512258049 -0.061271277051336365 -0.17241011275122592 0.10718157838096307 -0.026006833268460133 0.1396856928515504 0.2354231064598182 
-0.08233773464383544 -0.22160787584456004 -0.12244591345992792 -0.013206844970552297 0.0982090847545305 -0.17113012190159624 -0.15558243178076236 0.19329909752002805 -0.07525476269873206 0.014894585676776128 -0.10600654949063527 -0.18602988303106327 0.04362641672870597 -0.022985242126165612 -0.15363972663418443 0.060717978016444 -0.0011199694799521845 0.0757114455481979 -0.14207033041491657 0.02846973458280385 -0.03388598281961334 0.07835999604943367 0.0788262772042402 -0.14693251217428052 
-0.07879311157078343 0.13776940440215824 0.15578184035296297 -0.01637769980947064 0.1314788048142866 0.2193565333203213 0.0919985095039687 0.1441083904732141 -0.17761271024385142 0.15813984605164275 0.03053566700597819 0.06214414745853297 0.10535249108635178 -0.21278731182708618 0.09930006880502253 0.1287581415071469 -0.07419677528677476 -0.05645365047902051 0.05229243343395495 -0.005367176400470773 0.1289365499530365 -0.04425276916006952 0.10633518561385558 0.2187596106870192 
-0.17467260625848735 -0.11532642368181413 0.1607215436966892 -0.010535048859497709 0.20831759710836548 -0.02743920237493147 0.2990993035147548 -0.04688767959440434 0.02245906149500638 -0.10145375996935699 -0.05983325418698801 -0.2807391154601084 -0.23737136819703622 0.06714425067893469 -0.18860998536831658 -0.08124198374630395 0.0790277225052597 0.07319737710930749 0.07570926106054406 -0.18502486580246563 -0.007499862769682394 0.07984681724391225 0.27763746108908044 -0.08832732358646828 
-0.1312921460893754 -0.129081298655457 0.09949476930211701 -0.016916819191931762 -0.1777608566792802 -0.02964632511719186 -0.12423283594239834 0.17047344851679744 -0.09484528887589617 -0.18975352444917037 0.036847238866806874 0.1171695800380718 -0.011489729984756484 0.07595779373552858 0.004372003565143627 -0.018875140644511876 0.24337647600942822 0.09359702119543382 -0.18782280675019447 0.08419026078944246 -0.02145950040771139 0.18139075952231898 -0.11094158700595752 -0.09255670070896292 
-0.18238654523053005 -0.08202462139404784 -0.16095298779234626 0.005498193768951376 0.09473469848747336 0.14222206083290062 0.13831118230812073 -0.08264432824194007 0.10661773422577542 -0.06228922778116056 0.10776563833933303 0.11225717949272675 -0.1777063677068696 -0.12633978842888838 -0.21525640589482595 -0.13487040112161278 -0.012372434934881847 -0.19638686702611488 -0.1896809288740976 0.07388891996109004 0.008657024206884032 0.1703831051325083 -0.060207854461934385 0.03965932627699357 
0.029691737538455883 -0.0585651844619063 0.11434099725617099 -0.058551791519299 0.16950141899424823 -0.10962162079152377 0.10009105307877046 -0.19971078822386715 -0.03149339063378579 -0.20725872231468437 -0.029531702999208105 -0.1343158149901549 0.19902620918914352 0.2753328856690084 0.12080437220404977 0.27172034521343535 -0.15629681389711217 -0.11200745890433916 -0.12460306477521177 0.005610682626685548 0.2482343794662606 0.2849884225647138 0.02360570794071439 0.13985301168590222 
0.17262050205793145 -0.04376837612496692 -0.09948547092723035 -0.1255366287702479 -0.2182683165071021 0.15306769370061973 -0.17470322906761654 -0.1658391413530804 0.10188414244624158 -0.04193579249761591 0.19974696055408012 -0.0722327502122546 0.0469281234550679 -0.015670606452100576 0.14740423040998213 0.028550544837074532 -0.06142850122091966 0.04477755389155587 0.1687384723855999 -0.1960811559608706 0.13544209333201662 0.17185270571855735 -0.14412786042731476 0.05132697630334734 
-0.06772472739827481 0.11165224284358102 0.0230297250359583 0.047351083303273735 -0.07163703330891069 0.0458272750735163 -0.07748920774814254 -0.25893020360595387 0.010927442117721222 -0.008507279724720845 -0.005085157081331581 0.21992319695728346 -0.07460997944226558 -0.10525794785186887 -0.06164405373390241 0.23621441340638677 0.22297948245299937 0.14625885880868353 0.16842609781681914 -0.17054239510179822 -0.1500977224030866 -0.09876313230176278 -0.08439387120764541 -0.14206286708345553 
0.12394090214973372 -0.05379350776670515 0.11822616755905703 -0.15038102085006141 0.07957006497555742 -0.15212882102271474 0.002371064478052431 0.014231277347471163 -0.12080749416019586 -0.17548694272640375 0.0606739668754863 -0.06842960783401865 0.0008728005689595944 -0.21537594634363597 0.027345579423831926 0.15116609584157825 0.11034238239677668 0.011131416099959657 0.1912254029572603 0.24646045300421598 0.017067508869583498 -0.21073119266754187 -0.26694516898839815 -0.16803539185773733 
-4.259071556488177e-05 -0.08956313007996043 0.190963748391934 -0.19059347426343637 0.17860888673242872 0.08717047943366195 0.10271099180544369 0.03797999845758847 0.05989653784606763 0.029931049724491218 -0.23143506545996648 -0.04430752973818135 -0.0009791512443315885 0.11697059188065527 -0.012326122641041288 0.0066288731906713975 -0.12814126887738708 -0.19745095082858313 0.10275965400523333 -0.12554341658741322 0.26038802060251587 -0.09474208793846883 -0.08456197441993289 0.048489317344896476 
0.11258826188171664 0.05252509198205428 -0.15008510030880975 -0.07296856779350666 0.0017726099638166106 0.06640726054645622 0.05960429752655776 -0.16194779654973587 -0.20568458684109447 -0.05872176868039875 0.10320421694677565 -0.23748446341365578 0.11360359508884045 0.09350369128203002 -0.01996502246089323 0.16228454681398755 -0.012593799548203445 -0.21799108694178204 -0.006112113886957656 0.11363253228491303 0.13204568378497628 0.0410629511816518 0.09842011551514718 0.04602087019211451 
-0.09996432839426052 -0.03577323778630553 0.09473348384931504 -0.06522796425600776 0.13758994258192633 -0.09180923776534419 0.09451192606119528 -0.15121864392797818 0.05016162832145708 -0.028463036208393397 0.11135922467106939 0.00011321680890648376 -0.1512006603555554 0.1732037567478312 -0.07587582969616559 0.15786033182878312 0.14991300175937372 -0.11095613059878798 -0.11389717636980184 -0.1133989737760852 -0.1428935785815619 0.016769882316003713 -0.22779721141780232 -0.16191262737585604 
0.08091876592173156 0.14219715493510082 -0.16812583288900168 -0.10679842874626548 -0.13985922267524295 0.16187582290689265 0.0942051276011199 0.04566653435014591 -0.053161402244993376 0.07643354701848737 -0.02547038370725729 0.16115981194059376 0.12787891325836323 -0.06347559677826617 -0.14952086193054734 0.17564875963377105 -0.1730298727272816 -0.17624269985368493 -0.027100780493578645 -0.11302803572389963 -0.07814210134827539 0.10342529010830774 -0.14773745661205143 0.12320546877563462 
0.1159767348771344 -0.16125354344163392 0.039830962513242696 0.14417142528406404 0.046164239501099526 0.050728598412201495 -0.11874145612914504 0.1343586998699075 0.19022723709693168 -0.07732054205293365 0.08820103663944663 -0.18705721499053865 0.1267575025702894 -0.1931303157550813 -0.04139837336528546 -0.06579171036660329 -0.16037413781830856 0.1366276602643642 -0.05131407302138303 -0.024815776801407886 0.026136484368630482 -0.08163327272121011 -0.20954729913099343 -0.1698968284557606 
0.035714674285793335 -0.17281573431310288 -0.05652925463649149 -0.17349957053729037 0.07756794984997731 -0.14201767890690967 0.1421405873445367 -0.15730051595667055 0.016864815134260885 -0.18270022205305017 0.13254123745417581 -0.12673369446332214 -0.06878544654779796 0.08289488135553637 -0.1398837017553269 0.03318634678667251 -0.07144033947461659 0.05356968937038568 0.08853305495602179 -0.1498809598524222 0.22337244363830788 -0.20469109357168802 0.12139858094913603 -0.00322075755390121 
-0.03696302261891193 0.10082234390097025 0.07410276182087402 0.17353278043649403 -0.09765136689062086 -0.1471623595276243 0.1194163358852044 0.20533495285922557 0.037709163674239904 0.058012155981878415 0.066694386906295 0.18037856420745224 -0.11801022227038654 0.1279248823375408 0.06830556809570247 0.09488656541483455 0.012930165760332778 0.0782594583822904 -0.19978800508445177 0.08497934219714862 0.1362636308964598 -0.14561009289075486 -0.23091735483393178 -0.15649249811022273 
-0.07836635038794179 0.12842359367218556 0.016972704158187062 -0.09934887810345085 -0.14458482854929922 -0.1038206659617211 -0.02530196809576134 -0.06967404035363689 -0.07996232167346638 -0.0005778462812952666 0.12785574298022553 0.011199167265435786 -0.08501641405005932 0.08968218510564939 -0.11092168026244846 0.052128450125620625 -0.0042670575628041656 0.14143697464229987 0.15097291909868282 -0.05683993652880326 0.13840955276306957 -0.007742470379073544 0.024272087245529355 -0.14723170839050562 
0.03053156502093883 0.16288012614985684 0.041627006655976295 0.08809911071500395 -3.130359199202809e-05 -0.014510127948518286 0.1049303480327731 -0.1839522286549884 0.019095238046561994 0.21436298991057082 -0.005673849957983547 -0.10571157383768558 0.17201005477230938 -0.09485267320660892 0.07962936006597672 0.07323425311046257 0.13436704693445803 0.11235277287221951 0.13497832241304114 -0.19781209607493214 0.26348059403531615 -0.11177155555707309 -0.05327405645625625 0.2003373514120881 
-0.19739968046812684 0.12084847909990534 0.13549886654470222 -0.02976385844253967 -0.09711271528706925 0.14407919322220925 -0.031191714862177602 -0.11187235243890661 0.20203846488224006 0.19278479176828398 -0.008128911731572434 0.15948630060899222 -0.0836298726768764 0.042830611163373215 -0.04951226861382373 -0.05255149555088398 -0.10396906081918723 0.21435403082113805 -0.08165745969786807 -0.19026076839643566 -0.16257455142703728 -0.23108159902115602 0.025055835269081925 0.051926183554610816 
0.21088337889451103 -0.06031285802829195 0.11629392326007364 0.10570221726204253 0.09644419250388855 -0.06710457146850997 -0.013432140757031728 -0.10464210988286343 -0.03018664195406819 -0.17857471816786577 -0.0360266793234401 -0.1105001282664276 -0.08320693964219703 0.155404089482937 -0.07120164353524726 0.1956221699330355 0.041064155581024074 -0.06523806189585464 0.1378977505274417 0.13906598039473544 -0.057708157164677615 0.1265037510162649 0.00037923859961101476 -0.10853041834751745 
-0.06721998954940435 0.1125116759619085 -0.0919222989795121 0.15253115517011775 -0.08122712147459431 0.03956559857266377 -0.017870650395939353 0.14279641460044876 0.18162719085534917 -0.12591746686853303 0.021279070196368582 0.1589929311858603 0.012352662610706172 0.19500590043407517 -0.0877675042134667 -0.021769025272533885 0.0022519706713927928 -0.10820868687488695 -0.1954210513326268 -0.032822352432819175 0.16338096530143487 -0.09562403244758311 0.151199290002919 -0.21912040201507824 
-0.06255620167992418 -0.2458868028748868 0.07403638126489073 0.034511403717511456 0.0747302620176655 -0.012067698482603972 -0.00763741123607407 -0.12128120127529043 -0.10576584802542978 -0.050610386316102804 -0.0572283392119314 -0.0940337827141113 -0.020507243270068677 0.1614770160985899 0.0071862133245236565 0.17056008546276982 -0.06791853996622285 -0.14008044219899693 0.005563467356408792 0.11950735213030257 -0.06783046707126404 0.015443356161175413 -0.09112281236377538 -0.001063173204480958 
-0.13518566242265717 -0.053033761913242015 -0.09464437042913845 0.16940166764850073 0.11195884705545327 -0.054430164153669296 -0.011943068332603142 -0.14169673048737622 -0.048288358658105844 -0.08056219591023506 0.12221504071890978 0.10863928320670375 0.02062632118739337 -0.15011407215528938 -0.01155480144949469 0.23624939784003401 0.18317147349771343 0.06679222474544709 -0.13915580511841652 0.055010272948369826 0.05993507338494367 -0.012311362002216494 -0.10037897543860118 0.03916254991428603 
0.16292432944779783 0.10707882595359891 0.03127189742046087 0.23545045680647483 -0.17457041008395982 0.20498291527713594 -0.22070417747049206 -0.1294661408038203 -0.04716021962607959 -0.17981416464359476 0.02735398686493938 -0.19778550183810234 -0.09138925291505239 -0.16897953342196587 0.08074920486656545 0.08146181656419735 -0.04600697204695865 -0.12437537720534857 0.09821954759178536 -0.09048450682102396 0.13747826556736992 0.01251370514681984 0.00857503479750177 -0.1893913108437583 
0.016751265368061374 -0.009340266985461905 -0.10780560390087325 -0.035969436000725274 -0.046415781657709015 -0.052125795570215294 0.26807628755973556 -0.021888193308578108 0.17610609650013623 0.010097082844191977 0.24334963529658277 -0.11799166019203822 -0.06553231655916039 0.1293388856563555 -0.18323635686770226 0.14041479058716766 0.00411978507883444 -0.048843290750302595 0.19903577281158266 -0.17717529630405984 -0.03174763074137008 -0.18832455578857268 0.08978372231582081 -0.12750299256953046 
0.14924775019811182 0.12721453142475134 0.13303209816351746 -0.0189433957064496 0.07345597258374648 0.1956728116080772 -0.0318458740423236 -0.036302619687391555 -0.22087751633137773 -0.05161432387844188 -0.143014235325971 0.19030638790525334 -0.029147559788312006 0.03237673570948962 0.13338498160406193 0.09131083962652252 0.021611244057954733 -0.09182506316059594 -0.171601430255705 -0.03226308351599507 -0.13464233592509178 -0.045479266070642566 -0.0685068762738538 0.2896343717465777 
-0.15636730025071643 0.13196822046846532 -2.651935728856827e-05 0.11034870045326957 -0.14245145752992072 -0.16703547702204746 -0.0455095891859254 0.18016994155586355 -0.08323016352657592 0.0827634632126668 -0.0832288993033358 -0.17905582623150326 -0.1942132570120843 -0.08951540503024068 -0.04696680950805225 0.015575464505184015 -0.21650308033399362 -0.17139327406339744 -0.1942704880242632 -0.15457081155298655 0.04230245572618644 -0.03839821575503177 -0.10798576699661334 0.022790965484086843 
0.24875022513191775 0.06350418119725972 0.07918730106244842 0.15094325109627313 -0.18479281903219597 -0.2172538930953405 -0.02380206275898248 -0.025159289197393152 0.15087921098308935 0.04220705119990858 0.0041847786022086225 0.23359725232343254 -0.0728798058289572 0.13545415611901768 -0.09798343855361398 -0.05896587162501998 0.004875374703194903 0.01870692911128419 -0.111467951844514 0.10184543835732826 -0.08038157531642004 -0.16259243489254036 0.11344638681154126 -0.06419942560221538 
-0.0633241475015959 0.10231592551005031 0.010134242930390955 -0.19234676677630907 0.1496575039113484 0.15135553483198363 0.20786280338706997 -0.052566107952659244 0.07753289976406239 -0.06356876145001704 0.015406791316638602 0.14194566864021893 -0.020133973986293765 0.019834694446567245 -0.06894280690027206 0.05285118082873462 -0.14646567307606959 0.16457916676970472 0.10011298724880395 0.08734002348140243 -0.07621058834525184 -0.1395521289493088 -0.13746139884571448 -0.07059781751677557 
-0.18586299630328057 0.13852285977357923 0.06747057561202655 -0.02738152764614259 0.10659328704666818 -0.0372323216836496 -0.184739144022162 -0.14603193304223777 -0.08524247022015409 -0.03802269986765898 -0.17964737836551897 -0.003913402230962577 0.05747073189255625 -0.0017642656839306258 -0.026636654663563797 0.10277958067601164 -0.03654736224816562 -0.19475076959549453 0.1492273925890752 0.044486179376243024 0.09137807552581444 0.15141962640449919 -0.23076559296085478 -0.10543979669465448 
-0.175140745540496 -0.07673354219355143 0.13657293996178027 -0.16767938247416378 -0.010561537368816735 -0.1645240812531986 0.07859368078721424 0.10756275160202687 -0.23292574754040166 0.02353031357966324 -0.10369077612607197 0.2426364571092054 0.1542930536729635 0.07416011422045793 0.20539556124763242 -0.04097404141742468 0.2171650763561471 -0.005526095998308479 -0.10514035665102885 0.2343074048291092 0.11689731516602489 -0.1745003329660937 0.12263218457997282 0.08775357138346335 
0.06506418424299876 0.06732081527741801 -0.09804087969014295 0.07393747890087078 0.12551412134921436 -0.18083170723983694 -0.14777243995419143 0.1284442833283627 0.0658548476782201 0.012293114740390729 -0.10011361145812286 -0.07230678246275392 0.14692047114761647 -0.07892966775157012 -0.17469689578661726 0.19956485554332593 -0.15755848056192773 0.14990498817266357 0.15276692567432432 0.007840484858071426 0.05810399656447439 0.02509361781012694 0.04985998749292652 0.17987278176088384 
-0.08866178315318815 0.20362362982317878 0.02665481178225304 -0.15403903539528016 -0.10869461586850863 0.046657622911781445 -0.11266110876093202 -0.14740458119514666 -0.11302143754974443 0.12037726316437798 0.03910215312480166 0.17283459337528587 -0.07205824563530731 0.05885382968242455 0.031241513518218415 0.031710804034031086 -0.17798118832866328 0.10435307427398269 0.1721974856197517 0.06575918422929855 -0.11699875070480022 0.0590360982356697 -0.2090322929295225 -0.06802772879537826 
0.21399086741517603 0.008003361620704872 0.14196305756647531 0.04130663391204187 0.12873689568616956 0.18337493498737462 -0.09293941630172502 -0.15084470185419951 0.0665277999648513 -0.04930071951540007 -0.14930714438094883 0.07044613908009306 -0.18629027232740977 -0.12484348302438496 0.10986630966803652 -0.15942382366050525 -0.06381088530016275 -0.19230441254487118 0.20003312800741602 0.02944866743439092 -0.15217476742779384 0.21960815089468919 -0.030355997487221655 -0.017816998137877564 
0.0602885993493567 -0.12462294618840408 -0.07721917740934821 -0.050716867680892834 -0.10166131253877986 0.04877969590066807 0.12634820770737074 -0.17162788600674025 0.2482566501205266 0.10066186524754768 0.1741739978293401 0.07243140488056177 -0.12658752485454508 -0.08460263436341466 -0.02137549573779959 0.06671329540000068 -0.004972564269671175 0.08106760326532438 0.07198768774831207 0.13840823282845116 0.013278114040874445 -0.13945782258808018 0.15507476686817093 0.04470945260600716 
0.2017572728474543 -0.11861513947601565 -0.12903783815288605 -0.04298586135401788 -0.07110350037458775 0.16308321129146683 0.024874659661105723 0.0940714319507761 -0.055751146414628326 -0.1604163932874118 -0.1540667196199924 -0.03265502854581964 -0.12208788292739184 0.16576157274044134 0.039307869869844046 0.10732414181224308 -0.009210674736768357 -0.1650083316343157 -0.1054374694693321 -0.006766396962888187 -0.12016929461556633 -0.19062544523918737 0.0777249845234524 0.08731740599695048 
-0.06717410414499292 0.14163040701594082 -0.0281841100892158 0.14703727376826745 0.05690658376256837 0.03654154944491998 -0.11930564172769385 -0.007724027109783668 0.17163883774881333 -0.07733709283137273 0.12312293081365537 0.19023206023985487 -0.06739279860595279 0.07279621593408307 0.1598711190126711 -0.2035812255238564 0.15810721119724538 -0.12330500020231762 0.13976209169189246 0.07322870336838287 -0.07034759517296674 -0.1392975711341128 0.05451715268915716 0.16737097047509597 
0.11885640675738239 0.09643797651933264 0.18316919738701062 0.03545601577446904 -0.12047610662955577 0.02913999841984558 -0.07478566121752961 0.2279402124919646 -0.04349905071514667 0.19807186043620162 0.0073825091337935585 -0.155291548771973 -0.17055576889138027 -0.06804969621811446 -0.15065595278694519 0.04942137178689944 -0.045922325269443745 0.19734014371167347 0.17240462769348294 -0.1401659973984575 -0.05681391822362651 -0.063365829153547 0.03454688604455447 0.11473334124467238 
-0.05708556988780316 -0.08167993383813633 -0.09459638609513826 0.18063955708273313 -0.1919376680633586 0.15208888097238257 -0.12426443241048153 0.01685304907850289 -0.06296957530336945 0.23814703901444786 -0.1509189858613494 -0.11450993042990464 0.1522100254168407 0.0504853478506342 -0.07563375982811564 -0.20075094740106533 -0.11138627709907188 -0.14172189543975006 -0.11821159025591005 0.18786525157951917 0.18542552167000226 0.10031786134727617 -0.03016037979127629 0.08600398253035298 
-0.02481302901002188 -0.040313641847778185 -0.08912825061586521 0.20331954307339947 -0.0446185922736937 -0.027245582655015466 -0.10410717690567411 0.1908445037252356 -0.03328965371642855 -0.08031056186330586 0.08062153173206588 -0.15698057533890517 -0.16978796918965922 0.12563173144702378 0.09706487238770121 0.014169667261352293 -0.1385664873402818 0.03533205091209074 0.05470287456740864 -0.06830222706873276 -0.17344775055763192 0.14566087056824267 0.0009814597282472317 0.08141548763706226 
-0.09785992168400899 0.06086458232875097 -0.028044611506271206 -0.04656161078877253 -0.1493162219510188 -0.10173436032206974 -0.1686104570897271 -0.08611047575860353 0.1253925167194562 0.03947062233443261 0.058654792060672915 -0.23974209603251004 0.061125101005465796 -0.026954575519990493 -0.10711857609861705 -0.16884574101000177 -0.15439232356944824 0.13752651085044665 0.19392871087923078 0.17693057685759747 -0.060394451746815556 0.10947698195605146 0.04269246769364586 0.11607253276593493 
-0.0063877457915725334 -0.053367348317221334 0.11445274901771538 -0.16009289397350623 0.014545401201277248 -0.019483711723201107 0.020415782077490913 0.10971892450132062 -0.14060955739774686 -0.042241668343194365 0.07853022441182607 0.15674728026211823 -0.04187992301069863 0.17064141982517353 -0.0378648121322715 -0.145495543824489 0.06587516567172799 -0.06556472409966296 -0.11233982632751771 0.17729770726318214 0.17648062440314763 0.038984459396387824 0.01654981460234574 0.01650148510590959 
0.09092749175231134 0.17507101225932853 0.13868958992869185 -0.13278086269848893 -0.09413816186385227 -0.22900612058792447 0.19688175516205436 -0.10491079788191846 0.04725455906856469 -0.16441430555567474 -0.12752132064692304 0.016867782035370153 -0.190733515489578 -0.02142627659736703 0.005625187285384368 -0.05600693474622487 0.02836603303543653 0.014451331560184038 -0.043179938914558666 0.061373643794782294 0.09456943935444467 0.08452227269385595 0.013115268352692803 -0.05827706278690822 
0.043604956708577995 0.18366517361251342 0.03821787883032961 0.2188612295363843 -0.023218052416223114 0.09524466331475408 -0.18566203530896833 0.10677488168332445 0.020167116307028336 -0.19888456129971327 -0.10203848078185267 0.0265078707028269 0.10666341272585445 -0.2055325139634691 0.019294368673623233 0.14467474326751845 0.04674302433444186 0.18275547674403822 -0.17049154479168552 -0.0816650320492839 0.1968577830230048 0.0974567869535956 0.03187997421161173 0.11467646326056564 
0.20632377506877245 0.196239960866346 0.20045771763286122 -0.14405889555143792 -0.1722014695730909 -0.17100772422113222 -0.19502105608404474 0.17717966773780186 -0.21241232955232892 0.11299019363889547 0.04390228107228012 0.025328203113508637 -0.060663595282928445 -0.03164921123179868 -0.09787994141626125 0.2120328214817998 0.06206334811965527 -0.19044138874907232 -0.0151251873982677 -0.08683975026568053 -0.1641815178350761 0.19992128237566142 0.09941309706294396 -0.06743655756834803 
0.13868973801050682 -0.12103878402753489 -0.0761800216107764 0.1622824897074312 0.2044597744975553 0.005271465975504706 0.19206609224786492 0.163082864840277 0.0013840558113870664 -0.05028139099283756 0.06369278320755502 -0.0116800959770679 8.571371496371281e-05 0.20609237294215046 0.1090647388471664 -0.08681351293530175 -0.16204772155200622 -0.12570649576322565 0.010547305636805305 -0.03267246212927496 0.14116823153899574 0.26474271462298876 -0.15537188111421502 0.16624214143860172 
0.1665571362136297 0.24259994554322803 -0.18555619721678435 -0.17749361994309631 -0.19868743890250873 -0.07980333024475492 -0.1782638568189821 -0.08179911082829251 -0.02412466393105001 0.16229982631243767 -0.009051430702039613 -0.13610179143797255 0.03964973765081557 0.06777685918456738 -0.15560899660000876 0.07517308147437378 0.11547193762359031 0.14599227710565266 0.1563224147850912 -0.046664281169886496 -0.022955978904898023 -0.1595442508134896 -0.08163187048441102 0.1700641031545531 
-0.05007893136714316 0.1257994573438247 0.1563409195915845 0.1590130816279554 -0.1373603397968455 0.22075438382028617 0.036640013176013744 -0.11530440362876096 -0.07355780311472813 -0.13583132857276534 -0.027008921572929587 -0.12933641354349387 -0.13364167034344526 -0.12073348518922487 0.07574338221732375 0.08799383301050703 0.21598711646310687 -0.06792182371806853 0.05121938887139723 -0.18696009813490486 0.006358437550126034 0.19139885969021164 0.16034316155584172 -0.19701694299116232 
-0.09828141231056763 -0.15031664724427846 -0.18159942337786808 -0.19689420879811825 -0.0038471098946857222 -0.18243982815264487 -0.08803367694142937 0.05534805656147018 -0.11381975931199605 -0.09151850298424696 0.035703112878029644 -0.030489550942916586 0.06535113565134403 0.00023967272769526078 0.05265316606643894 -0.057991294652734574 -0.0845345749895742 -0.15177317841371504 0.17531384408098033 0.10958737287738084 0.21794979286403504 -0.12551424039602585 0.1674574633387704 0.21655748965230234 
-0.10710017609461676 -0.06861404489214323 0.02023269275200244 -0.12555119248813398 -0.02278579012102767 -0.12546329033137069 0.23014252313366193 -0.002422487342408632 0.2378555772173906 0.03177066448510661 -0.006156383649343429 0.17462365690662326 -0.14262089097180572 0.0250008456711949 0.06408992743554588 -0.026049891849398994 -0.22877120941255305 -0.002855006882837125 -0.013702059826770575 0.16905270174600986 -0.09674418369063213 -0.042854301410563345 -0.08150478371991467 0.07390797834398008 
0.2154171842276435 -0.1402478915816096 0.12827863736975698 -0.10708626890036646 -0.17733333763677792 -0.16456314103988054 0.19582821905037956 0.17585200924627487 -0.09337205479732016 0.19279313176658863 0.13295791329019782 -0.033112132209504756 -0.012553982861842906 0.05264060815422073 -0.13659672918063856 -0.19500536622839393 -0.08610202075176686 -0.1947343362791172 0.06912915463270194 0.02024739714217003 -0.08235274705773105 0.12671976452807243 -0.15389880340960468 -0.10148703669334742 
-0.08242027732898968 -0.12124485350611948 -0.1651041457156874 0.14797034482658128 -0.16500223037268139 0.07281403493390659 -0.15188350855070382 -0.1966784232948807 0.022536740105744937 0.1630853211186016 0.14410195525012745 -0.0639542468471266 -0.18993658916645315 0.1199472432929934 0.12202020648082325 0.14736546997528321 0.06718942971354941 0.12274593610313413 0.15916941291464892 -0.018157039849711985 0.02275672988953388 0.0024051362435384594 0.07612649066513429 0.07249249284380069 
0.08181544719257958 0.060440083045824704 0.0022671030118011754 0.12909261858642526 -0.08662140469099243 -0.07292462314417843 0.12411831459748514 0.09070165168986705 -0.1628079657301598 0.10529522564418832 0.11913805105531318 -0.1036628263398669 -0.16690024400139553 0.03420190925892878 -0.10970638702784542 0.2011178165221629 0.07402296177396733 0.1223667571050241 -0.15700610242831234 -0.16659483479885837 0.1390743782640397 0.0033701180675013457 -0.16538391841362923 -0.05095194625516312 
0.06818783532871597 -0.12381159600158277 0.1584488518277802 0.21565662594940738 0.17973574447993967 0.09141289856108445 -0.045989839870793095 0.12569015636897624 -0.07664658502181713 -0.07356346840203609 0.04179271691865664 0.024895626263196705 0.18630170559157114 -0.12562186555309487 0.09460176663613859 0.17761556191741568 -0.24203117857933332 -0.009390370063288514 0.062154287066018096 0.17137305637734734 -0.16048130281041734 0.14052921618992917 -0.053619025818616245 0.15605649453546305 
-0.18971024290438662 -0.17773599778016064 0.19344563909436643 0.043224594442677594 -0.03246259047389282 -0.14073980647574022 0.06273604021521298 -0.18591928950812947 -0.08754644016680735 -0.06993771968750376 0.04240642591335286 0.07035005954539156 0.149436349538851 0.17432502558157398 0.06351862942259348 0.030997426450446168 -0.04105703204858923 0.20046530644671112 -0.13820039499543646 0.17201267766350475 -0.07492630365151573 0.027648888733913423 0.0772990641411853 -0.10487631123619535 
-0.13266135149679856 0.0033278462442897796 0.11631123142341608 0.07629894255697159 -0.15246424958610816 0.1604908575364349 -0.007955717695479946 0.17923444129963118 0.02102286600264605 -0.16638326843449297 -0.11860400937427412 0.1415763741624897 0.08171483100987055 0.15812729202724887 -0.06767201142659501 0.010999620706990284 0.05950382726881422 0.03718762350614284 -0.1068949614622249 -0.028825392512653886 -0.10018580093065808 0.13807628256366963 0.19560336495851657 -0.17382279938384734 
0.12463501610218705 -0.10620943314211691 0.04955884616103713 -0.09615323252431089 0.05974695538070893 -0.05091881507120837 -0.11032032712460088 0.15242176443237526 0.16668209519360883 0.04483287710977248 -0.11375354868425964 0.22417095859899266 0.08176564722247018 0.12554890252393625 -0.1148628166509152 0.13180742347777372 -0.10343862422701279 0.052020667622623126 0.08364517674102218 0.07704685477906757 -0.01929723914961466 0.1441537535464826 0.1488240442518765 0.03446402305863403 
-0.1640967250708219 -0.07665591972293541 -0.15804501136802757 -0.13063870476387243 -0.1494310864382229 0.05938586108003958 -0.1849225680955059 -0.10282546056401158 0.2538764202359879 0.14502087713615563 0.04160437839967843 0.12576799287499235 -0.18327018584579174 0.11024381613178595 -0.07481298343426238 0.04716178433380582 0.05088793331064206 0.1312543569751132 -0.01629578194908817 0.2779207051332922 -0.09624845529584358 0.10634466932878353 0.13730584808458163 0.1950983696626971 
-0.18769152297241287 0.15665363708842986 0.025810374897608186 -0.0029721894776369028 -0.0957153064842016 -0.0685975731698352 -0.09964188836531675 -0.1118154177752329 0.18858082746543986 0.0009392951754396356 -0.16704067632356617 0.0664057234045546 0.07322819384356853 0.05691866621637284 0.006042232261166071 -0.03947375575189857 0.163600109875859 -0.1894929229528972 0.17355115311078698 0.2436198387303209 -0.06218939666229441 -0.11375472375542878 0.11134248372835298 -0.12851392529764835 
0.10562763638049491 -0.10208941161920182 -0.08302503810409032 0.20946089127514247 0.1613768763360789 0.016585903373009254 0.1610211105816781 -0.05833494173408295 0.2377267210725551 -0.026109221609811654 -0.08141831607761632 -0.20132621183369173 0.22889392796601904 -0.032394207535081355 0.0932229281843548 0.06450251049033429 0.08576175001454749 -0.18013868560210033 0.1683603728431152 0.20402757990242953 0.025735126438770642 0.20296779858036781 -0.10145416386254877 0.04030417687687825 
-0.04085616867047968 0.11803304013495174 -0.07908490668826491 0.19817014696130622 -0.17251011351953752 -0.18391389241699943 -0.18083952322355962 -0.13967119661920457 0.008520868288322029 0.14193330982257849 -0.15579227105253685 0.005984023352690431 0.07207837935906308 -0.11878720586550578 -0.12032792068361897 -0.11128009024070637 -0.18311888974661017 0.08461801508968249 0.06087710733766925 -0.022126860482789657 0.03819853694159028 -0.15612586335122888 0.2530008329311892 0.13889264982179594 
0.06295083494043867 -0.04531333008283837 -0.032884627780319184 -0.01117382831201193 0.17458011035033605 0.15616190650085304 -0.014622988955934673 0.021451074031577387 0.1888301997778008 0.1780816901442204 0.05503334576151271 0.0902097140399567 -0.058696918266538195 0.14176971307737235 0.13448119762284538 0.020479065601768178 0.15941213918660962 0.11509048921349312 0.12300183480328254 -0.1476983966672709 -0.026602478923170608 0.16187608092192407 0.13934571741925808 -0.031242704741431808 
0.1919998744597361 -0.09911406030341795 -0.06588800133395807 0.18231006813582004 0.1231248303135057 0.16032699712439508 -0.19631346608181838 -0.04749051615193315 -0.10525834504070732 -0.08096797924681669 0.0945944559320393 0.08900289355656796 -0.015015592475916769 -0.05325699482313161 0.033383058235310965 0.013245907948644145 0.019896488253836872 0.045598723104207435 -0.04117946719112317 0.10817811676930249 -0.09894093166257804 0.061643562033657846 0.18484429991970086 -0.19960682773806657 
0.07278125691319338 -0.1519335304075122 0.01721755565697766 0.050148006481550426 -0.10226594490089214 0.15783544120561754 0.06685774655699031 -0.10680150126631545 0.13491324806373603 -0.15794542211653056 0.021730111782205738 -0.1911403172795459 0.05535903940717668 -0.1300418433363215 0.059132338828966235 0.0856868358700198 -0.009862837596386662 0.05509879881081039 0.12497765820324494 0.14886907041780026 0.03670022194301058 -0.0223226646157252 -0.02839527204347453 0.14917364835356278 
0.05940234120928364 -0.12057342363925976 0.025880698506614307 0.20923153256473817 -0.1395758280221939 0.12197064268974062 0.17344767536696518 0.012104804993866063 -0.1856702285120728 -0.14086972874072623 0.21700489067928247 -0.23212449838832286 -0.0503808950991969 0.02055634542420828 -0.12083390549284707 0.1821067613267328 -0.20099171627359855 0.015598210851352844 0.04660612494952537 -0.10708570857387509 -0.046692635033089104 -0.0035278419008198925 0.15220360233404712 0.05307985689240622 
-0.012750642238792862 0.025996114515020565 -0.018335508079081374 0.010098687920401306 0.0627641448103706 -0.12720865137952986 0.11754920729964963 0.028201202122812755 0.19441391819927548 -0.11055798407708128 -0.013256056230109033 0.1931642165680976 0.04002111794736064 0.11772669962409271 -0.034032064818373044 0.09873087588668614 0.1981912803176538 -0.11952454346432924 0.12257860671890124 0.20542418991138983 -0.1950927785181581 -0.11345398220644451 -0.15311376286326972 0.10644591816569343 
-0.1678455638825264 0.20951950669579653 -0.043576559723220165 0.2488015748232371 -0.12422023809962753 -0.023271144815977838 0.14658228481297048 0.03703158546034769 0.05246012458816532 0.004964334623652852 0.029105054504477788 -0.020546579785648417 -0.1222047146876935 -0.19124091089849632 -0.1393574939414951 -0.17957462116109002 0.035084802859393124 0.11743800966215891 -0.05570913139984195 -0.17025508679741527 -0.05373156415395233 0.030396550768688285 -0.041788340960966903 0.12393648970226968 
0.17727698131680336 0.14794375651034097 0.08094173544249951 -0.011668529430816402 0.07240892677091455 -0.19556413036347678 0.19388296700095164 -0.13090214365045033 0.1627394289149204 0.1224752976751138 0.11965625168425832 -0.09180736241521668 -0.11186148042271146 -0.028042423234714006 0.13960062465684095 -0.019518028379084198 0.1746357898546207 -0.058276417466375144 0.04715514305471841 0.19315424244282262 0.05673817840987 -0.18243325707194916 -0.014323144437533276 -0.06543211043831929 
-0.002376056837366908 -0.08542273579253205 -0.15112678349185374 0.06664687794669694 0.07187341944140854 0.132766903580798 -0.14701201768659244 0.1463114546810897 0.1584050279877165 0.04551021480149344 -0.11761003043572035 -0.11890220518211125 -0.022432195227798355 -0.004598592578454127 -0.008859901258063997 -0.012786140902048913 0.12056871575474985 0.14364641291876842 0.126378346913805 0.19586971702901246 0.020412111036383556 0.19217660689598998 0.05807131834629795 0.024418642231631416 
-0.07161035348733198 0.15094132306207592 -0.1797893080443965 -0.1461321827363722 -0.14788158569213028 0.0010323145973879446 -0.12958321793530886 -0.0628779800998075 -0.13083416372035295 -0.10597904299378386 0.2751160869072895 -0.06538778407057393 -0.13941975777920854 -0.05421846828354781 0.2681006414118669 0.09207626267488507 -0.12159521304605875 -0.0858094813232442 0.10415058592556715 -0.10325826204029523 -0.09772157160256753 -0.16667505441728753 0.23076447229146624 -0.020496904997464274 
0.024321333417021977 0.12691548272453557 0.11818034139288944 -0.02065112869972786 -0.12602146273788845 0.12383378724083184 -0.1883651215692107 0.22173719516198936 0.07226403191855832 0.1457330742265563 0.04285263329213504 -0.13400301943486473 -0.06448210343295915 -0.03256282152139281 0.2304683329920407 -0.1258724654872582 -0.018724475838326884 -0.06182361843465654 0.10737418812302349 0.1599942229653645 -0.057286982750221614 -0.11793322763816107 -0.17361102373356813 -0.12014634209876594 
-0.09041485659965924 0.005853300085725688 0.1613697732909089 -0.14869921062453498 0.20350904434138592 0.05285936211272052 0.12327670523026502 0.23121181388263276 -0.02144588285161873 0.012409506703963869 0.06629121208139141 -0.010156630995517994 -0.07969414587063164 -0.15799526971063022 -0.08538213548215502 0.10368525717256305 0.061486540679827645 0.10865074575892295 0.006720772021822742 -0.10663804803884804 0.0423693736792021 -0.07773313580247762 -0.19969747751610425 0.16255402891290435 
-0.03137874666591219 -0.029098602575593654 0.09590434022980751 0.17996264573835624 -0.17139592189580885 -0.13064939195946929 -0.07038634991969217 -0.10005984514155022 -0.0017670577189791202 0.12949903651564384 0.141468549952072 0.03779800169771042 -0.10338342090358443 -0.12506406030794265 0.09676490831004596 -0.10457624846464725 0.015524007126770044 0.09913577852168044 -0.1081911916006913 -0.12992004415132882 -0.18478996392274213 -0.14084279922276385 0.14043998046128092 -0.158300195117014 
-0.11004875079351695 -0.18764514295377055 0.06987206449230243 -0.10679809364086677 -0.03406314551398901 -0.14420032721846524 -0.048503553359300504 -0.013958921863670157 0.01931940295347094 -0.030400111898889953 -0.15906561188213816 0.0899559933507502 -0.14505151035417918 -0.06440082182424839 -0.09059357325254914 -0.07893434639239622 0.04453446197498736 0.006982582911647418 -0.12360941086772592 0.0055972066196456356 -0.06351918987995749 0.060449862830236185 -0.10906011830727717 0.11538024282249697 
0.010302503787530417 -0.08429633561364006 -0.09794155467256921 -0.1252004740278245 -0.01107027236704566 0.2163323008027806 -0.15724886958813739 -0.08597209407905868 0.05333444305512965 0.15315437970912474 -0.0878608700418649 -0.0020630748889034056 -0.0642905863817161 0.08488109878124205 0.08709674429924748 0.14281993577540772 0.16500113070687183 -0.05403963621523417 0.17067599943874723 0.10753121693364326 -0.07638067642384769 -0.07734844458873702 0.0892314058046763 -0.1495743828699933 
0.052753342170625446 -0.06869173608446517 0.13060944484749296 -0.05355610767570738 0.09273283947196212 -0.11965055277220293 -0.007284186786295768 0.10464540171820018 -0.07579024300140916 -0.1351600036479012 0.05893906035652792 0.14226061176947738 -0.08728490885842685 0.008987313745316207 0.1556425163114233 0.19556246865945265 0.09891554999010098 0.03584346718412982 0.12663273217135831 0.17205961729851033 -0.2000361816344702 -0.04055248323634217 0.015495514101013871 0.09295680164540424 
-0.1652941176826803 -0.019789370351196225 -0.08751438692154533 -0.030135636838275557 -0.0007927392251989506 0.03984717328431137 0.025531980105858477 0.05332651938669521 0.06670874052993214 -0.028227650768690802 -0.19902401248687893 -0.1633686271226986 -0.07906141031958956 -0.1410826205096165 0.03892216697039143 0.011886615562213881 -0.0032909763569693583 -0.07098979045665656 0.060644814939188246 -0.12352992613506328 -0.19865317345486888 0.06975056805514593 0.00017961883614935287 0.06420013424123659 
-0.10590457414638826 -0.2288382591329463 -0.04814903963996461 0.10087371208237683 -0.15904043903561757 -0.10657522301736948 -0.019142725033177016 0.018739739016457264 0.08912864331639188 -0.13973554513612493 0.06217009052638204 -0.02264724942152398 0.07944736716484783 -0.12689219530138104 0.037915430519466504 -0.11232348533818413 -0.23389039267299197 0.02238648330552472 -0.12600113172981597 0.058692423415737056 0.012410993207519604 0.14580233975543494 -0.06411748130976175 0.19790188889134636 
0.018585493000859547 -0.037783784444030494 0.09920087429053048 0.05939082689539477 -0.05437593608160445 0.025721727398419388 -0.12283078702926181 -0.09378017264900243 -0.23313580114981902 -0.005397907775360598 -0.07603257573568845 0.029674469995034865 -0.20228863138406342 0.035909890322189164 -0.08214587688115983 0.04508573232924341 0.10734148845120513 -0.03520363090400571 0.06459652767482384 -0.11611485426928922 0.24822769885051216 -0.13506170597053488 0.1822466533992067 -0.15850659760776917 
-0.006468399799368491 0.05802205105294897 0.08536867489995287 0.03680073688641913 -0.036266799070685626 0.19985394306792595 0.09701878453513058 -0.08724412903847156 -0.08017424865994564 -0.17404134526919193 -0.07353391357321143 0.07902546757058099 0.08869537969986122 -0.09851278842465894 0.05893313967175981 0.11164034440529873 0.1029499648105788 -0.18886242094807895 -0.14117630329413355 -0.14272649008641652 -0.14700517088841078 0.14737306351524115 0.09628219471506903 0.013645780479428106 
0.01697176481380738 0.08108201340923128 -0.07846402512700601 -0.052676561454853776 0.029522170306091822 0.15116430236007858 -0.11895425834339583 -0.10641507190658415 0.07754800150255799 -0.06296843819728776 -0.18156944143369028 -0.12241165304696117 -0.1220809687519713 0.028379755752974967 0.047485566064228865 0.1992125337223523 0.18538438176992406 -0.07646908293158888 0.1007864820544279 -0.10057056896133958 -0.05194199088296294 -0.08225470158665323 -0.04359249682845545 -0.11365343017434508 
-0.017409525401103784 -0.24125760532262844 0.18300651595895526 -0.02963999313515347 0.14334974132454512 0.16469657306344263 -0.10852984395304326 0.031493789390195315 0.013636265762464295 -0.10031199205836974 0.008468356576977346 0.15888738248712878 -0.15153633771460304 -0.15257415273906375 -0.12861265443376 0.19646067841819362 0.2108700605203282 -0.008053855946218299 -0.14683888219651278 0.05240197815865714 0.08652064246866757 0.1826488098190094 0.09352973300524985 0.26955928493474923 
0.13138378921498478 0.07597965879297681 0.07719862733159794 0.07626955013173947 0.11139859096183187 0.23391148001634252 0.13549257066528486 -0.13018361266413897 -0.24770667927006815 0.22980139262383673 0.0006334173836876803 0.09292457171846966 0.0692809364865185 -0.15746913011947017 0.14539399936875425 -0.135090363872522 0.15887020891165354 0.0495032235939673 0.047100259116429684 -0.044485073831276305 -0.03142289094226412 0.04003880448429432 0.0986025889608236 0.09842915531265446 
0.14156178530062435 -0.04718520856588947 0.18964917710878879 0.0964156122396574 -0.057389963772793526 0.1315139405808847 0.0167558763371037 0.07360671614763417 -0.19428991409161445 -0.23723720448719818 -0.14930519371949655 0.04558059555234369 0.1320647537687392 -0.00544189921691385 0.04992627514458305 0.1456602390150082 -0.00099850086901514 -0.22276173648301928 0.09734575665800595 -0.06248891841370026 0.01909283507349812 -0.13972649590127206 0.07311110197505129 -0.1255164172755859 
0.019624382051535404 -0.1947432713233547 0.19411271824292223 0.059904350815685174 -0.05419944045575729 -0.1411760796000309 0.07061671234946892 0.19754793480141344 -0.06329059091023387 0.10607036979668524 -0.08435232322237558 0.18558952196966122 0.10811213610853383 0.038556931629163994 0.16212495073651062 -0.12036334734636227 0.1669761238012233 0.07056251175036961 0.10803452486789418 0.05091481790297236 0.12434196165224562 0.07053221570675845 -0.14123260725754153 0.03543784736176671 
-0.1752081365411255 -0.04949731688535929 -0.27034736173416773 -0.13253608731786162 -0.3318705576397107 0.3362224328249472 0.03956801124691747 -0.03088108878534713 -0.32800097721883903 -0.03423632680317 -0.03186400774267215 0.37700539514542303 -0.1508926837610161 0.03761160414380591 0.11212639407367923 -0.21552616210596587 0.0038541757069447996 0.16976714115950953 
-0.2745846823819039 0.07161736908019313 -0.4029844848123376 -0.3301893454169736 -0.30459807963768576 -0.01245533352150364 0.341459505386897 -0.017054196500000434 -0.3198047582693648 0.26120120199975966 0.012923738008960461 -0.14474093463659005 0.3507045291702658 0.34672084055617836 -0.16385950210713687 -0.20472685997605075 0.05995548409921122 0.2717967093247098 
-0.14445313550283134 0.05827008472355054 -0.2408555826740471 -0.20948242016144863 0.1787139604676528 -0.24068848009686533 -0.19859399743536638 0.12889276280601789 -0.33612659548704865 -0.33118371438302435 -0.1447806167389126 -0.10304690248713694 -0.0779655035590179 0.20724686448215238 -0.3212915125135875 -0.09594070116474064 0.09366018787573813 -0.28813476676829836 
0.23289918473761656 0.09865665984105501 -0.28511762545950653 -0.18804849873617374 0.1676939350829446 -0.06518400380297502 -0.04117976013618486 0.24557336494652057 -0.24958802982446895 0.3846867452897763 -0.3165750758088866 -0.2886552131732966 -0.18005030697974594 0.19685016166259464 -0.02962815650350741 0.10393359677720038 -0.22368342971550084 -0.27409427727702096 
-0.004573862418540873 0.16407669220939672 -0.05485908420902813 0.2545557668180229 0.10885479197140643 -0.17145729897438552 -0.23547308537840023 -0.08207584111867282 0.1664757178142959 0.366301795281151 0.2686906497183145 -0.14412743177130707 -0.01042845978385114 0.05357530797197392 0.03145445522561594 -0.07481650773053423 -0.27497622712951514 0.09428795233157479 
-0.3672415499057812 0.25206598563551763 0.28347266853818 0.18063762149799564 -0.009086043655552288 0.13556018903109926 -0.13210078377610537 0.2761231946006675 0.1872202325138073 -0.20114927428041138 -0.12477623159726381 -0.05602281799759698 -0.015673779413195033 -0.014526907025309116 -0.3172433346279327 0.10855073596799877 -0.20455909757021248 -0.13078375912480597 
-0.034741323712814486 -0.1025751931953778 -0.13022899898317808 -0.2194879791887269 -0.2985078729076467 0.03443967099273689 0.10252534945967605 -0.20697501160432755 -0.20998586213131104 -0.15648847385378448 0.23106835544270454 -0.27177905211708087 0.06957886398260295 0.05537075701650842 -0.10622063019904746 -0.10127724517997093 0.31781036808398 0.036639417856069105 
0.16718787924670558 -0.006194782070215383 0.1011603031042205 0.033824808360606175 -0.2441508645295603 -0.11223036979994713 -0.017650839086810574 -0.3045063880493383 -0.09273404470524592 -0.24041271775145825 0.24911537598167824 -0.15127550156105615 -0.24972278507035067 -0.03862502548476219 0.12445508248346257 -0.3002832642192763 -0.21919144184313902 0.18318393919000897 
0.18128505556443913 0.07961607011444759 0.26782721196031956 -0.29434911258965757 0.13860332464242014 0.28817302950019136 -0.24914442292730526 -0.18167939732110844 0.016031596700976723 -0.1190311807818091 0.13592607883355387 -0.32415443288940926 -0.21819644374665212 0.16970892075697863 0.32597546196232374 0.2968662239901053 0.2767324815356667 -0.2828323489324664 
-0.2943143015548355 -0.29558179307824084 0.012294988017971372 0.32537686221321654 0.021319063310287906 0.1929242751376068 -0.2717001271414301 0.2442433675357881 -0.2145009924455638 -0.29065101876428245 -0.052890679447970275 0.08892286225284167 0.3891659901345762 -0.34962286344105464 -0.15421102203142478 -0.2723745490110038 -0.07402178025359367 -0.2008442685191304 
0.006802276420949943 -0.10289800773025863 0.3301156010899823 0.1986734685827338 0.24850089914999424 -0.25517890243246 0.06387695617124954 -0.16479396383563805 0.24752390596949347 -0.355751790754044 -0.2719249523585067 -0.08976447809156746 -0.020096862917600957 -0.1930916915505477 -0.2787590346586558 -0.26276671949384284 -0.12375929289871458 0.31847572136835717 
-0.22431722228117248 0.16893291900446683 -0.17957887158704947 -0.3674047841289633 -0.33544234925235666 -0.2388560764694906 -0.05882201654175273 0.22590181493862102 0.14563439804019632 -0.09710770666627327 -0.015054426290746574 0.25780563738664913 0.30617744499883587 -0.15274656871149364 -0.34382165063456244 -0.313525191769478 0.16234953793376147 -0.1915726941606903 
-0.004181858209082447 -0.21127583427503258 0.21509777164447727 0.03543775436986496 0.018204373417791114 -0.14439727127930022 -0.017652390316089405 -0.3180528459583059 -0.15186927207137654 -0.12302056486094044 -0.14725662475462303 -0.3095313340566083 -0.0002018230939266205 0.2268308013226993 0.30610475101212786 -0.0018118205631834292 0.06325125278715125 -0.1523313692503518 
-0.2763537600383379 -0.2535096944941276 0.1245565055372108 0.13786288123432866 -0.22015800257249518 -0.058277016299390014 0.06374538430426228 -0.30024892841444173 0.1954751953428559 0.1099222934800271 0.08150434272623865 0.19303217726370292 0.4096654357663458 0.04415389146409208 0.250896808916312 -0.054779540854238716 0.10477044126172748 0.28883200757842614 
0.1607972331776525 -0.13402085252846338 0.07450641776929028 -0.10079594542313156 -0.120710536111394 0.07446166985582604 -0.2093567505887904 -0.025931766768599117 0.3082555971072066 -0.12299501446924088 -0.21342414507493096 -0.0735766000356816 0.21608384918477358 0.29563999250375406 0.22517321920964353 -0.3386950090875905 -0.1589834176521151 0.4163461679481246 
-0.3180831043287927 -0.006630505309489274 0.19644487618534096 -0.2603118098406934 0.11022828556975708 -0.00797635543651633 -0.29062499933544006 0.2557188130629616 -0.2482333824704547 0.1482689906887347 0.1721424756812319 0.10162867824181117 0.11976062148676786 -0.3200204212563452 -0.13059696001300783 0.0586322082951946 -0.07059532681276508 0.07149138728114379 
0.24605471402574633 -0.2125423183620021 0.29484653109954273 -0.03822524278837302 0.3064773023532176 0.07936195555385975 0.1629436079988372 0.028308955593353245 0.004677016173279599 -0.07529044996358886 -0.2552748369562457 -0.03047717381245107 -0.15909507798923744 -0.41223556567786984 -0.1535391506359314 -0.21929877265236794 0.2587225125703034 -0.3756449416508063 
-0.22803362952477146 0.13893736950358057 0.29804625674233415 -0.16980998149361648 -0.33171325078757763 0.31879807676431493 0.08819958999177854 -0.16180548422055557 -0.03668047803385053 0.13500735908681244 -0.0853430028002819 0.3408468686222957 0.21572549399462593 0.2830302486805722 -0.10096947556186266 0.30226295730726876 -0.013998866777887843 0.04126223863071156 
0.1561639804186203 0.21223432305677098 -0.07005294681629463 -0.03497820722115063 0.2177944209994564 0.14830142911987895 0.3010749150437666 0.33235184760952974 -0.22046406186390743 -0.18130374950714861 0.14721321371319843 0.17849196386336247 0.07663591606754805 0.25579202135881646 -0.16944000383361665 -0.10892401343927666 -0.00357970186306322 -0.13463259875271177 
0.07521146658250111 0.12405091739076532 -0.20093723131604338 -0.016887286712437163 0.3418635241169068 -0.11947373040096555 -0.4523236434232335 0.18704227466169768 0.002210785256430266 -0.36666295038924535 0.2804479002864961 -0.1051351077311468 0.27873727309863433 -0.050586689302794044 -0.29235052700112885 -0.17409363952980839 -0.10152211391826664 0.22400050332878507 
-0.27044290732148396 -0.046460131700044385 0.2820943539139961 0.012981709925559602 -0.2737523592669458 -0.329425337549951 0.10463272081082117 0.3923109757800813 0.18546435995739752 0.2069678321237507 0.11920418021363655 0.25969380449157603 -0.28610402628761317 -0.17194453245484176 0.1329693413146083 0.252707177373186 0.11862496910196038 -0.27118235028209775 
0.34217009394624126 0.2783647721634121 -0.3362499536225009 -0.26315369759537804 -0.15332680036500085 0.16276942038582043 0.2331361130262647 0.07245661705954794 -0.21961451496855983 -0.05158999256735143 -0.2693665639116201 0.35310616593375327 0.21701355371727346 0.007259142655095816 -0.031178149297233993 -0.27750274395004787 -0.12325544192253053 -0.32159888227694056 
0.22129944489189837 0.030138399061161635 -0.2639180892266012 -0.18323419924848855 -0.16359603839893977 -0.13001982190843986 -0.10039471056504896 -0.16332907825436957 0.11188192134026127 -0.3422881475106535 -0.11675326393076109 0.20782734560799265 0.35337317212814806 0.22623404100205208 -0.17720876493798388 -0.18271951125925814 -0.21246201383243804 0.2747737715333002 
-0.22828583540648875 0.17651725684547095 -0.18445738538897186 -0.30841294927734064 0.15932219174840798 0.1542941868264822 -0.37478865952946894 -0.12324236383910626 0.3101908962280321 -0.2197218637545371 -0.2892591483975289 0.11466886794062837 0.3375030712111557 -0.29267359259261044 0.008708614901764354 0.12510016949563404 -0.22543062209883505 -0.41113063987656634 
0.363102401806734 0.0687411867512144 -0.3146204559561999 -0.30521074071833504 0.08535911829457317 -0.2365952695426033 -0.20539676433264517 -0.31457244165348425 -0.2359144747914409 -0.014196922731821587 0.007690602329721333 0.009021216018526604 0.45560305025618114 
-0.2979921888039249 0.20442428174293095 0.23508480720682468 0.06668746626252249 -0.029118772532977056 0.31697833897322025 0.26327710689664324 -0.3635509704341662 0.37456608942984976 -0.3992304630923697 0.057383016075511085 0.056828316929966906 0.26836509098261824 
-0.1261905408790177 -0.34307297950021215 0.011189320387666717 -0.4237101267959878 -0.11914021020997542 0.42127316389506614 0.3513909495212474 -0.3095739245232426 0.30762615066301674 0.21147505089721086 0.3457332505278135 -0.22027010509389383 -0.05199677700056703 
0.27840724439821185 0.13253745682015455 0.07387099501092648 0.14242492600369389 -0.23389558006131142 -0.4055599107676233 0.1882367662402562 -0.14559064175685915 -0.11774249311307844 0.08935678747108591 0.1243669269456286 -0.23781922386683624 0.27426672587866646 
-0.0944542018379662 0.10399961181509261 0.37741210944560033 0.050787656667398116 -0.11147663574506117 0.09379736217023207 0.0013951977699448966 -0.03726114606145321 0.18500088257030226 0.3426727272266514 -0.016166616902986174 -0.3321331291060155 0.05463266748716864 
-0.2035121425926837 -0.3724395949882509 0.23049487399905014 -0.18091309925342292 0.22145699586462889 -0.009185965054939058 -0.1443956998422638 -0.14754805600025622 -0.3704087969254278 0.026873160774473187 0.25948037701326804 -0.33571790253297534 -0.3153395304125809 
0.08887232596765395 0.11966080539018044 0.1562911568278448 -0.17596050812899527 -0.39503863602889766 -0.08686442971762506 -0.21812545630563032 -0.4539890522541875 0.175590936197054 0.425432098843764 -0.08572969580877982 -0.15862802758437058 0.05798258394871818 
0.25528427076602545 0.2360189423632426 0.10807352634711404 0.0007631015939793148 0.11108058433627445 -0.18903456675303318 -0.1213927305114767 0.3034806946178425 0.34388959391439583 -0.3566376594631611 -0.1620508318483736 -0.4001703524879139 -0.15658644573284158 
-0.22551534317396751 0.1059930072142249 0.16662226943138098 -0.2996664911362155 -0.35182892635479096 0.3470537543628704 -0.08725334337708436 0.03567580286430769 0.3747801274930705 0.19791313924858148 -0.13827070545449802 -0.3341018734025715 0.016178550498640955 
-0.15561814980385888 -0.4068460621643258 0.24155500277809713 -0.07222423856795103 0.033541046768475066 0.2538922739377801 0.4355484420748695 0.13187193707024075 -0.13533206957204172 -0.3416967575222655 -0.34397309506449375 -0.14298161008913926 0.11127192104366265 
0.15495342155980069 -0.24211214106105813 -0.336627297445668 -0.1384178348024247 0.017397307460149246 0.23629847691513522 0.041511849109356846 -0.15387677460009208 0.09795532546402895 -0.21151581571370634 0.12077771815076045 0.2745397527205213 0.09211620991213429 
0.05446414198201941 -0.1693887736404174 0.31910406658880647 0.4769822513844765 0.19769505208290417 0.11157679702222978 -0.25528181198658545 -0.11770019838215318 -0.11647908656015785 -0.19645946797605368 -0.04231795067205471 0.08715079885573662 -0.3034035603840717 
-0.20927530515664455 -0.3367554711099877 -0.16115285836870244 0.025778167913010956 -0.036982031918609076 0.4638537302040315 0.46606020752608096 -0.028368838015746002 0.42995741169428037 -0.25058959986700086 0.03214902438911202 -0.03642807955353607 0.3821693351020733 
0.29859753920570736 -0.2525963259416248 -0.03878643702027976 -0.3150883172925415 0.04836673858819309 0.2346490058423222 -0.414566113606355 -0.3085877404600056 0.46291218050504424 0.43127073386373915 0.04432300006915082 0.11548366665021043 -0.17684574856568128 
0.36552670833563355 0.13450071331822125 0.13211467223901777 -0.39609968399127055 0.28364113292793186 0.2224816615894469 0.14670098786698596 0.1919113666298934 -0.27579651754393475 0.17405878764540023 -0.3250347151727478 0.1644869266585811 -0.40314826713081064 
0.22075148666403052 -0.006574732469063893 -0.23660250590577406 0.18254729374997994 -0.14623489413671978 0.3090491850943076 -0.25637694901751273 0.3543006506699858 0.38101564478067046 -0.15524627815828926 0.2914717575778115 0.27477071262904257 -0.05916700216423268 
-0.10765581599134896 -0.17307664384992538 0.39971026964138606 -0.19472862692224327 0.3394993694639726 -0.05622258409042435 0.35171261021610845 0.2720316878257499 -0.27644988288353006 0.058293583581267724 0.1375006306205771 -0.07406433220688383 -0.40127973957065255 
-0.13445744496081197 0.2738721988380184 -0.3514538448113597 -0.3421250747167281 0.17191295611563723 0.017287884322268195 0.011225457943635752 -0.11544920157524582 0.11927642954657162 0.323087531766648 -0.17754458947479812 0.2768925741249355 -0.07817189071053038 
0.2709506895510313 
0.01374064033559645 
0.45503829726607203 
0.6738623637047556 
-0.016621150366255815 
0.3771226815399976 
0.06815376813387841 
0.30138391460719605 
-0.3779504767080415 
-0.5392494309742427 
0.5836248457494526 
0.3793352179710736 
-0.26726075269678273 
