98 24 18 13 1
-0.03397387614153392 0.0823192452355354 -0.23994426653768744 -0.09652488918443307 -0.17996057018665343 -0.17517413791782774 -0.1080752096554953 -0.012271516706969299 -0.06667180953273504 0.037743698292465225 -0.017113154917538186 0.09559756884732913 -0.1414239442905635 0.17612185935370192 -0.22981996210601924 0.09564513058004223 -0.07018498113591284 0.0451342417606697 -0.14226557612748475 -0.1796292443178131 0.14701365288107932 0.25737964613227804 -0.04977623297114017 0.18667865929297772 
0.197743634684913 0.11122457033685713 -0.20474011817942625 -0.23908821139551245 -0.13267479346760794 0.21325564903912933 -0.26337347777671205 -0.11649891921750997 0.14566520931946877 0.02549162524818595 0.08914857552635531 -0.02531412630239488 0.04907543240635867 0.20095128522528397 -0.25029519924023275 0.14097943316873368 0.2432703468040386 0.12243981002210846 -0.09688183597927162 0.1124526431109525 -0.1168110693435839 0.018494297101498032 0.1610108175445313 -0.01402841848374534 
-0.10018132211746592 -0.18240056161613377 -0.24190751887410208 0.06307202026931488 -0.13763575221382524 -0.05039080491746546 -0.10473581963368818 -0.28240238320991357 0.04232501113062148 -0.1671271302605553 0.07102804188082613 0.11223579549377308 -0.2100682389215538 -0.005219011884034391 0.04317486573394736 -0.012277609715570624 -0.23040506373322608 0.038831567312895124 0.05502563601170211 0.006994255579126487 0.22598215668131105 0.0016834564145443208 0.19687675335194815 -0.11279797733445196 
-0.09243958809086386 0.03716437519142571 -0.05901842573937554 -0.21231087963084583 0.13866427426660802 0.03950313148041243 0.05525318272993556 0.05670419434015272 0.07404554790457182 0.07259000692056065 0.06787314701319365 0.04005957609994761 -0.20525877461613404 0.28383220417713423 -0.07595407006987498 0.31039256183541436 0.0952311496012959 0.11278712028768753 -0.16515706114100917 0.17029620396412012 0.0860101137403496 0.11802986568614209 -0.07195931366716318 -0.01802457133803299 
0.16818070900478896 0.025160847197976042 -0.2379218842979822 0.06718096693459645 -0.11771952453620915 0.03888974680888657 0.16091233353909373 -0.045071249706136005 0.18567435714795621 0.059558408952654074 -0.2192948829937417 0.192998453786911 0.11537738888070175 0.22048763613624048 -0.11940142314603694 -0.15009154119055212 0.197967921490746 0.07664199264391817 -0.18447996388680343 0.14238124560188822 0.13573894478293283 0.2584847450214836 0.08275265722466618 -0.08677565195671855 
-0.1192778881033446 -0.31710618291988096 -0.21772073422107516 -0.16295846145678688 0.11933703907993029 0.1297124626815196 -0.0626413477742409 0.09857347482938095 -0.2836269262456162 -0.11458677491630223 -0.05371263633169073 0.32777643915424093 -0.08359694642068236 -0.0920721835516895 0.09084006044262946 -0.001343794737132034 0.18115544007220363 0.0317671561922587 0.13598376729760556 0.11214837503010991 0.14464391640718618 -0.04977808244049261 -0.25979102533466786 -0.08311699725125474 
-0.13830870629610903 -0.2550867673189617 -0.14284667990630873 0.05357744013431429 0.008178669341207182 -0.12280708818404779 -0.23581202994019285 0.2399174505514225 0.003966061963650008 -0.18320604693544745 -0.19297898499016092 0.15721126911705266 -0.13719451719110923 0.06108211941061541 0.20237605996761057 0.20811968295219724 -0.1184074251076561 0.045475973364908495 0.04684392335732337 0.15498111047552346 -0.11539213920047414 -0.13364385353036506 -0.2492257525489953 0.04030259306552912 
0.11656781397433282 -0.05750465729530478 -0.07158471143058819 0.17426615767532627 0.008185003372364795 -0.01617780479549964 -0.06760734404045335 0.07157353953895293 -0.0020669734236045023 -0.07271497584187236 -0.17215767020238124 -0.009809523463031352 -0.029189471896648774 -0.14231389975673797 0.09945077780564966 -0.1506096867387607 -0.05407872660913397 0.12094377547842809 -0.12096126017075023 0.04663280399664892 0.09440726259049219 0.27945345164898944 -0.14458436598634167 -0.16422447321058084 
0.0844049461050884 0.026468959664561496 0.190180726082375 0.1745137029117151 -0.1934023143587565 -0.07025932519009687 -0.007232283678709697 0.1516304091846518 0.18751369417913286 0.0220363284522579 0.12652983612494106 0.11242758871921438 -0.09770482257670644 0.0013763596747918278 0.04069545327851269 0.07568333746820348 0.21425191779831246 0.18742105863870331 -0.04101503880493668 0.21003436152984944 -0.13665336363939853 -0.16647787470340852 -0.16075024704075613 0.03205350093452541 
-0.19032604370043638 0.2199105665349052 0.1292029636242778 -0.1929686325785241 -0.12787378127779356 -0.06576713915336266 -0.1460464519553697 0.1211559735891543 -0.05315591907713158 0.1732065744547964 0.022245455825415438 0.14685058659310715 0.1734139487919542 0.15696923134215837 -0.015588556630740045 -0.00258306773312845 0.12078395833861023 -0.08413656614549399 -0.003779344465220473 0.04678188396976306 -0.19275968886960684 0.03096882363611304 -0.009122339732684403 0.11348247038536334 
-0.09204679614377459 0.1736075743800631 0.030325031913158523 -0.1386280847226923 0.06889910185211041 0.015262903965088151 -0.2606605117794568 -0.01900492014862064 0.1171134903197925 0.2199120227119368 -0.19335317931275217 0.17802464485136715 -0.13293334244304958 0.1628370524679363 0.014353234728326822 0.11309737995383269 -0.007360678002572801 0.09358116767406723 -0.09202523346304047 0.08774525220047591 0.11265413916508404 0.1736335655768409 0.16304850607519653 0.1633144184709808 
0.12739289801305642 -0.051242014529712825 0.048963979963486504 -0.00845995795025707 -0.0600946039500258 -0.06016399704956087 -0.001198931260805453 -0.03671886465685228 0.0865702101118323 -0.07560980782880874 0.25746518469462065 0.04855827362110709 -0.12824403126576353 -0.061489395514263814 -0.09583513251894249 0.1113154022156731 0.06976256176054065 0.1653030606679036 0.06370497258067505 -0.06019911184951844 -0.1403531683907512 0.13787886070535568 0.0725726080300965 0.17243185892004015 
0.11537939409598383 0.05728850679416772 -0.026303981967035425 0.074674093790023 0.040200752602852885 -0.08239568715734326 -0.11441360395035781 -0.17747070835728118 -0.09961291077707346 -0.11899996116498976 0.23671725247720976 -0.10737168337622312 0.14413580009424085 0.16972533343578008 0.07387269870276555 0.07290555650090108 -0.1536215186693063 0.03163461877242685 -0.060587438533413855 -0.1525581717762682 0.11043446701080793 0.006734633222549516 0.1861523948963933 0.23932738958367675 
-0.08901709589543641 -0.21246009530165952 -0.12115021732330301 -0.011486917384481822 0.06500819929467404 -0.19834240144435575 -0.16116945780413705 0.19929937202027073 -0.08843068994383071 0.051379923046408676 -0.1048687713401014 -0.17953675532149685 0.05446965303199402 0.0010753798457663337 -0.1493907490066781 0.08048817557588717 0.012611011494327144 0.09378252585188797 -0.1405920509887018 0.038153824530938796 -0.05487257322551825 0.10157673899355166 0.07658319130134504 -0.1431500190619293 
-0.06881352370446979 0.16364060318648513 0.16261184973321413 -0.027343867075014107 0.12859650889071816 0.1855302993496601 0.13654706252980164 0.16869273140076416 -0.20147075134620798 0.059196353037971286 0.04736833732399536 0.043367526781420036 0.1591531662343109 -0.20332442251530788 0.10642814442856184 0.09658863158627745 -0.07512488311168977 -0.0844075413944683 0.05170417008257945 -0.05711857502575148 0.10354256567083954 -0.03152673559390298 0.13877590239118648 0.25691891839065334 
-0.14974616172438196 -0.11778513458318127 0.15907549862070372 0.01636893350243469 0.18027039315252455 -0.017651341488183956 0.2950418322935556 0.013400413479305883 0.02891689148009121 -0.1442619520337397 0.0020303428053020742 -0.274001307162463 -0.14264973483116788 0.07016231505183934 -0.18672309772569678 -0.06709836409958399 0.07173334833042755 0.07477424646155784 0.07487492770888007 -0.07427132912511342 0.0011381012154153757 0.07106759260073063 0.27615821206558705 -0.09070132409140234 
-0.10618293014900682 -0.10711145459575935 0.09842083266428897 -0.01672045396457796 -0.17596627051686065 -0.04469592694094799 -0.12286133567640321 0.1744672507807904 -0.09202352747817596 -0.18785700899116725 0.03642702699456929 0.11330215139288069 -0.007161404567075705 0.06979588118169136 0.004320684986340716 -0.020647307705015903 0.22670069134883566 0.08488758799217595 -0.18594255773865706 0.08719478648464514 -0.012726232626965381 0.18037236892831068 -0.10975591661684378 -0.09155160577191157 
-0.18395353945436518 -0.07787798288425672 -0.18679387531029332 0.02619547374496812 0.08654552021644177 0.14602574182124795 0.13324413680450045 -0.09215944845284249 0.12117075476503539 -0.06040843628767836 0.1495526390680953 0.09868688655221948 -0.16347860172482095 -0.13839995990865478 -0.23396609326510195 -0.14052611367923346 -0.03840722560671932 -0.16828174472470525 -0.1969222957393201 0.07181703875135481 -0.01233507814855684 0.14465056555445224 -0.022182830402010738 0.06125114081221753 
0.05748401142955879 -0.07480490860617103 0.11959810890626467 -0.03993723586083681 0.1374234549546032 -0.1029647766184252 0.06993048323168652 -0.16124410698697653 -0.024210430714733784 -0.2694246657936915 -0.06436443986713931 -0.14012382946474378 0.17477320215776285 0.2632608358805728 0.09475851320874051 0.2645387316417712 -0.15387275543725337 -0.0947282381613239 -0.12328698698848885 0.027404469997979106 0.2357378738936957 0.2919027277376123 0.02081382007446974 0.15503314181963004 
0.16109082504207145 -0.03010199097194854 -0.09841162598163106 -0.10817270442791956 -0.20674110295296108 0.169630897386195 -0.17772607955453104 -0.13954138847418 0.09925660912824157 -0.10932427862621175 0.22873006436759663 -0.07855948952124042 0.06438851882668781 -0.02050870895609146 0.13923559910690317 0.02924294760005221 -0.06460430002450568 0.0067013297775259445 0.16710768726808092 -0.19378907521656716 0.13207570050262876 0.19572155341336334 -0.17424798849147471 0.03540583078098212 
-0.07429553088240586 0.10975497622877035 0.022763851395260087 0.053585069464828446 -0.07640422915332057 0.10989882994991004 -0.08438063225470523 -0.2950905221442611 0.0008855924805795935 -0.05583350034642262 0.007157304143854195 0.23572614202472691 -0.11113071973737731 -0.07400441309136235 -0.08401682965436837 0.2484588531284273 0.20901651570460103 0.17583140897720642 0.16212078314130346 -0.1495068051424133 -0.13448882654644553 -0.0873974778902675 -0.07411346168590716 -0.13129813450516553 
0.10977456736306661 -0.0549813935610682 0.13557012941990954 -0.12428987491093585 0.07921132535712186 -0.15001186608176065 0.05166191948288016 0.012815883299693647 -0.12086743796379822 -0.17054816747557894 -0.014588566644042084 -0.063339247910814 0.02726057218536589 -0.21767757451472824 0.040478109672822726 0.1653960281913974 0.1110765689785986 0.02272184124892259 0.18931652340682548 0.22142539611290468 9.795635526137087e-05 -0.2316614409834731 -0.2542324565424688 -0.24029680084701377 
-0.005065694601081239 -0.09162528793989635 0.17066420467671098 -0.18309614794767579 0.22528740790848256 0.09075229118978019 0.09677781032574431 0.07262490341376639 0.08132410599478875 0.03239585285562782 -0.20865889558366543 -0.06557819541125622 -0.01431089997739019 0.10003101015493036 -0.01218245940299294 -0.01420937645580967 -0.1603389280201956 -0.20377824618157514 0.10165361580792862 -0.08662112319844155 0.22518705011203682 -0.11383938195687407 -0.07193141148976386 0.019240459300341593 
0.13262888869200565 0.04750643003943865 -0.14853405370826095 -0.12398767080080782 0.0017517548418338772 0.06169787609952475 0.04879804823277166 -0.1716999772069625 -0.21776424963112326 -0.014444498917467328 0.052264826897225225 -0.2327150918011057 0.10401789822217729 0.0976437435887566 -0.019733901733935206 0.16068586311980879 0.014325398358349997 -0.2348883070060798 -0.006040480972756854 0.11257535412519896 0.13292984572370442 0.06693493720847146 0.0934368275042975 0.03392300926157268 
-0.08874743452410745 -0.013013032898474514 0.08419518513597223 -0.0651141524810864 0.13031250638131134 -0.15285850636317624 0.041492842349319076 -0.13234136565417787 0.0621776282869333 -0.02813601732839333 0.11804429248206012 -0.012509548417486183 -0.09363955032182812 0.14397051717920298 -0.0750397827260721 0.1462060141531161 0.12090571425902838 -0.10977031969163459 -0.11268302407720177 -0.1355687754560388 -0.1414077773055031 0.0063899091095811905 -0.15854216370843138 -0.13054665457101153 
0.08667005579818807 0.14712039792323148 -0.1664146961375892 -0.10565293740570113 -0.1519873086323457 0.15760182011041618 0.09810265564858388 0.04768428888280686 -0.03331254197459163 0.0816576760852719 -0.025176969791602666 0.14753410582353588 0.14179853347256316 -0.07330743783568602 -0.1479749045734157 0.1681482396099934 -0.17094353532353232 -0.19048075484946372 -0.026789036248387427 -0.11790833087506941 -0.07503996846215848 0.08973186115162352 -0.1397675915012487 0.11151495859072844 
0.07788278408932553 -0.18252510165395824 0.039377922290227484 0.1350235474476248 0.045153617055950154 0.10442655838881064 -0.11162586904225173 0.08817539562118364 0.18112227756407007 -0.08021897696852189 0.0815899308823299 -0.15341349132969956 0.11026769065816144 -0.16141875392780286 -0.04092815801375414 -0.018798845049634395 -0.1742190335692148 0.20656649978040545 -0.0507363171276245 -0.011753499105184908 0.0019944029114873723 -0.09711710016407255 -0.21144293580792553 -0.1681702474229182 
0.06371769838235476 -0.1534605751202864 -0.055895700669366 -0.18157914983915824 0.08822178854295008 -0.16278033942230394 0.13323808536306275 -0.14992887968526106 0.0046715698574373845 -0.18086339682388708 0.13060100914493783 -0.11867744447855406 -0.06418926143124719 0.06317058584860746 -0.13842545424744992 0.03580765945778636 -0.09078475867775447 0.07846376392286715 0.08756827637660126 -0.1457573533693448 0.23955357419625553 -0.1972299051251772 0.15247685321482557 -0.012119021638067839 
-0.05460886946622683 0.11725954821115452 0.08419611341666168 0.19446825432897819 -0.09846558042015023 -0.15720391400889971 0.13175299830898693 0.2028449891347218 0.0284882220034739 -0.015358221165541808 0.14058912382243074 0.17055843109776558 -0.10930713791513498 0.14216670946490276 0.067261788990777 0.0864424241257086 -0.012294338165276662 0.07739894511155755 -0.19780782052506543 0.06079068406777367 0.1360127759924424 -0.0920365954382373 -0.23102679152714087 -0.11024236952486414 
-0.0697151498306579 0.11824297129544765 0.016775700024650675 -0.09153506441497744 -0.14308360889482263 -0.13328801548243532 -0.030403808139390406 -0.06890214202698769 -0.06414936532915858 0.013738502292545458 0.12651129009864703 0.010845198677213067 -0.09369091022073871 0.07576208065146785 -0.10973620221523601 -0.042643037113884244 -0.01818064512645107 0.12325000079233722 0.1494138748928536 -0.03895011114598114 0.15898756074733653 0.0401994989724284 0.027806032589987175 -0.1457064503886233 
0.03567707581607295 0.16421236269633804 0.04115429005639637 0.07224854560094192 -0.027185082914997584 -0.038621876948207644 0.09714453214749413 -0.18190331962318504 0.02897960090849446 0.23376050152969663 -0.005819569207887712 -0.10970087650732818 0.17031750278348068 -0.09889823024864962 0.07875483287109077 0.06765309768670098 0.13222447964185102 0.11218671412107564 0.1335652959867082 -0.19584827209583086 0.24668073152240058 -0.1168451913802124 -0.04923333209265028 0.19859397937205744 
-0.1954392783689785 0.11941313469009948 0.13319754693812055 -0.019609856661037324 -0.09606231811090356 0.13389210859483142 -0.033371290932980496 -0.1087695260483789 0.21702124476366325 0.20067567938000364 -0.008033813200255339 0.1479267152976665 -0.09276020374934715 0.03173717996214807 -0.03530511073332346 -0.04834022343569607 -0.09280626458709312 0.20430089700671747 -0.08076224827963288 -0.1740342864302224 -0.1676203005006083 -0.1915559806021286 0.03493503753931874 0.039541969062328104 
0.191199770772155 -0.05921135227742008 0.11505678406325186 0.0685400183179064 0.09302602426976976 -0.04991214543495738 -0.0024430096317091814 -0.09432341962165623 -0.027351064873103348 -0.169370845309887 -0.035615526487007894 -0.11864630565500257 -0.0600831249904446 0.14066969225056483 -0.0704138781208251 0.17934421660686004 0.03527468448906015 -0.05675266519667826 0.13645710349366294 0.13904739502457417 -0.09807639551862117 0.11468843694543836 0.007337762842855245 -0.12522367606153226 
-0.06647367235875372 0.11974642807935482 -0.09092354142916573 0.17033635118620702 -0.08033629272644997 0.05882742406320009 -0.017062080348041065 0.1394639594310745 0.18778947028275841 -0.12458900824285302 0.0029259477514993848 0.16365798028556025 0.004544938406195127 0.17844639104974083 -0.08681042922046003 0.0040291490825935285 0.004506673549669656 -0.10704948601485503 -0.19347710029385742 -0.03244670356139749 0.1711573538601889 -0.11198390768000084 0.14870926116609898 -0.21941354870528673 
-0.06185881125882243 -0.24893253548859035 0.08465058490066565 0.0690451206050697 0.07390601071219109 -0.004639478481511926 -0.008847518190834522 -0.12332787545057666 -0.11406633999658913 -0.0500401993335261 -0.0565873452255527 -0.08375469735275778 -0.04648925791022326 0.16891489052181582 0.005413368011097319 0.17974140721769796 -0.06541644889644127 -0.13862038916564517 0.005498232624077329 0.11408065676894621 -0.05102394438484016 0.01923861115970547 -0.09024396291794703 -0.0010506568453293444 
-0.13377071665164528 -0.027348267845190986 -0.09361847123132812 0.1912014887519226 0.11026864852099401 -0.08037772798063225 0.053131213633052 -0.1402218681729884 -0.06245748285247759 -0.0796781455664679 0.13693015553015392 0.09350735787863844 0.03120869363613761 -0.14856276437468732 -0.011420035644971295 0.21108725974028872 0.19314630080695092 0.05072803009866559 -0.13770424311578794 0.05439291696559423 0.04176735694171411 -0.01216786891767651 -0.10885824686397942 0.03871684862007043 
0.1602014691122877 0.10599169894634697 0.03091350098409384 0.23823572964036013 -0.17280330113672765 0.21776933478120855 -0.22732637071439288 -0.12178891137970162 -0.040905064235366786 -0.187114935378068 -0.003440745905221197 -0.19485135919464652 -0.10409731245413861 -0.16166334738697163 0.07986324729516005 0.09601603299922391 -0.03609886815744739 -0.12306144702530086 0.09715820025457533 -0.06248041540889334 0.13575944418704458 -0.023884584836790703 0.005752707510874782 -0.1874978429064616 
0.03541566450596728 -0.01884645355079159 -0.10665031801201125 -0.03046270045221673 -0.04589091098158451 -0.04287020861802046 0.2682467787301992 -0.017644134881945238 0.17882804906066418 0.002732763625062675 0.22647300955112035 -0.11602429885751094 -0.06886544958891784 0.10924769257987972 -0.18139496870361188 0.13640034419058486 -0.018460996165861054 -0.048292152973688954 0.19706181015862884 -0.20169919284138688 -0.018623028076875568 -0.18644007425237188 0.07817027941977786 -0.12615963762244997 
0.11758429831031204 0.16784525172358472 0.1296387308998004 -0.018723902406665483 0.07319961601042438 0.19490527283682377 -0.035753174168803595 -0.015112014242959914 -0.20285928746631732 -0.051033341369556735 -0.1415273325515411 0.1465889676826408 -0.02557708152917844 0.01046097492236513 0.13698369685391823 0.05648511329755826 -0.04037985672414816 -0.09082727758698882 -0.16986002905483563 -0.03189365228831308 -0.14262473433357795 -0.08706513741886003 -0.03418978136678996 0.2466076778041042 
-0.1547599302047423 0.12032089723729196 -2.6206865905780885e-05 0.10916876154276511 -0.14096969446519442 -0.16286810782385674 -0.045378296361084744 0.18314986353898943 -0.08459603749775099 0.1024722030966845 -0.08231771258646266 -0.17541751856684948 -0.19227937579398643 -0.0897852566738219 -0.04643596633958368 0.019786499919140804 -0.2119587502342294 -0.1728614669473928 -0.19233612917424495 -0.15297948456973962 0.05220491195446989 -0.03796091736601151 -0.10958703655443415 0.022527792466718825 
0.2603184369937682 0.0682940206157369 0.07831729232169185 0.15466698455263722 -0.182938208236627 -0.22483950846475603 -0.0241848425119751 -0.03746384844560993 0.12778891378956153 0.020342983219327395 -0.01890740206241195 0.23861115195202437 -0.10943004167640726 0.14648321416236462 -0.09692442528640383 -0.04870773354567095 0.009647942724429377 0.018490130137881877 -0.11027719811098252 0.10151627530337393 -0.08409931895630735 -0.1290284842055706 0.10464745745912878 -0.06072911273254404 
-0.07731759055018807 0.11298642344609289 0.010015895851754919 -0.19158404516250485 0.1481103136248764 0.13922326237347224 0.21843838682496358 -0.04889787577480929 0.08946526492504024 -0.06286071369223538 -0.0002222141093485293 0.130908285460575 -0.009752907906631829 0.005454727275653671 -0.06817851922016727 0.04080434273371278 -0.16004579808261118 0.14880925669891493 0.09903295771054944 0.05642712622161269 -0.10102493081693494 -0.14486044481820648 -0.13133203602146146 -0.06981631880298671 
-0.18399931477423723 0.1253024633827429 0.06672164114013292 -0.02706663240097222 0.10544979281650708 -0.018604969695115943 -0.1828849886164672 -0.14451755722740017 -0.1014588889486445 -0.06936800181115724 -0.17783661664431683 0.01267717152676492 0.041988797847578876 0.023302015987908164 -0.026330123069834427 0.11650799315751922 -0.03791403774403129 -0.19281240433506316 0.14768408422738108 0.061129863645851726 0.10732338200325339 0.19421760382492761 -0.2291212929836634 -0.10430754560415995 
-0.17336871343057092 -0.07890516277291415 0.13426150284201133 -0.16597214663208312 -0.01043824726380348 -0.17940593215258815 0.07761753159654752 0.1142604780088937 -0.23935167207068683 0.02648920239965474 -0.10257561697855073 0.242155789215453 0.15560348819238834 0.07068763969315331 0.2174978480405167 -0.0455352194899894 0.20880533637812468 -0.006257595488652603 -0.10401102799932511 0.2634766549377478 0.1099225031573264 -0.17273382926616287 0.12640956908208834 0.07845099551507356 
0.07246667518220302 0.06286721847096145 -0.09698129849464136 0.032349258258286336 0.12418945891640766 -0.19842386970165346 -0.1462422849307113 0.12228059786598569 0.06016928260749238 0.012149832007670119 -0.09903357577131369 -0.07140551260605846 0.14796333852530144 -0.08797163128710778 -0.17292869458566695 0.19416565205730082 -0.16497769397726222 0.16003769828468056 0.15119175886710234 0.03725919575790293 0.0608115720199809 0.04513323330758933 0.05453838127444615 0.18789225110429705 
-0.07602183343132192 0.20097686681276278 0.026348076182292873 -0.15245246702135784 -0.10753069912285886 0.06098321464165348 -0.12179487367698073 -0.1458777570997943 -0.11943105732503158 0.12267804813383602 0.0775097400041492 0.17548226817342044 -0.05746715877558049 0.07055953697431674 0.02981198068979854 0.04324159651642223 -0.15467706316862403 0.09922094408137175 0.16996731949703447 0.058339721246912654 -0.1139330114235012 0.06932379469276462 -0.20697663757831333 -0.06727297926969683 
0.26084666285822955 -0.038115740889644194 0.1404857590751144 0.040837422478541704 0.12738197690092187 0.23378487444485346 -0.035661422604738105 -0.1492868118767284 0.018973761461049263 -0.023207610542699122 -0.1477631160057795 0.11744456391365904 -0.15957074064800386 -0.07691274365183597 0.11036224623369577 -0.1482899541294475 -0.02639813072172989 -0.19038648913551126 0.19805091772279937 0.03195870141197156 -0.16176066123553254 0.2567280866008657 -0.07429294563182727 -0.004816608995752208 
0.016120882845299275 -0.10088090049429431 -0.07636932906428161 -0.05014553476244604 -0.100566052791894 0.035276398746450124 0.16280909506592 -0.16988625514187417 0.2894418298521633 0.08631662359334132 0.18437116697789088 0.05921601846782153 -0.1299280982339862 -0.09341698812222796 -0.021128356923742313 0.030739356248335042 -0.04714087600281277 0.06278932698227682 0.07119177466482507 0.15692651834520738 8.668217360057801e-05 -0.15600475847043405 0.15756935838798813 0.04852292627565869 
0.18251631172660554 -0.12851376598496694 -0.1276801028401909 -0.04249830003676582 -0.07031675306008045 0.1414848617225515 0.022945856802160425 0.11766815717491172 -0.035224561820114374 -0.1587730489814609 -0.15247990340346335 -0.053005975044187574 -0.12079557716266666 0.14478560483954478 0.03886057226628183 0.08698410665148451 -0.03255486544545361 -0.16332449818967423 -0.1043052410858002 0.009602312127014406 -0.11889519367625873 -0.1887216016458738 0.09834492151058606 0.06561696606861175 
-0.06642826633822829 0.15508630976288543 -0.027860215702609735 0.13561889492162602 0.061471043945492125 0.03399390346408813 -0.11803975595072744 0.012353386474892387 0.17095441162096275 -0.07648603462302889 0.16509897216384375 0.18130626722179605 -0.06664467636109149 0.06883989431697977 0.15823260432353484 -0.1683692373445114 0.18324268966118823 -0.12200117771681698 0.13830496053700758 0.061233446285833146 -0.060916318170013486 -0.13784470638060634 0.06270505481840372 0.1477739809032834 
0.1398777170727209 0.05428137129211336 0.17145967116771976 0.03505117096978448 -0.11919909029092263 -0.007231634533467424 -0.07307543113806507 0.21008568340850967 -0.060894221958635614 0.2221080252550243 0.007296085212784042 -0.13775092576600415 -0.1688234536531772 -0.05930096396868036 -0.1490997624271574 0.06421937642135037 -0.03010146214789887 0.1957592644811557 0.1706562586173953 -0.13870515940397057 -0.03846727845725266 -0.03354514305122881 0.021195662344783803 0.12658903145342026 
-0.013749564196306917 -0.06420524516590059 -0.09357096420551712 0.1871426388797348 -0.190022816670434 0.12418937909711503 -0.12295154900398544 0.07211918580111472 -0.05621954826258029 0.20182104333436934 -0.14936042713782363 -0.14709174476029546 0.18365563191876194 0.016410042878655454 -0.07480020338350285 -0.1987628099113257 -0.13536563810439062 -0.1402468028847003 -0.11695612932160318 0.18910292549662017 0.1556130105536335 0.08044222724976209 -0.0012543066313797026 0.1353865299059919 
-0.027172019935012393 -0.03723917306443556 -0.08815748997857101 0.20345805144909485 -0.04411324209908691 -0.024090295291252298 -0.10151250306309655 0.19031122951959256 -0.03553755811056965 -0.07942907883940442 0.11160532244564511 -0.15595324181743517 -0.13351620603073733 0.13008510883318017 0.09601494902073503 0.014656095873633498 -0.1412630396066659 0.03253535944607847 0.054088801966014594 -0.0675446147163906 -0.17169034679853834 0.13950664300388488 0.001245632447945206 0.051783981380553984 
-0.09680212984196303 0.0619324154299039 -0.027722280350414946 -0.046035158922149814 -0.14777211162832793 -0.10063838307369442 -0.1668950893298184 -0.08249618814492087 0.12279253856401345 0.0375889834026286 0.058221081680229804 -0.2390509867408282 0.0996748136504984 -0.021183148454224917 -0.10596996949362321 -0.16726198004299184 -0.15110406526567266 0.13608994459728757 0.1919972050970928 0.1861937749541771 -0.05971987891229381 0.113701405217299 0.04086934048223112 0.11750918752469061 
-0.006312900889338459 -0.05759225961908023 0.11323325957398853 -0.1584524144161764 0.014376206223882962 -0.013682469191471123 0.016200125144083578 0.10532529873984306 -0.1454561290658572 -0.04176223242992571 0.03531864615394425 0.1614942650635933 -0.05005812026008482 0.17686211733981025 -0.037433384683620424 -0.14398604060792555 0.06894704414551917 -0.06483572512326106 -0.11114066297043385 0.18924711138619688 0.1812832483836229 0.03854071495689714 0.011801648154628749 0.016309870197743093 
0.07867827388807497 0.17090077464124118 0.1434746636474927 -0.13138822145035228 -0.0931173000675078 -0.1700225934481506 0.19040629318218794 -0.10378371070608579 0.06286667190472299 -0.16273569156568332 -0.11401962340488413 0.001094682547091653 -0.15654736517542503 -0.04337278112697099 0.014758094397810749 -0.0629446905611372 0.021742387531851724 0.014283216753662085 -0.0426902603620479 0.07698730064619032 0.06993952801488965 0.07343283373085006 0.02392563302498057 -0.05549415004559217 
0.04415316258077356 0.13752770112188456 0.03778256470240933 0.22581776225469657 -0.0229500494081726 0.08022707674236591 -0.18380005582093942 0.11026698722072754 0.03095405623744404 -0.19691185033440195 -0.10346136533770356 0.023669139688356003 0.1055192357210017 -0.21525263272333334 0.019070878451460088 0.14218734463166144 0.021746831132037653 0.17307423341334358 -0.1687597881513123 -0.035136903077124276 0.19386814617768544 0.09713522964183217 0.029094309656428244 0.10894237781134501 
0.21811715671947882 0.18102219918290766 0.1984720005214683 -0.1425624656698155 -0.17045486200441629 -0.1689302363212139 -0.1930804376159445 0.16692156635605954 -0.22293254501007115 0.11597086582759697 0.015737037253728273 0.036037662270858264 -0.06404748103835008 -0.02075491134497999 -0.09682195158617904 0.22293930742126858 0.07409395846392344 -0.18853909115090137 -0.014949338936790922 -0.08589202521783326 -0.15548043593198133 0.21362528627062552 0.08698325437312845 -0.06668797833372192 
0.15259028148545462 -0.10693876395383724 -0.07534084650546914 0.15968866712683658 0.25575169692352573 0.0636432852176709 0.1764258710726148 0.14702835882779378 -0.012095809984197518 -0.04971474599020123 0.08231823965614293 0.0051807674334257425 0.02393670174983 0.2586457203734265 0.10789723283590416 -0.06723676128289742 -0.2099416171199368 -0.12438002240926957 0.010424180106519337 -0.032298479044050685 0.15547792389393814 0.19878458877359764 -0.16668580522015689 0.1834703685286593 
0.1817717376955663 0.18261347701376499 -0.18369511436469718 -0.17570132944890607 -0.19671636015475694 -0.07343905212659335 -0.1764649525900068 -0.08090245753822903 -0.05630787300331228 0.1802643466419523 -0.0089456267217454 -0.08710958101489057 0.0011647763532093333 0.05606114934308566 -0.1540083922058244 0.10156719844456125 0.13918050733932905 0.1360858662281802 0.15471544496025574 -0.04613671632095356 -0.021857384024465003 -0.15790863348560177 -0.10800783942194257 0.18742125782768695 
-0.0845715797835164 0.16153438715567897 0.1547337847648661 0.1676417110299839 -0.135925305380905 0.15036586874202781 0.051582709142447836 -0.1140767429260251 -0.06060960484453675 -0.13441041038050666 -0.021645437550296066 -0.1651024947318976 -0.13224103419905234 -0.1194540244037814 0.07490869779370139 0.02873851249142131 0.14778682596310092 -0.10049183703319209 0.0506426508517155 -0.18508713517366251 0.006283934107002262 0.1437201642031874 0.1926214870171414 -0.19505971871556924 
-0.09721945356852332 -0.14950312108640415 -0.17977198018801083 -0.19493800401616224 -0.0038019314044699 -0.18060522062069947 -0.08707392230921242 0.05472709473410377 -0.10189312266237024 -0.09052378291516293 0.03529553590532733 -0.042591651794397396 0.0768859812759529 -0.011507143024361614 0.052061033147216274 -0.0573421915403863 -0.08361014885207992 -0.17572527287033665 0.17354031874576292 0.11515723077430318 0.20575495787970308 -0.12418957684237807 0.18058905758858376 0.20413788674548006 
-0.08500050988402401 -0.08854281013965216 0.019998529107257693 -0.12422618103723702 -0.022522675655286265 -0.12421479034631876 0.17771054214245469 -0.002394002772037193 0.18441732766335198 0.056685790054821494 -0.006084234745122068 0.1859499888086607 -0.14113757997666077 0.05171463075903203 0.0633764018687558 -0.025749956466331565 -0.17498291745902483 -0.002821449505365345 -0.013542555154036321 0.12103382600115835 -0.09569743728889166 -0.04236817572930988 -0.10227187998996591 0.07309220884913012 
0.2076388077531422 -0.13191717096589084 0.12692801031919604 -0.10593797658712945 -0.1755424245439152 -0.17166337192964812 0.20333619141938652 0.18369724340499177 -0.09378793988169074 0.18536971412232256 0.13018904812215382 -0.04073534265066402 -0.012407693530940605 0.0407697872708239 -0.13516873984563896 -0.19306487852783874 -0.09678233933567207 -0.19279610804691746 0.06836292650633458 0.020013066377870998 -0.09037280977566015 0.1150181231734638 -0.14534888198696067 -0.10039348912366985 
-0.08151730547624692 -0.10503671252344372 -0.16341947090206044 0.13759523187989595 -0.1633184505096274 0.05904729229365957 -0.15031627458732758 -0.19472401146458668 0.034860249730642334 0.17147354602289816 0.17195550493428086 -0.08236655833962173 -0.1880385342043006 0.12712994444614656 0.12072854182060044 0.15256969138095516 0.04211491087402414 0.10753087321918665 0.15753712019814406 -0.01794651078661008 0.022493944207682585 -0.006448136114051757 0.09514438794659473 0.057426119346168626 
0.0952128681686428 0.05231772528493277 0.002240441822609763 0.12425646088227137 -0.08567588239466037 -0.14036850524230812 0.11509554463775114 0.09072673167679739 -0.1711689576666356 0.04767546562772678 0.10803356686619771 -0.09328079285928999 -0.16519982327347185 0.03949561088492942 -0.10853266423669722 0.2110796992277745 0.08664382716190829 0.15900807295127667 -0.15539303992341566 -0.16489708801842082 0.14858097560067182 0.011153429624509862 -0.16369678764942633 -0.05037808423274155 
0.06743141583173874 -0.12250298728142925 0.15682295624941547 0.2179200214029253 0.17907900378519703 0.09041923489153773 -0.04592432246187947 0.12867558049982614 -0.07352531738814275 -0.07275125622304329 0.041318188090113596 0.021871120146436503 0.18961968806714682 -0.12835415515603096 0.09608213634526 0.17432547063476386 -0.23765566010065448 -0.009280637262192425 0.061461132221256154 0.1747577409379665 -0.15305506940538544 0.13762569986959158 -0.053016544472402886 0.15413136683435996 
-0.1878140914991564 -0.17761887193724196 0.19151816875733754 0.04273442883740618 -0.03209094052224427 -0.13144692228582064 0.060064881575516454 -0.1840551313099311 -0.08979625399844926 -0.06916307944312901 0.04192519017428963 0.0727306297700123 0.1472860411594894 0.17314164090467546 0.06281110885643724 0.032203314144438416 -0.03912934286275608 0.20035695986169144 -0.1367576211922365 0.16974065974556118 -0.07410003203076024 0.026549121194918975 0.07523378108422837 -0.10374956087680183 
-0.13126982119191277 0.007690513072528479 0.16336537458789774 0.08977720550559071 -0.15089179933918703 0.19791733363909342 -0.007862630976395281 0.20379946194537546 0.031283857516405826 -0.1646873748183975 -0.11734480688260604 0.1515235678884908 0.08871510493936138 0.15138637474889824 -0.06692097388223417 0.01087126668473981 0.05989067735577957 0.019397527721443843 -0.10574853060174541 -0.02849431689776294 -0.09910505421296556 0.15360374696117501 0.22117470616284038 -0.17206215127851618 
0.08399627780133463 -0.06653749900355532 0.04899998745387424 -0.0951123452601373 0.05907923419846256 -0.050345309427627154 -0.08052201982907681 0.16329897880850527 0.1757346981120131 0.044325196134656464 -0.1125407770197856 0.17448725225713463 0.09853291357993539 0.09878658580400174 -0.11363939124085615 0.13042383789246206 -0.10230262651909983 0.05143532114923725 0.08272976565474305 0.09531673902518872 -0.042826115125302655 0.10227092389120866 0.1597327372342389 0.03407015897565983 
-0.16242090375491589 -0.08186907027245144 -0.15642270462361757 -0.12926601210625505 -0.14788593929256752 0.06330048868811979 -0.18306685665774178 -0.10171877725123452 0.24888165746290966 0.14865839089021457 0.04113190930746203 0.1311293390933688 -0.18142850991295215 0.11501344550838703 -0.07398787955325394 0.052339304776504406 0.05647140120652429 0.11795057532056233 -0.016106521046477376 0.2728450048155453 -0.0952066235032851 0.11250778279864937 0.1326712908293078 0.19001176531650146 
-0.18581238202000738 0.15581401608716242 0.02551313408611241 -0.0029372583971508243 -0.09467876513882387 -0.06783688213494819 -0.0985665011736601 -0.11062131101253057 0.19081316604787635 0.000928235967863416 -0.16533902654910812 0.06571644055753607 0.07487115497726113 0.05012469194337289 0.0059714139412504665 -0.039024636435187936 0.16405370276320724 -0.18759859989834002 0.1717928546594286 0.2445115488509726 -0.060184445787927615 -0.11254194079409538 0.11263775013847963 -0.1271610942657793 
0.10098832644982704 -0.10073590432797219 -0.0821159213115183 0.21699183800387323 0.15972503604459595 0.021086626135757347 0.15250871009237968 -0.05768218976769171 0.2284991384713658 -0.025808618944199845 -0.080525539740106 -0.1919869131707373 0.22522238429678285 -0.023151783270819477 0.09221118566104763 0.07251559414046271 0.08867596788474782 -0.17832372000181368 0.16664718799407005 0.19485262215850063 0.034405972040292054 0.20374043142631923 -0.1059328586362236 0.03984594624929652 
-0.040391889141273556 0.05001868475494835 -0.07821594506961735 0.1260901958275521 -0.17076083006228726 -0.1820667439739527 -0.17901856712032688 -0.13821490001716613 -0.04082857747857982 0.18095880488800165 -0.15419003064145004 0.05771594546114216 0.010723508183299478 -0.05740213466618895 -0.11905231224417097 -0.11009115022579294 -0.18127850095705128 0.08369274392851188 0.06019743233003504 -0.02187120527325842 0.08598772068109345 -0.15452064644847585 0.17420390367981367 0.13744350693486 
0.06224928864652811 -0.03026186408398591 -0.03250828695165591 -0.0022687638318713383 0.1728129176289524 0.15486217902239682 -0.024168757314822455 0.05396033902251658 0.19346392681265154 0.17478451670926484 0.05441574340661491 0.08655623105398312 -0.06364718659999198 0.13479544237205096 0.1330727759434457 0.020242102440586322 0.14998202115987627 0.10802115355976277 0.12170087863270303 -0.14616891192563328 -0.024566698768443473 0.15948432131482884 0.14115883508303717 -0.03088463360211635 
0.1985986207269341 -0.10075318508901329 -0.06515561603045081 0.22140761961265795 0.12182271108077725 0.14445982407206662 -0.1943620881901626 -0.046954002091168845 -0.09890388698603134 -0.08007979129516674 0.09356905324292847 0.08606736031008318 -0.003087825095705908 -0.10154634571978252 0.03300118200250637 0.013091650723708296 0.012926083998116547 0.045082719256076126 -0.04071164763463996 0.11466847162280656 -0.09787245912767209 0.04863693735838402 0.21822169645660086 -0.1976281410024762 
0.06499364504755915 -0.15311196254745862 0.017017753006115216 0.049582798098932956 -0.1011647490514748 0.15317950947215517 0.07412349277299814 -0.10565598001947551 0.14240260414368056 -0.1563240007892808 0.021478952120063035 -0.19939605224432236 0.061778055276491654 -0.1423687859383766 0.05847112873758464 0.08475075157548885 -0.0157380685681443 0.047964435934488805 0.12365804904271084 0.15587966638229236 0.023160262463064435 -0.029578130272354793 -0.02117843618842048 0.14231899796087016 
0.06202199827677561 -0.12201045133259991 0.025582666432852688 0.20685566471993538 -0.13812040719065588 0.1252532279752011 0.17120489707068517 -0.00042889134867186876 -0.18380817961999849 -0.1394024385717714 0.2147029777218159 -0.22872370710189932 -0.04981317860986942 0.026843115592424763 -0.11955349127073399 0.18532115816148909 -0.20040155850990526 0.015416939198295268 0.046079190508884725 -0.10593742171178087 -0.043350307512971246 -0.0034864009491507478 0.14851663182977112 0.052483150105689186 
-0.012602087265278854 0.06537416200719424 -0.018122943421050017 0.00998075231925919 0.06206456417893481 -0.12586805866229084 0.11354773236885744 0.04012808066720147 0.19108049415751185 -0.10937602131567599 -0.013101682215526848 0.156787715910474 0.039565991493828744 0.0887787058108333 -0.033642988344652916 0.07224693462932331 0.1771753398521684 -0.11825657427781998 0.12128165458968161 0.18669781446281355 -0.19315156232270103 -0.11224409127412723 -0.1515354849211405 0.10530385906218452 
-0.16613687565607052 0.2184172774995487 -0.04308255663830007 0.2393765136852776 -0.1229077717275622 -0.015278203456245802 0.1553507465131892 0.04620680668047493 0.043304533804438126 0.004906093991117002 0.028770849754366685 -0.02996477021906863 -0.13276576384223546 -0.20760539068405626 -0.1379040786287541 -0.17776448229431768 0.025987599538340064 0.11222465429229107 -0.05508431750912584 -0.168525387323344 -0.05210746355234227 0.028330099124801937 -0.030318943562116292 0.12262670166737981 
0.1723261427829964 0.18559411604976456 0.08005381499740169 -0.011532450966893032 0.07160865209268599 -0.1936189878191416 0.23658904401956193 -0.1295269936690977 0.2038083093463879 0.113954690496844 0.11727665912710551 -0.12515515988306836 -0.11728036942698716 -0.06979942403289935 0.13814497610344387 -0.019291992403142083 0.22231447323316852 -0.05762428675336071 0.04662225992624117 0.1713534425695841 0.04112502096228049 -0.18059870551694943 0.006847968705730288 -0.06470450115697163 
-0.007268941169314903 -0.07624983703785809 -0.14956635452241868 0.06590655112120815 0.07107869008291888 0.1251020788462477 -0.14548875060036406 0.15187092153870957 0.16401021902224336 0.03401426522354812 -0.11636031019574844 -0.12445414711001901 -0.01603528266408763 -0.010064074513722794 -0.008756318446448112 -0.012637177045957865 0.11387603958399989 0.141358676140619 0.12504555391485578 0.20268678604582607 0.02217274900803905 0.1872028997987338 0.06514917460257012 0.02703339252047966 
-0.07081835019548914 0.15613607267399682 -0.17797733152956008 -0.14461689675689698 -0.14635044277890263 -0.009226003168014545 -0.12822038222427293 -0.06217720081704481 -0.1263025690183524 -0.10484153296201164 0.2817146460197119 -0.07089181220994964 -0.13796577046000952 -0.06367702439320316 0.2731598192380898 0.08661778920068439 -0.12472683899545403 -0.0848721575604579 0.1030309282195511 -0.10214733776876182 -0.09666514818697415 -0.16497660515200605 0.23693077281613398 -0.020259739176498592 
0.02404087032772768 0.09305756811239356 0.11692517851594005 -0.020412211130656444 -0.12469202576764184 0.1298522447199653 -0.1864802979999434 0.1774481192228556 0.029980856976223238 0.14861919982102165 0.042366525816248946 -0.0976905333000735 -0.08000244946142013 0.012786027804043372 0.1836711012729815 -0.12454443026946076 0.003838285760616369 -0.06113395063019417 0.10622309550357484 0.11947919375901818 -0.02937908462365182 -0.1166804223600261 -0.171852207324549 -0.11887245932346753 
-0.08943118655584775 0.015585876979824198 0.16334349319987054 -0.1471606733373271 0.22674753995822333 0.03733012146406389 0.13655154444238882 0.24438745551589153 -0.007724218476578169 0.01226488233907686 0.0645787709179735 -0.02364785731922249 -0.07881895677556551 -0.15637340518452178 -0.08444913169958956 0.08954323901909585 0.011295716112667472 0.10078192116097662 0.006642048412991407 -0.10549411798598633 0.02845243906540707 -0.07687801589081905 -0.1942013764847538 0.14824135396651306 
-0.03101915974252382 -0.02877452649232994 0.1412425988665571 0.2028806473389915 -0.1696563050873623 -0.12292589068453838 -0.06960704748814311 -0.10549913264065426 0.005623379646101196 0.1281369877488178 0.13999577578720002 0.03702116931636677 -0.11643462285157094 -0.1617053774108153 0.0957179565408589 -0.10345242956457998 0.010775848168950802 0.08802367030590526 -0.10703216060639907 -0.1285540608969976 -0.18293537734944051 -0.1406138866404279 0.1612779761652102 -0.15667562031949267 
-0.10887171382286102 -0.18576639351767052 0.06909810685434253 -0.10565260556205003 -0.033673724433521464 -0.1427026088548037 -0.04795608486268927 -0.029426996703462698 -0.010495417335349292 -0.03005143720104982 -0.15743424021197036 0.10736347928365865 -0.14354604425643877 -0.029483771757333282 -0.08960811236744926 -0.07806692480668806 0.06754074440556593 0.006900811649348436 -0.1223027118441637 -0.011985526647073159 -0.06281166341973367 0.08025135076119674 -0.10789265708910205 0.1363826537848147 
0.010182209783576642 -0.06604746474403368 -0.09688295555365335 -0.12387876544614634 -0.010941102035418905 0.22862376733444587 -0.15740894358045845 -0.08503312735317799 0.06901851478037771 0.13697847728849702 -0.08690285496240792 -0.018379890475536682 -0.06358903067403512 0.08629241654812085 0.08614642770120282 0.1413348069137591 0.14685223234690756 -0.053526558462409786 0.16894263864765974 0.11094769344755152 -0.07553943883195609 -0.06101572933618545 0.10568452915097673 -0.14802794255466462 
0.052160135109634784 -0.06923463715619718 0.1292370251932915 -0.0529542999019993 0.09172598626146503 -0.12739736773179788 -0.007198906419091602 0.11244839191333256 -0.06763705303942524 -0.13374529536179927 0.05827989929182154 0.13423579271517844 -0.08633269554746321 0.0014654711096865648 0.15352674404632194 0.18740043044425148 0.092222211553653 0.03543433884432081 0.12529754830735373 0.17813345034489148 -0.1980539461197326 -0.040091530847437155 0.00636862835830998 0.09194771357148435 
-0.16360777509210223 0.001751494205881918 -0.08655986131775857 -0.02978991444637255 -0.0007834043403820588 0.02923968131010775 0.04106695298144094 0.0411473180595168 0.07805109927043793 -0.027903268542263687 -0.19705014717093328 -0.1758259474803842 -0.07806588610470967 -0.13961338001691231 0.038479107146317325 -0.0017695195697764992 -0.019936860663941132 -0.07020422294959049 0.05996759495327203 -0.12222397805514526 -0.19668237848953235 0.057436484434312596 0.021833811387268382 0.053665471691627865 
-0.10733235514949448 -0.24108202124225017 -0.04760540239821827 0.10867503637280762 -0.15740929075419632 -0.09362633152277536 -0.04672333006661682 0.01939561458527375 0.09098417896880155 -0.10472328084744979 0.042391939025116135 -0.014044431863981787 0.05187210369856852 -0.11587665874415118 0.010839138921350687 -0.13013668097430578 -0.22738821951124108 0.03307749518101671 -0.1246718860100163 0.06392132245492246 0.017905527186775006 0.1489367651091548 -0.06537480381992332 0.24079506756531535 
0.0037168050318009825 -0.0416435915273479 0.09812983651725574 0.05802559781978915 -0.053765357560738844 0.022485422183565987 -0.10602884326030268 -0.0868831004429779 -0.2248272358132716 -0.02280466374623613 -0.07997600065230498 0.02398667083558718 -0.18781754228742398 0.017770810144961603 -0.08124569538914597 0.05979461363929518 0.0930959907073717 -0.04478450132515806 0.06387768229857892 -0.05986120958852862 0.2383453097268248 -0.13232820499519568 0.18148555051037063 -0.1662055196448289 
-0.0009439776658122909 0.07318734206838501 0.10497106998370491 0.07081950486588161 -0.03551673731306099 0.17562751347246838 0.08620287706433984 -0.07400266683077625 -0.07880382767442819 -0.17227880762050182 -0.06686625080763783 0.07773836826973266 0.08895936307246889 -0.09517856767866428 0.056751775315534034 0.11117570347425738 0.08713901373911491 -0.18697340632523937 -0.13970620479581825 -0.1458863182429512 -0.13015692152116026 0.13824480490327815 0.12263321421225669 0.05165721984121413 
0.01677477141881959 0.07967196322154232 -0.07760141698065677 -0.05208417766048536 0.029183301365394872 0.14366228543750856 -0.11769171857110723 -0.0985046842900981 0.08564630164334167 -0.062266706592433205 -0.17974225402983904 -0.13034153397305842 -0.12078872848226357 0.020847014362593164 0.04646175189292138 0.1910496388036146 0.17859123984462272 -0.07562693686383506 0.09969982247063523 -0.09162220753527142 -0.051357489117020184 -0.08135341329921077 -0.05468335809160799 -0.11244162111248225 
-0.01652167904992234 -0.2150227222750554 0.15866735961403355 -0.046885874775043 0.17707789046703173 0.1825879598627913 -0.11187613305586648 0.02860357113064238 -0.008781907091673502 -0.0791710415440913 -0.021696877471963142 0.1555905996211548 -0.11427593219933978 -0.13712879131072628 -0.12289638991657084 0.1936707065888935 0.18262576400914557 -0.0035930097586710555 -0.14531718466900626 0.05469873465743856 0.08905942803241651 0.16679474463672722 0.10105529426728121 0.2514701028517771 
0.12717695364147547 0.0666798055706113 0.07346445878838018 0.08380904486409872 0.1346810533596977 0.28005452237900663 0.11317638262745838 -0.11937650000968439 -0.26142328377410956 0.22355132099858793 0.019271314363736188 0.10215501315438456 0.051298690623494965 -0.1408546045165861 0.13932832742444726 -0.13315975663629667 0.14245368431400726 0.07168112041657654 0.04695922053432298 -0.048882381131418004 -0.01418493536058348 0.06901664049981243 0.09791519223046762 0.10106684820341914 
0.0472474751528738 0.060249035699124806 0.18775353939102715 0.0953721227814633 -0.056747251021752376 -0.012767540424818586 0.016561351449715874 0.07480097081625407 -0.029600183314016964 -0.23018432145795334 -0.06132148197840079 -0.12224734563839869 0.22493593258533684 -0.1593717057799797 0.04936345568382368 -0.016141129521383975 -0.1058918273555635 -0.2382982081986228 0.09629305214930389 -0.060205951640864924 -0.08951667516473338 -0.13251044284730157 0.14991333048733504 -0.1873546763161273 
0.019397135887610214 -0.19280496858633536 0.19217967620438592 0.062312195641060074 -0.052463385988998114 -0.13970598315027727 0.06937741990043386 0.2005163263569388 -0.060172223068239584 0.10493196961020543 -0.08342974324342188 0.1825370305611335 0.11144658131418494 0.03576548463545998 0.16290501527117074 -0.12359721904811352 0.16900190271908377 0.06978137966102535 0.10687701522366538 0.05433509972660737 0.13196864137716305 0.06766170582199525 -0.13976199316051668 0.03387258643168972 
-0.16456058817880087 -0.04893912169715155 -0.27476928500301145 -0.16398498555291385 -0.3289126473554465 0.3332358393736471 0.038476551218609725 -0.06263667584585186 -0.3242464511837373 -0.04055724963326063 -0.031499017033483796 0.36999337831974827 -0.15381931422098463 0.04372163604562305 0.11092928816181821 -0.21341764045661943 0.019019227537622967 0.17359240785890248 
-0.2635704925149858 0.07082529307137427 -0.37404275752537597 -0.36083891210365904 -0.3018246829304403 -0.012310180994574007 0.3498312889476606 -0.0735832888903518 -0.3162806348429848 0.2565497955015167 0.012773189519849137 -0.15178382014599665 0.3410078749164091 0.3513924589416242 -0.16218576784812574 -0.2027060253576212 0.0696850432818854 0.27382249907311945 
-0.17832074132503115 0.057618021238488824 -0.24242441407233475 -0.20742277056190783 0.17691119547878506 -0.23838184935350504 -0.23081715872219058 0.13475246885203174 -0.33314063149546796 -0.2820992036780753 -0.14327761513799744 -0.05499036156135262 -0.04870709378204884 0.1585061152344687 -0.31840419054152774 -0.09490192260879166 0.09264408669273749 -0.3384930787994955 
0.23184430442602513 0.09759099399864446 -0.28805445626584486 -0.21020425025971667 0.16598657203778733 -0.06445899538677761 -0.04131643174300552 0.26466407728450114 -0.24721334406482565 0.3922179622099194 -0.31371962308781226 -0.2730515398666579 -0.1747233028651898 0.18860560018611633 -0.029288102980327985 0.10281606152963785 -0.22150974583832103 -0.28925997323123 
-0.015181978935378737 0.16240104710647066 -0.01843649581996482 0.25214353788467253 0.10768932162861238 -0.16971714917257752 -0.21963086254990508 -0.06090344778125684 0.18591264499545623 0.3277890276114502 0.2671693062444079 -0.18656680769632944 -0.025830655255740968 0.06175935625727252 0.031094024914829384 -0.07399136752886232 -0.2724129441360812 0.14179565099047986 
-0.3825597341096785 0.24967253341794737 0.28623016054042044 0.1718773202605163 -0.008979838349601161 0.13414177805327623 -0.13906893881664556 0.25142683615522216 0.20527298885711437 -0.22124187711313592 -0.13618151405582257 -0.08426226068774156 -0.026393174192084725 0.01831334551910388 -0.3143833513285546 0.10738821513533435 -0.23248912300608443 -0.10785561672278889 
-0.03913386404359364 -0.10147096370938054 -0.17417588500691433 -0.2234632708741066 -0.29577683090779927 0.03404607671724497 0.10233711312489456 -0.21782422383023542 -0.2058819685272397 -0.14304707406606515 0.2288512946134487 -0.2686877874448106 0.0706706291266551 0.03606236691258841 -0.10508076575205454 -0.10018575941781069 0.347673599603456 0.019930872920208332 
0.16001405809157432 -0.006122185642920608 0.060092456668187626 0.05309091376820292 -0.2418176343242215 -0.11103226148483775 -0.01151072302874586 -0.3027072907968941 -0.08151903664431727 -0.2311078402790459 0.24808551338900053 -0.15233512853549824 -0.2395373537198987 -0.038768269204863585 0.12314040040446037 -0.29753983080786833 -0.22781384858391548 0.17847248848197905 
0.193521648567403 0.07874167870912203 0.23005442642795418 -0.23988000612514984 0.13715684274176052 0.28551485274307403 -0.24113016601654644 -0.1497616993042197 0.034630554628039247 -0.12349714229227775 0.1358433492055649 -0.3407909740453194 -0.22407829298783952 0.18025169150738474 0.3230567347655036 0.2941466725890952 0.30306989890261243 -0.2758324096376717 
-0.3312451887975682 -0.2928712538998505 0.017390425539097677 0.30824785384298664 0.021072564596288444 0.1910011639239399 -0.29838445366625904 0.24837734115286628 -0.2124007249310019 -0.2732729542095912 -0.05229600009695304 0.10486794257974845 0.4187524779442328 -0.37170268399589246 -0.15262291414500342 -0.269830223198086 -0.06526385337160195 -0.2243422148946161 
0.05792913648493406 -0.10179061331010592 0.3103550889355308 0.22501163289287554 0.24613447157902132 -0.2527619865023877 0.07738549086287107 -0.16235587476928845 0.26078944570403084 -0.3940615709984631 -0.269383910958549 -0.14015472456641923 -0.08926519496864335 -0.11991485243096874 -0.27616833565552856 -0.26029312574197255 -0.13491294494215944 0.3870983961600633 
-0.23487935301157833 0.16721473798013545 -0.19086394986654942 -0.33293875398858525 -0.332460882266817 -0.23656358663621727 -0.07018576191050602 0.205955289265128 0.16148241104320554 -0.08644312494590972 -0.013770296969346778 0.2578085482089426 0.31747474150333227 -0.14916535466956127 -0.3407854588136636 -0.3106904799628425 0.17956398591472666 -0.20020139794643466 
0.016948828203012523 -0.20920162929107214 0.16586976371210263 0.006891064834062703 0.01799330440827908 -0.14289775923536302 0.010164690792595287 -0.4003670488795386 -0.15287352490110004 -0.14839128820841838 -0.14573114100039644 -0.3403856698083873 -0.03104553616690485 0.25195485172253995 0.30332094206377164 -0.0017905048648939436 0.05723030115363135 -0.1297721305546326 
-0.2715900224225611 -0.25110534487201513 0.1389881239511879 0.19414243032331402 -0.21801236864473073 -0.05762487922924586 0.06182507841254259 -0.28501193990820034 0.21628803011683645 0.11839204716130185 0.08172236717050234 0.19259700593276394 0.4334131724639929 0.03678404386999771 0.2485122014622794 -0.054164649195967064 0.1171069836121113 0.2844111776151798 
0.1602329315340643 -0.13261669852585548 0.07583599333281928 -0.09970919273636697 -0.11943129323893403 0.07364018769005404 -0.2090206923638196 -0.01551947518833987 0.30545696923619187 -0.12776876689833752 -0.2113325634784464 -0.07363672197803087 0.21427088302995445 0.29856445954390237 0.2229877327791392 -0.3356922098969667 -0.15735277542606935 0.41625189786088046 
-0.3024408454319433 -0.006552832795720779 0.19446347980758935 -0.2566468514508532 0.10904951145781525 -0.007883028957927059 -0.28561337349717447 0.2838228448071664 -0.2334905802991664 0.13757073930076924 0.17158246051887915 0.08248141158460838 0.11321342197486979 -0.300115467653754 -0.12922465685019874 0.05797630175810812 -0.08771940130844391 0.08889025213067842 
0.23238402181256126 -0.21045786164062671 0.2883842258051656 -0.0631908231210809 0.3036909228072578 0.07849016117553682 0.15219748843173633 0.033822919015153496 0.017857000485039725 -0.07337304249042932 -0.25285719988157535 -0.03128888051469262 -0.1520071338531536 -0.4048233461312734 -0.15195705954891214 -0.21716000093606752 0.28944844537443964 -0.38349242289913593 
-0.23982987653779583 0.13748781544136865 0.29881115470068964 -0.16066849845417203 -0.3287563811543129 0.315927572157834 0.06593237862017315 -0.1067093839178181 -0.026702138512108373 0.1396901338672674 -0.084410394769617 0.3393966625687196 0.24395646700784504 0.28190744006232055 -0.09988101592099134 0.29950574965629717 -0.018931431175303923 0.028279534795923426 
0.15298248731023115 0.21015235738930702 -0.06927710876828615 -0.03457864901117468 0.2156676881652958 0.14676648792870065 0.2969699882397424 0.32939075505926385 -0.21831598604927502 -0.17798703835691637 0.14568812328698652 0.17801999654648562 0.0668764732302514 0.25187557357267476 -0.16771740204258248 -0.10775787183330043 -0.003537653663431791 -0.13448983829664932 
0.06418393347270461 0.12274004909622412 -0.20231286180448657 -0.0030408983092471468 0.3388400535934982 -0.11820624475847212 -0.4457823877162339 0.2208001485973954 0.002184785061288179 -0.3569890670259807 0.2796371078397051 -0.09291931418270456 0.27859588019016124 -0.05572699338427606 -0.28966274559496563 -0.1723306498529185 -0.10051879157757924 0.21230311081516356 
-0.28508503726926654 -0.04593478010320559 0.27336242716999326 0.030965498850978296 -0.27119798367760856 -0.3264836338766679 0.09701129896990136 0.376440939264275 0.20345583084691132 0.21118262729820791 0.11793926037698789 0.2661321494037978 -0.26856716144915205 -0.18131050129584866 0.13157494849837306 0.2503088820172185 0.14403179048917408 -0.2816943880239454 
0.33069304050184534 0.27577692246433594 -0.3239031468221505 -0.2221418543023164 -0.15174661241374596 0.1611052876877593 0.2182611754227733 0.06375420383343591 -0.2119858513834512 -0.06023373626144836 -0.265238284169404 0.3299909082544826 0.22770951649036175 0.02418410938023395 -0.030820797566394862 -0.2749211306358166 -0.12195208788656108 -0.3068412641300005 
0.2430524646989938 0.029792645827634426 -0.23943878078195838 -0.1929391666723358 -0.1619246230766733 -0.12865290662024845 -0.1206547397894808 -0.16429545636487333 0.12479835115637246 -0.3483813177466102 -0.11551173042350699 0.18712443998581968 0.35141179388113164 0.23518592181169712 -0.1754189226385614 -0.18088252178967992 -0.22778957054177362 0.288987100595081 
-0.24249832961617546 0.17473336279752671 -0.16375178005894517 -0.33113040310184516 0.15768854370141955 0.15270533466985123 -0.4068864101712616 -0.16266270043635045 0.33149954165530976 -0.2279836167478046 -0.2827548394729412 0.09951461530470926 0.33920933434661016 -0.29480001939560624 0.008606787096671857 0.12377940590333181 -0.2232430994995382 -0.3974679620834209 
0.340227528618152 0.06376677488033512 -0.3118293396585352 -0.31556155390657653 0.09455344949816742 -0.24692963170576218 -0.202804389323039 -0.29852707201985906 -0.2256087840212738 -0.004218659730836628 0.007600596381470054 0.008915762387701554 0.4659323592747232 
-0.29526475291174736 0.20240592757624143 0.23282156025508383 0.06594671499109502 -0.02878441433234257 0.3141201516597782 0.26079972680642133 -0.36038884526604514 0.37133538933363197 -0.39585055777544603 0.05674037719814365 0.05619157904546122 0.2658501432212761 
-0.11076701626900258 -0.34105508577390253 0.028102866176632702 -0.4142965818511555 -0.12373850190745714 0.4301833794022874 0.34087997373757706 -0.30119236907849406 0.2897997394025401 0.17837185992157356 0.34268467890012383 -0.21812357660980136 -0.04441770441785469 
0.2744059507584937 0.13114707845410756 0.07305560729073836 0.12063899764107619 -0.20793932866835776 -0.425863241906271 0.18405703515212277 -0.16564767290709673 -0.10309225896378857 0.110770154304623 0.12305307648725324 -0.2355347551650456 0.2955640656681461 
-0.09343019451902586 0.10288143076093802 0.37416388894655106 0.05021556205004033 -0.11028579818706272 0.09277989431771526 0.0013787774610842438 -0.03683636968114243 0.1831445069226308 0.3396439946396046 -0.01597883456953191 -0.32917348240003463 0.05401934503516138 
-0.20150127374035912 -0.3692220384591306 0.2282674730528285 -0.17909151467353054 0.21930100678051584 -0.009078601332888448 -0.14289620210782208 -0.14601993249662792 -0.3672038347060924 0.026563972411149443 0.25703124156302964 -0.3327346239479473 -0.31249246748349224 
0.08702013858851777 0.11802710580698943 0.13188480313720055 -0.2009097072981933 -0.3720056409852581 -0.11172184538495038 -0.2566267743251321 -0.47891896710579807 0.19742320115328732 0.4432843810447645 -0.08479317833616054 -0.15700054052847026 0.0836837343030693 
0.2634969772028073 0.2338074482258355 0.11691198349219464 -0.03621609782937343 0.1466448834001096 -0.22612613443355517 -0.14843290877108753 0.2671694608425081 0.37482353884336206 -0.31868271005482446 -0.16039303859989637 -0.3967848772707247 -0.11004401688991966 
-0.2367618133748368 0.10446289643799875 0.1608936373371781 -0.31710629270354357 -0.3493822800435783 0.3465827402884944 -0.09670617767311243 0.026975842912170644 0.3881454746745808 0.20461963212071066 -0.13682728440522768 -0.33112923094402813 0.024824724781112584 
-0.14086126148064945 -0.4195648755151988 0.19287302483406474 -0.06232259504202192 0.024365169098025496 0.2637958216091819 0.4499769588085494 0.14259359256094295 -0.14932278347629033 -0.3522240372615849 -0.3409359210554524 -0.14149500513357713 0.10200429296274152 
0.15335867353391494 -0.23980842677587355 -0.3336380459346199 -0.13638100378015072 0.01680085078393815 0.23465797580017167 0.04037368367278234 -0.15171331447578 0.09689659017595492 -0.21016754394661832 0.11949783737624223 0.27197964431827903 0.09051923417769865 
0.07042203920325389 -0.17845698297969603 0.28199690138143524 0.47996142404165065 0.19588480427758181 0.11456094977316209 -0.2503225871834845 -0.10387004225684845 -0.12096454575222224 -0.20846734178635806 -0.04183768137795801 0.08619993731837729 -0.30474928526600886 
-0.21433872698356435 -0.3509096027157416 -0.20235132705342482 0.024743853584032135 -0.03566407118813766 0.4628361219191221 0.4757905909996341 -0.01871016824299689 0.4286269802514145 -0.25414226305649384 0.03178086197370299 -0.03601249356401885 0.3837255630474691 
0.2912364344568613 -0.25660046659185226 -0.04683878523228806 -0.3089551149318078 0.04160463645301529 0.24076440040437133 -0.38161442878995855 -0.30072103613996926 0.4559588389754909 0.4259846807494849 0.043820866555583426 0.11425428757122606 -0.18298625272575156 
0.3623521929904732 0.13309211079330308 0.1307282267101192 -0.3927383925451662 0.2810153071099249 0.22031752047916722 0.14518054076225564 0.18999673562474187 -0.27322727466564256 0.17229609922135172 -0.3221222761099222 0.1628076742863272 -0.3997451995391123 
0.2186011188059008 -0.006497709477122265 -0.23432746789499137 0.18071177084370305 -0.14471867580959147 0.30624510289363577 -0.2539510357145989 0.35119706729202366 0.37774535556831246 -0.15364891315856213 0.28879018659299177 0.2722089241054467 -0.05850542466731334 
-0.09360882582790352 -0.17259057619649656 0.39632751988656456 -0.2399350749560646 0.3824585664725681 -0.08907844620437987 0.34783295711875317 0.25060949170087904 -0.2891228703126652 0.09115149569468661 0.13606430291309315 -0.0732469489686514 -0.40503814145093414 
-0.15651914847177964 0.26895406919125847 -0.350065327408622 -0.3391085715812884 0.16862822960053983 0.02030686735203644 0.042649565142155586 -0.10780966622633256 0.1127812654483288 0.3239803787261456 -0.17575186104976961 0.27431538057451277 -0.08120260888465744 
0.25197662949032995 
0.005176216740804472 
0.4443961537211956 
0.6765809107396743 
-0.01548374765297421 
0.3788263374054052 
0.07426480480942046 
0.30536291093211343 
-0.36107500307228046 
-0.5455065493790945 
0.5792946626208479 
0.37607520405762507 
-0.2707752494759383 
