98 24 18 13 1
-0.025686814428987736 0.0723726436425497 -0.2158232624131279 -0.12379095201855617 -0.13426574255567175 -0.18527725593528158 -0.11880982106198282 -0.03353616617641914 -0.07602469649403858 -0.003599003795776014 -0.03576034883646511 0.10446456039965131 -0.18235060691885527 0.18640847104619704 -0.21761915783359168 0.1028108263229403 -0.0634736907788694 0.018860103674958297 -0.14307137081287796 -0.1573724229976488 0.1638802029401085 0.26165081785913424 -0.07398317003410852 0.18419684967268193 
0.20599368640108043 0.1251843176881967 -0.08623484223716943 -0.26582635858661374 -0.09225754315027339 0.2251047623382486 -0.2569651053891997 -0.10606978570053448 0.1437670424027056 0.036430075744457176 0.09533212451917257 -0.02888736067530552 0.05728924919536358 0.20703579365880762 -0.24452512537451787 0.16336240371251018 0.2527346408759175 0.10877648091875348 -0.09587581062764745 0.10506290381566866 -0.13647099598425358 0.010051220782610963 0.14681406504528047 -0.0065690991281527784 
-0.10144477091626614 -0.17552481422112196 -0.19289956993206311 0.06785248914083965 -0.11703226246820975 -0.06466168648833882 -0.1000764528529249 -0.24298546796383347 0.0474712480725687 -0.11159081266330759 0.08752729146049482 0.10518183786395965 -0.2184883299961734 -0.021393489619255635 0.04922725883518713 -0.004616340438560209 -0.24779041073793637 0.06216684047964388 0.05736311823010855 -0.01523963579185709 0.21438407571880808 0.010259692071143524 0.20459312765566323 -0.10833551806101413 
-0.07594409761732354 0.05053306710225057 -0.04209212278917844 -0.25692791895975287 0.18387663359240033 0.03745441163663912 0.042175328009071165 0.06900848373410591 0.08053821424652825 0.12562059591880728 0.06702825926497302 0.029825143867950217 -0.19149186614240662 0.2760033189896688 -0.06818059691450903 0.3064009131342291 0.09227187411549684 0.10744853319305717 -0.1634399719763667 0.17364121130059115 0.0843349487819336 0.11078279804787937 -0.08604073476206676 -0.024802011848856303 
0.17815024612443583 0.03378506360433516 -0.1890965262565049 0.05978456281295513 -0.09072473391229195 0.02119265470128711 0.16849492024197918 -0.038439171219824264 0.19791409360194048 0.08915072872145689 -0.20512136756314123 0.17818697893192714 0.09543356581168207 0.20387229140409455 -0.12109927157435922 -0.1602727910463721 0.18205866591461586 0.08119942422045293 -0.18350114644593596 0.1396079480008354 0.12478231185276223 0.264942759834402 0.09381364509370424 -0.12096764403780486 
-0.09366747427382237 -0.31009763672803314 -0.17057927771360074 -0.200827312978578 0.15106936428238418 0.15408549821575537 -0.06404407833029847 0.102071949058898 -0.28359775381112595 -0.020253551411158276 -0.061050539569848336 0.32741534186552623 -0.0796871862132014 -0.09680156987946636 0.09974379402835103 0.002302158811847342 0.18474200800467855 0.05054619552348846 0.13742509730979702 0.09936799963485486 0.16846912561390967 -0.0418177482740315 -0.2796073644261981 -0.09952402040328907 
-0.12550743863816496 -0.24248979880366875 -0.12730457669134865 0.034989236906381276 0.06352647256993366 -0.10803314570384305 -0.24903432944977852 0.25047113167810264 -0.015370939816807311 -0.17505670592936146 -0.198733565017494 0.1589673538340353 -0.14724609944889247 0.07315830475572499 0.20507518803260968 0.20915743301469422 -0.09517584116191229 0.03457382371200893 0.04718184764360717 0.17920973321226227 -0.10959226336949213 -0.15039973371323861 -0.27553659487081644 0.036903898297098774 
0.10284427016193338 -0.06504968945046631 -0.07206958943648473 0.16684296585250855 0.015202525039845552 -0.06661162748285428 -0.07036708966406423 0.0920183935952023 -0.007133844521947546 -0.020430263098743094 -0.17306171748157365 -0.02139211000888345 -0.030905915930076102 -0.11462003702324086 0.10007846965132587 -0.16442035220789233 -0.026924675104495435 0.12511306822584403 -0.12168429560110931 0.04455753234851385 0.055377477703440536 0.2973587771665673 -0.1447052213944358 -0.136110585928764 
0.0929963523744975 0.08063667182483542 0.22102101272362387 0.17806958482080154 -0.1943645916806326 -0.06730575989180623 -0.0009297472926376944 0.15429089559829703 0.17610651035130398 0.022205725045014037 0.11144843983520301 0.1055285465792658 -0.03310320549927284 0.02037119780759711 0.04099367148961693 0.06210344666010653 0.21577168097940594 0.21995172662043477 -0.0413153534580211 0.14542782791859715 -0.13722773067544725 -0.16945118515028007 -0.1574359647432993 0.027882560726048475 
-0.19128045179229927 0.20638969970143067 0.12995934052272715 -0.19392981177442076 -0.12862489622074444 -0.06621924573174298 -0.1468657905953247 0.10816082751374397 -0.052351188262274036 0.18768425442825115 0.022248314999970632 0.15212728695426114 0.1683322526456347 0.15939828240918463 -0.01571039389243875 0.0033653845554655207 0.11905406265745715 -0.08468860141431342 -0.0038097980213901133 0.06361321807489131 -0.19372033768469502 0.029856157727010068 -0.012425504569675774 0.11991333359891299 
-0.12638060229032697 0.17957168157494274 0.03055323552829664 -0.13249335761366057 0.08130080776275979 -0.0005972361083081987 -0.21240323829714797 -0.0008417833231279926 0.11958076047396352 0.17129167149566676 -0.1842155205015369 0.1684398459351357 -0.1127689027766524 0.15455968053904062 0.028300138435660198 0.09911356294818688 -0.014236663446772492 0.12900733154072686 -0.09261923094497213 0.05684849479024513 0.09433734829131915 0.19765940041275135 0.1706269530697303 0.16386191892643706 
0.11021807752553563 -0.03123920335019714 0.0698793891681856 -0.038009756813389445 -0.018529053455413887 -0.08462364930455643 0.008023060687538075 -0.035420938485590796 0.09283439949320803 -0.0974128359668717 0.2637316443755754 0.04054319220406986 -0.17530645638130254 -0.06527829146501492 -0.07621795359505776 0.10515861961473613 0.05989008694916472 0.15918033944163443 0.06414520544551502 -0.06721580601467254 -0.135228878746216 0.10729916765984973 0.07616506621139928 0.1582206650679765 
0.11365716145904706 0.06526330839300817 -0.017895186787488155 0.08194244238842702 0.04341658088485194 -0.09808257315675063 -0.1150213294965791 -0.26723209095960243 -0.11872617975727102 -0.14201896234942404 0.2586381749187189 -0.0975430947083213 0.18238236302245886 0.1941822539258326 0.0743701758867251 0.07669288227729114 -0.1072020250799895 0.03517219932751869 -0.06100946158185744 -0.18690578622819584 0.15375682343123534 0.01485734202730601 0.16185659341028139 0.2760920113699307 
-0.059427488820492445 -0.2656341326360967 -0.11373186997189413 -0.02621472735246564 0.0792889714327457 -0.1988357920377282 -0.17752332838792378 0.1736022284937763 -0.1579890809662694 0.0922271676561357 -0.10552164803001231 -0.1524897197607305 0.005123068658708943 0.016017796680598585 -0.14819581994546446 0.10365941981769664 0.03705170623613426 0.07567484908167309 -0.14139174339536129 0.07422699936743415 -0.04887625222162125 0.09750732484772506 0.060897039932687025 -0.1584923925914968 
-0.09323329701660843 0.09423337352095768 0.17899604801133548 -0.010293604189581711 0.1896148783209657 0.21319796950630046 0.03891658775033604 0.14057648549280738 -0.17146217387183374 0.187526955053757 0.008417169916279865 0.06879896095411413 0.0912347555204035 -0.23014773499749078 0.107088120899949 0.1255454163563647 -0.03785946488884419 -0.060214419209889444 0.05207255890666447 -0.08043081293816298 0.1236726783592694 -0.073830593296082 0.09414552489965995 0.25925253564416706 
-0.15372953266808798 -0.1217082280795963 0.1604236952621947 -0.018523241714338445 0.19598404559816454 -0.0057291418048971 0.2998125751186752 -0.04694315857593947 -0.007890538383352092 -0.12276838168946237 0.013703632025306202 -0.24441297486986718 -0.23552055668287825 0.09758321600128547 -0.18766805132097467 -0.07370021219470929 0.05784831319964075 0.09169226198548129 0.07537787299486445 -0.2013854848585291 0.008188166753205535 0.11123779141164943 0.25642352216411035 -0.07934819788345747 
-0.11485432353124943 -0.07357775593807346 0.0990436451876475 -0.016850757324765108 -0.1768814370130835 -0.04260549043072293 -0.12372419505095622 0.16862388943000703 -0.0927350130899708 -0.18880496595863092 0.036696897083381974 0.1154833480723445 -0.00509879139692909 0.07537767076094232 0.004355451852587431 -0.020846162947780765 0.20590799265549753 0.0845665482876599 -0.18688542897467203 0.09735503037902472 -0.01717689489989731 0.19713780690209787 -0.11043082494297175 -0.09214111270424773 
-0.1993175194870572 -0.07753186220472807 -0.1583724934666924 0.0039059225401332186 0.16448913324750455 0.15305266702037068 0.13307136024616936 -0.10022057519583848 0.12384210110533911 -0.05385056079102931 0.13375925789010817 0.09735858876750421 -0.17873652702956938 -0.13935725987175684 -0.2225403610067046 -0.14465613111704587 -0.04254221517867835 -0.18992508392948557 -0.19789563233018748 0.09823644777981402 -0.007688661792004928 0.12131944241050041 -0.04193460136602814 0.050650072507834085 
0.018789344716381745 -0.07346788812761236 0.12351183046979247 -0.06251373146578498 0.22364954168957793 -0.10029725336813836 0.06409218278759263 -0.1930086910414529 -0.02133195817809804 -0.16645734818291139 -0.05826025024583274 -0.14092669215528278 0.16775884414162112 0.25721754537460667 0.11614416660463049 0.2649494517178359 -0.1810763271063835 -0.11662473392718938 -0.12401960456531815 0.04359842867810487 0.24941345551724425 0.28990792552322936 0.014776530806519517 0.12868320124010604 
0.15193534252444027 -0.03037499039196234 -0.08025416339469832 -0.1063701213562426 -0.22464704371314836 0.1502619566240226 -0.1822631892880324 -0.16145657162461896 0.08251337314919428 -0.08421464086618273 0.22587519320384003 -0.06196081786805782 0.062225005729288095 -0.011783506520347617 0.14781042867301875 0.02578155071864086 -0.04882700775632156 0.05267348238796841 0.16970840674908763 -0.20924624250507998 0.13816250334916952 0.19376217992723893 -0.13945040770844583 0.03473130221080377 
-0.08523840511296937 0.11066175042729877 -0.017611583619578524 0.024241638102179178 -0.08401305868035051 0.025967431767288 -0.10929468556646058 -0.24007469986567698 0.017367675616262672 -0.026585303505746522 -0.001985833806790415 0.21629868094451565 -0.08534732915238712 -0.1054225657361167 -0.07072398614552436 0.23189696705023763 0.22947190833894945 0.13435581285878145 0.16299188882899115 -0.1605789584777832 -0.1477541978374082 -0.07311354626116318 -0.08283676403570364 -0.16965586348975475 
0.1781575617699219 -0.03005214283358003 0.17240738040429826 -0.1334416369586569 0.05941548516157452 -0.16255916679133317 -0.014801004145145439 0.0231534151664526 -0.12011619150533269 -0.1835548519435243 -0.006672130324158331 -0.07290300270264509 -0.06694682838533841 -0.21213670106485574 0.02636948989499692 0.1468158782113711 0.14020409318651533 -0.013418422841710232 0.1902683084354532 0.21854707805653012 -0.021354994346658593 -0.14255694972980532 -0.29367082579610226 -0.16615707140959526 
0.02209618126279642 -0.13259507671080709 0.15917240002754265 -0.1903989819796157 0.23660658271804916 0.08487347765569599 0.10096024079507822 0.06387533819395204 0.07572707013659834 0.007769982874099232 -0.22407572319199245 -0.06256385174207034 0.007649532464613864 0.09940946513223539 -0.012278515293619159 -0.0045777886752096 -0.10693436027803925 -0.22421818537122465 0.10229164470283875 -0.062066717784295296 0.23305311403944054 -0.17310765533888772 -0.0835000257264972 0.016921755929893152 
0.11645892846009462 0.054186088524548405 -0.14936212195493345 -0.04661568729053957 0.0017659446178113789 0.07095848615467439 0.061332746326722705 -0.1703396727682133 -0.21733581075396968 -0.02721559792943163 0.07606077458043484 -0.23391695824608902 0.13565328671191343 0.08620829675108478 -0.01988650039400282 0.16385844592320886 0.0035424621510010976 -0.22799700629179162 -0.006088870556243899 0.11450667067083124 0.13765765165122273 0.04830922695697513 0.09153678563080891 0.04264378424953971 
-0.10476698837736072 0.032263585166568076 0.1453154003810262 -0.06439506369076203 0.1298983999695841 -0.148212070978098 0.04631029187478585 -0.14335507193618877 0.057555188269118256 -0.028348940461362205 0.13025503972595645 -0.02744771501874433 -0.06530019179767393 0.15456836438460078 -0.07554362449895229 0.12181428590143852 0.17054480344763223 -0.1104452919996969 -0.1133708219572337 -0.11154691567105071 -0.1422104524212781 0.029302270187581664 -0.14488193696851778 -0.15534474069735127 
0.05390903280134922 0.16496949607235226 -0.16730139640288413 -0.10630939262593468 -0.11597724961814461 0.11800267083541344 0.13971722193616076 0.05302372885905539 -0.08714644449945742 0.11429429889727696 -0.02536895302414769 0.15779876535114948 0.12086573032682044 -0.04530834572879642 -0.1488010230930636 0.17870004651275828 -0.10148885717372631 -0.17814852929069605 -0.026992468093267174 -0.05308434665846584 -0.14422961124828187 0.12927755981235098 -0.12357142962091835 0.05666951883392758 
0.1471432100007539 -0.2167641804535421 0.03966745951581849 0.0965656703168732 0.04651556301051196 0.022864725385285726 -0.12295546161439228 0.16305074007685005 0.21296650472699435 -0.15028925689935213 0.07920799553101439 -0.21840911500867294 0.13893322835824917 -0.16158924536621946 -0.04122790309621279 -0.10411746549899828 -0.14575757456876012 0.14165976877493136 -0.05109870338063344 -0.004278573478406519 0.022245541118846506 -0.09131653863632846 -0.26920564363198213 -0.16906232521110748 
0.020120347581889478 -0.12255562521956279 -0.04686387087071951 -0.17010717225890398 0.06488375552767374 -0.15236401905332556 0.16292684869890933 -0.15552380473158026 0.02343896346354948 -0.18179241725526035 0.12558940262080742 -0.14071228961087898 -0.051239487022227984 0.11481872921590444 -0.13921714769020077 0.019704436972945376 -0.09201307722132444 0.05774664499212665 0.08813785264036605 -0.18713614111345317 0.19380825252473458 -0.21829221104884733 0.13437202938161935 0.0151925439690095 
-0.11141151179795711 0.11418803698776106 0.03139095858447591 0.1803859513014305 -0.07959392112902805 -0.1538049594118631 0.12136876453853293 0.2056791134819367 0.05352565853686667 0.02592699304612257 0.1383463721985029 0.16638392018501802 -0.1157357390948558 0.13275052566528603 0.07081413080886294 0.08581130235273701 -0.02457208045858513 0.07791552514841296 -0.19878104560913354 0.0797254036501526 0.1316239099121289 -0.15000425389672484 -0.2111093414509701 -0.18918557620953566 
-0.08732172748194393 0.11460429730658908 0.01690641531479252 -0.11728660017129738 -0.14389236236935624 -0.13592637674511113 -0.04183407978647662 -0.06937204079082496 -0.07836085187997534 0.005911906073978006 0.07612178979474785 0.01734986297763917 -0.06245972959691569 0.07664874234368929 -0.11041102295625667 0.0023484079043440053 -0.01019951750884956 0.1459716215124028 0.1502449964610883 -0.03994311198343572 0.1567578140497093 0.053438472777928514 0.02432733245257229 -0.1465245847344603 
0.025994128868327665 0.12948711350775136 0.0329866156240467 0.08163489321088511 -0.012289637368411703 0.0540754089006459 0.10133732738214714 -0.18283655193859824 0.02613299547789628 0.245048880453071 -0.005203680551702696 -0.12171645740317967 0.1826129265064942 -0.08703349238604645 0.07927865747858363 0.06844363599332909 0.11736375396513173 0.12099364465165553 0.1343386361055007 -0.19681667414005544 0.247723107039606 -0.10049611286349663 -0.040908488727682574 0.1763594901247546 
-0.19640666438621396 0.1695054233654954 0.13570800893658677 -0.021800619880450366 -0.09667384557245129 0.1616002833904538 -0.03331538713358386 -0.08550198804312356 0.23600417671947885 0.15680460407239094 -0.0033046592314321505 0.11899881234170794 -0.0812111176767046 0.026819939035153933 -0.04965443333545252 -0.036408093675117714 -0.10522334680715029 0.22128394619652472 -0.08129669681532921 -0.18396685306741656 -0.15783967859192824 -0.17500740317442942 0.02484369139584435 0.05003462646740017 
0.1895232794468852 -0.04165940562122875 0.11575486865228779 0.07766331869122939 0.14852946888334023 -0.02831648265205571 0.0016795228898203412 -0.11226159613772854 -0.04056374601443463 -0.20968742129322598 -0.035879933346850655 -0.11906662323409627 -0.09774487410499887 0.16843124213315297 -0.07089224593003697 0.16282468537175024 0.02996902826867421 -0.039933771670876334 0.14221159819902693 0.13016339261240323 -0.07619087076478137 0.11330106879019489 -0.007574125774999329 -0.09637187565036202 
-0.06692981589841708 0.1252895942641345 -0.0915099362250254 0.17837937331146847 -0.08086849707533005 0.07650702765299615 -0.01823205311736272 0.1401613805740957 0.17922504320233826 -0.1253269303147792 0.0036323393960768524 0.16914043404866844 0.013680078124021538 0.20057420599569048 -0.08737616147033725 0.06873797798581141 -0.0030957975920816883 -0.1077122730936043 -0.19443956660937178 -0.032689548727188544 0.15862934457811 -0.1066221912673613 0.1622357902036076 -0.24419110391614174 
-0.062288298427869655 -0.24178756210793945 0.05121973551088359 0.04985139700078881 0.07440367014052993 -0.007605719750969874 -0.0018554375501426655 -0.13813329544280425 -0.12508538575719924 -0.0503982487016344 -0.05698554013905812 -0.0760606254082669 -0.03770741755829104 0.15331415835217807 0.009936546584401166 0.18793241954955806 -0.07164286012116865 -0.13941280688160312 0.005542340147098559 0.11222318564036467 -0.06309543887005495 0.015854405722458928 -0.07914773944422 -0.0010591829794077228 
-0.1345448440711764 -0.15429497087347907 -0.09421814003609211 0.1380796571541055 0.11231524793517456 0.012506547592183533 -0.023544224102032014 -0.14102020179823238 -0.03565460508790053 -0.08020687170436133 0.11314761978341017 0.12284195269867064 0.011995650281705364 -0.09848661025446864 -0.011510257355506067 0.26660706777067367 0.1260530313759246 0.09094658187983763 -0.13849324901808668 0.05477781588907828 0.07228775277362506 0.012767185671544688 -0.10170324241036999 0.039002006938767805 
0.15533459740517652 0.11637853008784131 0.017094692409975833 0.24811864638950618 -0.1737092547757992 0.19812284184551032 -0.22621487891275902 -0.1301529468570584 -0.04356721709363173 -0.1691981770135613 0.022877393802847916 -0.20275330793413904 -0.069380565651216 -0.1640721091737431 0.08039295298328938 0.07915147579530743 -0.03662929244283985 -0.1237931413831553 0.09777499070983835 -0.11254067807269587 0.1324005421332428 -0.028321335732198253 0.009348174899410241 -0.18844485133640315 
0.01778423506625725 -0.012249531724968484 -0.10731130067222276 -0.025928877971330325 -0.04622276687923136 -0.08095256947104688 0.2752485279887081 -0.03700275953940247 0.17803453005199893 0.003713644751143415 0.231480014154495 -0.1255164751929457 -0.0642759367258509 0.12155725912494691 -0.18232546327998006 0.12501765639477205 -0.030324918641753018 -0.04863923919253837 0.19803320782596487 -0.17629923298520167 -0.04457073461547314 -0.18738427419673592 0.10081715608943492 -0.1269039016555766 
0.11623136557526403 0.16206400177138788 0.22915702616453007 -0.018869067823299068 0.1133929494837635 0.2249195703230027 -0.03771177614692691 -0.03594632024588159 -0.187145593028572 -0.06726869064728871 -0.1423304434982616 0.11826183522945632 -0.03716106310215364 -0.02150261548155398 0.13846353031645803 0.04649339832873843 -0.12499260137223171 -0.0914131943822083 -0.17075722054472303 -0.03213269680402343 -0.1018923711007274 -0.072127310980161 0.0010802161433098763 0.23946052317086908 
-0.15560922472436808 0.10480651339190195 -0.009978280613681606 0.109841056866502 -0.14177076968771765 -0.14879479066321386 -0.04600746398247413 0.17888649498214546 -0.09422251687972832 0.09955500697629523 -0.08286031017150976 -0.16418526485732507 -0.19323880214193964 -0.07841685528639337 -0.04677129675761213 0.031718547354525804 -0.2224009647498672 -0.17542965038800293 -0.19329570020364928 -0.15382279885410644 0.05281335564139239 -0.03824104936992674 -0.1124312709352221 0.02270074831639602 
0.25067559055665184 0.0896531498786188 0.07066560983068755 0.15007139160590258 -0.18387294985276184 -0.25980074371318124 -0.023289506491954725 -0.004258434775753261 0.15017844029509503 0.02145281587745412 -0.024137422674585924 0.22261099965812886 -0.08872426173264944 0.12954001115757804 -0.09754009586404615 -0.05836421541757519 -0.01139960790286757 0.01863356943384893 -0.11095441857106972 0.11711469694799358 -0.07855878107317157 -0.12109326274067218 0.11808857059812003 -0.07304265850826697 
-0.08362994185675897 0.1119045875574892 0.010095311827589047 -0.1886645861321868 0.1489369049711691 0.1490960318147468 0.21837026476621185 -0.07828452790729339 0.08924204634812821 -0.06329604611557432 0.010707902431589493 0.1306067134972611 0.0014266141099453463 0.008959041793013146 -0.06864433873051301 0.04924765279570358 -0.15611107864809054 0.12436267591948995 0.09965867371158785 0.14449472541007496 -0.06939677692512332 -0.13456139253111346 -0.14682689988638664 -0.07029134751688876 
-0.18493694851953046 0.14972815624861868 0.06717919775756659 -0.03424132065759216 0.10610532259221639 -0.048434622076314444 -0.183819584577124 -0.14533145930633243 -0.0762648428796188 -0.024694390553802733 -0.17875713278832392 -0.012792994144897912 0.06750109636255065 -0.011698941985429494 -0.026530305742538597 0.09119064152137572 -0.04656570565196811 -0.1937731870432772 0.14850918581837402 0.04975227791432202 0.08264556497317282 0.15525493939327176 -0.23417368476409123 -0.1049578508798368 
-0.17427632935591747 -0.0824723913015402 0.14313370024973454 -0.16685748083136248 -0.01052092184073742 -0.16115670442125585 0.06364151296015257 0.10618453933143929 -0.23291287622292656 0.023629223204289087 -0.10321793270397833 0.2468764378359364 0.15069603982602633 0.07369667458601034 0.19983546756767243 -0.04293367507225673 0.2193751478520925 -0.003999104129815923 -0.10465997122950069 0.21318448016727326 0.12174457086934043 -0.17363957819692855 0.11898527803193351 0.0770406512944703 
0.06751405792991759 0.06311730702398935 -0.09759724165933856 0.048014491765933705 0.12492575776106246 -0.1999532897507494 -0.14706231599607322 0.12550094332797146 0.05267536507858965 0.027069197991006117 -0.09965929469870916 -0.0744745132257685 0.1472595314468176 -0.08070699849577173 -0.1738350174562799 0.1925096519023048 -0.15476062240416844 0.15595671326602661 0.15202899620787977 0.023509972476408066 0.059103186857538625 0.03878621075879813 0.04604097804132423 0.18121184411014762 
-0.10063365840418527 0.23062446317888716 0.026548386114223336 -0.15329399738384306 -0.10819565578702213 0.06299923102659719 -0.10320382367424225 -0.14669649855443676 -0.08764352621811543 0.09226451940371916 0.08479006596400694 0.14546226046338764 -0.07089968230618718 0.11123523696624772 0.0306634220319125 0.02996180409421423 -0.16539780168075854 0.08576413771756247 0.17129438460180216 0.013575609168257188 -0.10312452398665871 0.053016877134913196 -0.19706683671267802 -0.0677336707693244 
0.2266628765037835 -0.01193365093930131 0.12461406846860647 0.041136572435238855 0.13828162977460443 0.2154964806128263 -0.07865687321641887 -0.15011749358615317 0.041977589586356834 -0.09727318077676311 -0.14858849414513262 0.09998327718018934 -0.18536175605304103 -0.08978492764207457 0.10916890749434872 -0.11413209438868904 -0.05437784530133114 -0.1913410536443788 0.19902473597920714 0.03058585519184248 -0.030837998906406774 0.1963023892964109 -0.057332133477075636 -0.01774727350563018 
0.06264278290856548 -0.1464742979956147 -0.07688037056767462 -0.05050424143634229 -0.10119899496440721 0.050899217980760754 0.13388153174660064 -0.17078352551845033 0.2547937772636031 0.09272843621545193 0.18138144435801143 0.06563567032864495 -0.1674914519315939 -0.09312038975519668 -0.021291153521620785 0.026755885476284585 -0.005935741515455903 0.07696640465924462 0.0716744725783869 0.1137597640497446 0.006240979729711784 -0.1499860346742074 0.16209161112870069 0.04565464506337498 
0.19173840203040166 -0.12521863413736434 -0.12843044738424328 -0.042808297621874304 -0.07079457890452247 0.1514415697692129 0.021199186419656294 0.10412103697188266 -0.04557449239569725 -0.15963556202480403 -0.153321526791864 -0.04299799012093934 -0.12151792470651308 0.15649881049885062 0.03914668392321596 0.0968274173239576 -0.023514756419407912 -0.16420157102669047 -0.1049555357849826 -0.01994580074420984 -0.1196096008343181 -0.18967183140962948 0.08923443532881929 0.07431468942223068 
-0.06764697430490244 0.14257621533891 -0.028071200961299884 0.13600400967568269 0.05818317816468082 0.03574799253884225 -0.11875055849486706 -0.002308559214762074 0.17324624297542607 -0.07699770553219604 0.15937366217245622 0.18597376769515184 -0.06710179459477188 0.06814254541402587 0.1590933581596089 -0.1865858253489939 0.1609986473390509 -0.12272851469341164 0.13909620583544666 0.06889063398358408 -0.05897430379193015 -0.13863423668626026 0.05950263806078766 0.16682695988718152 
0.1384256912543358 0.044911023042090485 0.18078309156959435 0.03531176443746884 -0.122286033430972 -0.006025992647196994 -0.07134720843670263 0.21474540247664245 -0.057272732866976 0.20118995403222928 0.007354343825200691 -0.14194305982470665 -0.16971751543791044 -0.05366201964760801 -0.14992979594570835 0.060500282938238295 -0.03956843275390974 0.20461022669666237 0.17155583860444465 -0.13949789179706504 -0.04505935411110166 -0.043906060486206336 0.028321834713091843 0.12548042094967946 
-0.051003066672598296 -0.06811401569558671 -0.09417040080695033 0.20390274773028358 -0.19097643899964062 0.1498902300199509 -0.1236827930410043 0.011020730604241047 -0.0670100638785028 0.23025561850650814 -0.1501913637291321 -0.12112029696004942 0.15693971508062798 0.042445231236220536 -0.07530274204183612 -0.1997383586962789 -0.20657591989124494 -0.14104522813673603 -0.11766233854809018 0.18405694491817418 0.1802645412602839 0.09288111739908861 -0.02680375996827621 0.08527546658833282 
-0.03959456090168429 -0.04151113448535105 -0.08873004333642248 0.21157109842514402 -0.044433694579622825 -0.025323528251150678 -0.10692235115768074 0.18946437214282122 -0.033052897901486585 -0.07995648530134752 0.09447025933515855 -0.15540474717404204 -0.16150118942643762 0.12400130095693868 0.09662624822979243 0.013525615267836353 -0.13577302287849646 0.006367210705631262 0.05447184562905253 -0.06800684718673955 -0.1725930087192568 0.14616366143463178 0.001483859864856149 0.06892928567127254 
-0.09741721396339445 0.04850578405190478 -0.027932295364791488 -0.04636793534332449 -0.14859752123605846 -0.1012716645619757 -0.16778326769831575 -0.09584653771135838 0.1236123351400211 0.045718981978007785 0.058459599222967534 -0.23377867053219026 0.09459040216312128 -0.018767738250862923 -0.10662786674747886 -0.16131626384580627 -0.15287231308763286 0.13687288966588193 0.19295591116809507 0.2030648256336883 -0.06013677845630631 0.11259617231441815 0.037570381352136036 0.12393998812191119 
-0.006363437176315779 0.03532288162233864 0.11392345509536671 -0.15931388454067316 0.014488919688164185 -0.052751658327867976 0.04099223319683238 0.18327564412789038 -0.04212675489199118 -0.04206743453360911 0.11527901107666957 0.05713883323124957 -0.04170730491505901 0.07458604814560578 -0.03770999694133643 -0.14479803989274748 -0.019337762539858822 -0.0652824855504097 -0.11182169739246785 0.1698590819842864 0.07485873489380841 0.0388247039540607 0.09763589053265148 0.016437108383687286 
0.07920169091811732 0.17180108541486488 0.14428482599002573 -0.1321531543085706 -0.09371451602852793 -0.17092027368731222 0.19136090892305213 -0.1044316081353065 0.06330203899239883 -0.16361090644685683 -0.11471323165605758 0.001103564938404119 -0.15740259164518283 -0.04368845128076698 0.014873688102589813 -0.06338051144878735 0.02190965094381753 0.014395228008213409 -0.04300150544461789 0.07750167022294031 0.07041524612172814 0.07392790128294015 0.024108661890302596 -0.05588574129369931 
0.04447387234818133 0.1865717948807215 0.024554408625309 0.22132453090017176 -0.02312605593931263 0.0914715415965289 -0.18473714820941126 0.11166860798743286 0.031028963799541644 -0.197882879366756 -0.10392537056834834 0.02249918655263239 0.10617508197645179 -0.21519208831588718 0.019218601948198775 0.1403156133044114 0.0732670313463188 0.17350730024109243 -0.1696536569649063 -0.07821394031401982 0.1932321805526895 0.09435760480323505 0.029688808733267142 0.10628645729830037 
0.23069466323893895 0.15781019344602276 0.22209273562761295 -0.14336933601337473 -0.1713538391230632 -0.17016689712431632 -0.1940419002655802 0.1551253619779579 -0.23382618329910695 0.13585486815222073 0.0373164405248471 0.0477930055483724 -0.06040465158902543 -0.010148631014309817 -0.09743713078942157 0.23651347746047757 0.06075035296441385 -0.1894888423796274 -0.015066372861988104 -0.08645307656905232 -0.1714746818704081 0.22438840431541446 0.0652734087544637 -0.0671453432342462 
0.15360666877824974 -0.09520834987201925 -0.07584632332473584 0.16087134138705925 0.26310799978400523 0.07179523373526735 0.1770480246376944 0.14652394443131858 -0.01491563589989904 -0.06963478531567087 0.080590360247809 0.005779670491579485 -0.0014049532444304542 0.22295154881096693 0.10856383786078505 -0.06829962240566138 -0.21222257123626515 -0.12511709594825163 0.010506746265729713 -0.03254030668774022 0.1571270824658593 0.2029311823129258 -0.17018155357587428 0.1824193623763475 
0.15028740848119024 0.2563164988631841 -0.18463192131991482 -0.17661573227105737 -0.1976869079763007 -0.07027110833780975 -0.17738155253932453 -0.08143764359097275 -0.006728505265775807 0.14791314308950634 -0.009016752907506672 -0.15139435344240426 0.05538459660922533 0.07463269668081479 -0.15485517115665845 0.06088707341265922 0.10236331943925464 0.1334931851471144 0.1555645909319194 -0.04647014040337863 -0.03200148403923131 -0.15876832965053086 -0.0663900231821035 0.15605713502752705 
-0.08512585775055127 0.16240578785505524 0.1555829919833697 0.16853217679533336 -0.13670762878898032 0.15120027408393408 0.051950346408274825 -0.11477059843632276 -0.06103175847864248 -0.13518698293006312 -0.02181199665340677 -0.16598513215410252 -0.13300927420378297 -0.12017077615693321 0.07541182679032714 0.02895565910049907 0.14861228704030932 -0.10112443089431912 0.05100445451054533 -0.18602771022239062 0.006334242276758652 0.1445312091856396 0.19358178455187036 -0.1960261589217612 
-0.0978365371987384 -0.14982632260376236 -0.1806979557961182 -0.19590414033314943 -0.00383256517241234 -0.1815335229982643 -0.08764099297052325 0.04476648677878947 -0.11213894503084677 -0.09110819095479644 0.03555778197782975 -0.032331361985472505 0.06690024401918664 -0.0017785591145998156 0.05243162723952144 -0.05774492319849545 -0.08415946271993358 -0.15695021261786976 0.17444843785313247 0.11769782971894428 0.215954995050363 -0.12492587616671877 0.16933294000037774 0.21463547686870046 
-0.09661622978395364 -0.05945262732090568 0.020153068806401556 -0.12496262923896921 -0.02269559449578751 -0.13879291476893924 0.2387170125745985 -0.002413362722562341 0.24622381781148459 0.022232043009094725 -0.006132969319232651 0.16520055533398165 -0.14193926885970562 0.015378928324645304 0.06381473029045238 -0.025946020151441755 -0.23666602997400596 -0.0028442409075375217 -0.013648961069808977 0.17859517183338314 -0.09630720490491412 -0.04267732693785275 -0.07240832638721476 0.07358540632002941 
0.2162846969817968 -0.13995014230701514 0.11829432940005831 -0.10659572844350097 -0.17645636863209782 -0.1638745970907286 0.19292652912589384 0.17365204622137914 -0.09438944184815254 0.1936558838192932 0.14560577169197095 -0.030647972480272328 -0.012505468498334994 0.05031382435325874 -0.1359481981197107 -0.19402630174595167 -0.08884882025906951 -0.19375684936965887 0.06882978713363534 0.020167712629371892 -0.0804374819190556 0.12605321040726947 -0.15329547233538732 -0.10102562118088089 
-0.08205571876059918 -0.1206794092415851 -0.16429684271325753 0.14725912227568713 -0.16419550430188187 0.0724967985900385 -0.15115050937344215 -0.19568961280064012 0.022447580615474083 0.16228943481817457 0.1434121578093181 -0.0636796961454264 -0.18898696959073943 0.11938873551210523 0.12145061084607026 0.1466576043157799 0.06689940286682378 0.12217245030903225 0.15839560060564095 -0.018085927906103097 0.022666655219103247 0.002396077392119042 0.07579305520616579 0.07217682214516188 
0.07578348351849439 0.0704168198996894 0.0022585671569118333 0.12771189670348637 -0.08623582852219387 -0.1187163100507014 0.13251274013427858 0.09222521008767573 -0.1700755608412676 0.09734726469119784 0.12602170746655478 -0.11104111463385274 -0.1660827633231962 0.039733750097183496 -0.10920211834160659 0.1921463606232675 0.07539801524043097 0.11339677854660517 -0.15624444373959945 -0.16577908608770905 0.12949871597877013 -0.0015606519095554224 -0.16457503132905055 -0.05073824071023832 
0.06789300641533384 -0.12323239010191187 0.18949887658719203 0.21334499938552506 0.18018849090972922 0.09100312258023795 -0.04460961803613123 0.1245191182087436 -0.07695193000417415 -0.07324257822570325 0.04162048803619943 0.02552620351927041 0.18521744386965933 -0.12308411630376875 0.09867083225203747 0.17735633342475124 -0.24169616204433597 -0.009354363260978793 0.06188829027979988 0.1711836872410564 -0.15042872693655274 0.14100156163140704 -0.05339302214248739 0.15915830897485536 
-0.18876193525933743 -0.1653301589175374 0.19247564844310094 0.04304596077611175 -0.03233134211736497 -0.13143867316395377 0.05905304369132121 -0.1849929165564296 -0.0743593522491454 -0.06963444514327045 0.04223145558758666 0.059422315035985294 0.13759706472490044 0.1705920343557426 0.06324615263899354 0.030678058514047746 -0.03979792061632449 0.1864523481178341 -0.13754308063662482 0.15741898296133974 -0.07459875223841414 0.0189968798859377 0.07184207959788959 -0.10439730107360969 
-0.13203429349126222 0.00420648653654639 0.14792587015598763 0.08632600797837958 -0.1517280099122572 0.19758063766251682 -0.007925321528065516 0.20001993936419762 0.028046978312442575 -0.16556871918666555 -0.11805266714982489 0.15404499236785565 0.0810450193780138 0.1552169778250027 -0.06737966500671069 0.010957274712485846 0.06218136500972688 0.020249360910354012 -0.1064054209185338 -0.028709753329949336 -0.09973111150048022 0.15803403471812974 0.21793018273596376 -0.1729659157714278 
0.12358922307514777 -0.10775033023909387 0.04935152551767674 -0.09571928309580359 0.059492334566597846 -0.050705261685319386 -0.11001136391582288 0.15325683952149272 0.16732413053665895 0.028629398050097617 -0.11322795376158365 0.22288425916499344 0.0824039097266829 0.12686906765569753 -0.11433135135798922 0.13118500941117223 -0.10693348177215654 0.05180204576075322 0.08327450990103291 0.07792092619648604 -0.020520508098294227 0.14266812133775497 0.1495086285278203 0.03432409623345669 
-0.16329512222895445 -0.08634863632669088 -0.1572775197056616 -0.1300226375115342 -0.148711746929408 0.06702760072113567 -0.18400195013113085 -0.10235710988145871 0.24470088089490696 0.14055098587533704 0.04143298971695445 0.13532114040405716 -0.18235909731157451 0.11828120619700251 -0.07448598672710849 0.05607203735890904 0.06035569988429724 0.12466071265261904 -0.0162322386999158 0.2690287023755957 -0.0958140179663998 0.11638643496267637 0.12900993282041806 0.19411876375829956 
-0.18675490477800044 0.15780489421886715 0.02570751277105976 -0.0029609781772421944 -0.09528359973498506 -0.06830077001737964 -0.09919000558995748 -0.11130005381113188 0.1910455292945758 0.0009357710407620294 -0.16622239907264733 0.06472897970384764 0.07574993040871371 0.055636535103190166 0.0060192587836066375 -0.03931183545310391 0.15975096609857295 -0.18854587468168452 0.17269582085505955 0.2482784966206944 -0.06101313786470203 -0.11322912261981607 0.11391489926666269 -0.12790936972828645 
0.10539812085910114 -0.10806771927673782 -0.08265746578832764 0.21121159758732044 0.16152460482382602 0.017389082121549212 0.15662720942619082 -0.06496762443675819 0.2327477637504806 -0.026005099688612372 -0.08105874182572463 -0.1989513782133838 0.2229401827105697 -0.02662335288153542 0.09280394871806291 0.0662347044109223 0.0902324727494763 -0.17924561748766546 0.16753460422527688 0.20003466070122985 0.02833877560599602 0.2014025964706749 -0.10006364510983126 0.04013857424698146 
-0.04068811266835884 0.05037659982316261 -0.0787368970349543 0.12683418077428402 -0.17166072273792143 -0.1829990932548675 -0.17994242659934032 -0.13900581013254906 -0.04112766940621923 0.18188809032844763 -0.15503741874420263 0.05812091648841366 0.010808379590949022 -0.05780522578675548 -0.11976737941146398 -0.11076754630563049 -0.1822086730411476 0.08424248532721952 0.060617155169537404 -0.022039403945424748 0.08654926092340837 -0.15536914141185096 0.17511396273738647 0.13823153815399447 
0.06268105777305132 -0.06478105744664849 -0.032751554634762606 -0.004319270676637486 0.1737188995963154 0.15869341717400628 -0.026730633718231357 0.04170669751886882 0.18001546763750634 0.1863077809286814 0.05480078145885258 0.09875718350688094 -0.06408708478011883 0.14787469871942022 0.13384422422750591 0.02039842635790239 0.17181460034509846 0.12164390070782481 0.12242697627565585 -0.1469886836634331 -0.023108111083494812 0.1799819745560416 0.13147411994363467 -0.031116715074581386 
0.20623045646497498 -0.10826278220599549 -0.06560421569288197 0.2129754518659981 0.12254931180295162 0.1524107214905408 -0.19532678269044157 -0.04729262529736639 -0.10656150414968946 -0.08061064161821564 0.09416848050267648 0.09357673697643372 -0.010567613179494303 -0.09551198444424176 0.03324782639328237 0.013194633521257207 0.018257274958702243 0.04540940433828195 -0.04100997216546157 0.1199609189028907 -0.0984926616860844 0.056850945717403706 0.21114703369300233 -0.19860092692634632 
0.07254236347737711 -0.16436379930825495 0.017150271701836632 0.04993798885612368 -0.10180049547142461 0.1572768256172998 0.0667412748471265 -0.10631244909211551 0.13499317147949425 -0.15717848989586905 0.021644300922080206 -0.19058765539994266 0.05552278937145574 -0.14499820599875235 0.05888061047967913 0.08317106135253273 -0.00932853460909729 0.05184532528243028 0.12439218271055874 0.14896206819873437 0.036478552253413676 -0.02275481186016329 -0.02785657565342319 0.14892627401275083 
0.06614815795734054 -0.12351426509806206 0.02725148493529278 0.20259458682376372 -0.13891096541827833 0.13031270485251792 0.16763083948771215 0.006487900385420229 -0.18474529409532717 -0.14019775283703625 0.21163396762937783 -0.2261596697091288 -0.050169810060090136 0.027475851500445105 -0.12027065949851555 0.1880024061758115 -0.19267994775970385 0.015537488439570514 0.046412247776095254 -0.1065951710461775 -0.04062457957627209 -0.0035145153129842346 0.14564394476382095 0.05285634717367507 
-0.012701344294915977 0.0302652768080792 -0.018263667205744315 0.01005989682526565 0.06249525438592273 -0.12661115002836174 0.10986636442769256 0.02759744048599976 0.19391559595354893 -0.1100492400549351 -0.013204741256816444 0.1933404333053791 0.03985677163918565 0.11803569098297177 -0.0338940163127592 0.09873240007964222 0.1951746825602281 -0.1189682922309173 0.12200601825069882 0.2065386122271625 -0.19411320516391975 -0.11292997078347994 -0.15237389632063944 0.1059587233313898 
-0.16702271883621655 0.22183840191374438 -0.04339634713440972 0.22995255213103163 -0.12363883629640608 -0.023178926932914592 0.159998043482631 0.050876870732482614 0.03512705573037402 0.004945511649278827 0.02898822266499793 -0.035266825486685166 -0.1216341304355478 -0.2008810288914196 -0.1386938304515932 -0.17868479346075095 0.02033702092455081 0.11967334842145651 -0.05547342286839522 -0.16941854491750166 -0.03442533590462625 0.035425713391168456 -0.025834555506312563 0.12335661281003389 
0.17035895151039482 0.18778465647665576 0.08058452808605993 -0.011623534359257484 0.07209366277109344 -0.19458181240217975 0.23891820632263264 -0.13028464669142728 0.2052540813356219 0.11137360184730244 0.1165741652110791 -0.12815632931272422 -0.11134587368840199 -0.07049570707836673 0.13893562584534963 -0.019441343626713806 0.21491558073969969 -0.05802870902739148 0.04695877554545563 0.18103104916302445 0.03840701752529177 -0.1815269897567035 0.010448846831123463 -0.06515050615770211 
0.0016210134808559182 -0.09295877794316935 -0.15039800344586254 0.06635945552232342 0.07156075969048707 0.13233196339587047 -0.1463061124352507 0.14402766643197773 0.1555125241018784 0.04890066230128748 -0.11706398086080058 -0.11585924795719266 -0.02342775265221361 -0.0033586073614775376 -0.008825973514331209 -0.012736701440245524 0.1231035192879806 0.1486187401751463 0.1257853258434727 0.19223330553758308 0.020598614232744145 0.19416259714507134 0.05622860896327487 0.020848714845037992 
-0.07129897182257106 0.15901948928915616 -0.17889824722051104 -0.14543115373171978 -0.14717085588639417 -0.005896440295251084 -0.12897287351858489 -0.06260854903152518 -0.12232784125502709 -0.10549428504961796 0.2845623682816759 -0.07360263158239838 -0.13875575236486506 -0.06221169180619412 0.2764981310746891 0.0843031221069417 -0.128485652735823 -0.08542798188639851 0.10367535229456158 -0.10278766512405366 -0.09727957492715614 -0.16585885083633492 0.23955776185292513 -0.020416192197184373 
0.024224726292508228 0.09365449125480364 0.11763125609979498 -0.020569779767296036 -0.12543036571036814 0.1306111760624442 -0.18742460515222722 0.1783675301378327 0.030206669831158765 0.14944756433609258 0.04267566628933624 -0.09830986813197724 -0.08053289112313607 0.012886685812608746 0.18460784288296467 -0.12528217143646805 0.0038692095403691914 -0.06155918862539712 0.10688214215653627 0.12019605092203339 -0.029600706828882016 -0.11738545804964091 -0.17275534959563218 -0.11958677092847682 
-0.09001014101790884 0.0027192306477505958 0.1932506994678126 -0.14798393976168028 0.18949002778682492 0.059359911564627096 0.12138560622803396 0.22903377673432404 -0.022556110680188753 0.012361567549534649 0.0658142028759391 -0.008558341694591427 -0.07934312262369653 -0.1572280574793934 -0.08500277895421854 0.10424931031068732 0.046650707869727824 0.11535418661256454 0.0066951743636149965 -0.10614984978474573 0.043809156529275715 -0.07739179776239506 -0.19902874346008134 0.163917046653022 
-0.03125217171671824 -0.032111344289561854 0.12563622015577147 0.1991932143634638 -0.17055288328753035 -0.12269370379827892 -0.07008090417679491 -0.10799803969632216 0.0024937446692884085 0.1288891481569437 0.1407932779235105 0.040040007764733446 -0.12083317608322731 -0.15692760806644973 0.09632782322225775 -0.1040988003660007 0.01326521655336567 0.08837091149113069 -0.10769486945580853 -0.12930787440626054 -0.18387011121923752 -0.13522529686126625 0.15826304082549397 -0.15753126967674913 
-0.10954268368978401 -0.1867087930839057 0.06956910749182318 -0.10630905927145123 -0.03392496195452815 -0.1435099862286321 -0.04830105142248753 -0.007079862460495936 0.026762756510806448 -0.030277740687827164 -0.15829238340680613 0.08316011772636468 -0.14435646337708932 -0.07176502424954438 -0.09018795227397364 -0.07858708084231147 0.037144844028650974 0.006955970379007131 -0.12303129094105732 0.010844630252241964 -0.06324671042962263 0.053717952778139566 -0.10855924155839498 0.10899479235565736 
0.010262909792677313 -0.0731485582893627 -0.09749842731417512 -0.12461379926776954 -0.011027646960419715 0.22402211308165962 -0.15682681551939281 -0.08558977871374791 0.05871563548494471 0.14754931000591753 -0.0874690569191179 -0.008039159384804451 -0.06042949566249734 0.10417747829527284 0.08670877815770331 0.14213721585452363 0.15565883290697685 -0.038800292347880384 0.16983706145115351 0.11148610374717302 -0.07604599266746277 -0.052409685970191855 0.09496850969705543 -0.14885424632482352 
0.05253134085068754 -0.07108810808581312 0.12999353635831143 -0.05333039523365351 0.09128665983560856 -0.12484025680098952 -0.007256403511104083 0.10759447094262649 -0.07158123002009298 -0.134519325406732 0.05868824058922398 0.1378620626614448 -0.0868959959775358 0.0054673296528375635 0.15480808831306664 0.19092553579398347 0.10116546088052097 0.03569752265990716 0.12603833903323236 0.1732742600847036 -0.1990277717584497 -0.04038577754839849 0.017013462847200303 0.09253917744924446 
-0.1644857391037683 -0.03938726443439237 -0.08712431892786687 -0.030014399058846546 -0.0007897661120336274 0.0630703042681073 -0.001470727858609192 0.04738471534290229 0.03235981518351059 -0.028114556491435752 -0.19802151618358754 -0.12124889752786508 -0.0709371020670655 -0.14040947306773405 0.03876268687868797 0.04383592460497188 3.643311951094748e-05 -0.0706814204996109 0.060385959921882705 -0.12295223304430963 -0.1976528425878513 0.09294676760846651 -0.022143978048082304 0.07812831637509735 
-0.10471522227137095 -0.24149800308353372 -0.07730599769144769 0.12108217415255687 -0.15826735213595322 -0.06532120744921328 -0.03843293710613218 0.027660653952621933 0.09587079754661372 -0.07110714595423523 0.05427528619401391 -0.020634412106594044 0.05678701721645212 -0.13505733499819433 0.010924899883604042 -0.11322312800949764 -0.21547161260158412 0.03502181517007222 -0.12541014428072028 0.06778719567911325 0.029994623348287314 0.14657831392638157 -0.06069844286559606 0.2218664503713873 
0.01687780408251922 -0.029708456034061893 0.10266869293365735 0.055277389050112 -0.05414642465546771 0.009745261137940464 -0.11717024570202937 -0.041286003763992135 -0.189187512051763 0.0002383404446634988 -0.073247763050768 0.015901365152015172 -0.19300688929566268 0.013638188622543465 -0.08178268443142281 0.011732670444791411 0.1082012129383576 -0.04040056552429807 0.06431891482466695 -0.0968833724804815 0.2253666613097466 -0.1273098383840782 0.1932589987045417 -0.16704784760261396 
-0.011780133689711725 0.11125734200985854 0.08998868462538924 0.049748875910500145 -0.0525720528901887 0.19003632249808838 0.09419104887253707 -0.08115778060521989 -0.07379253101069419 -0.1731832132531815 -0.05465618606981147 0.08472610336305174 0.1191441756741445 -0.10867189398630935 0.0604636989593747 0.11616854025446535 0.13084449117972713 -0.18791902511968359 -0.14050264021540468 -0.14552233140465887 -0.14219373299001342 0.15996483583731388 0.1477908723447437 0.026165460057925926 
0.01690547978600634 0.0778826921372708 -0.07811908236969614 -0.05245491462831605 0.028299368533806192 0.1453294329647434 -0.11840104915661079 -0.1023338919704012 0.08092901497384228 -0.06269857739505655 -0.18066814636646547 -0.1253972481621364 -0.12151104757649178 0.02475438814921336 0.04722482972004438 0.19455690536058676 0.18716993086910236 -0.07613396484051764 0.10032868972437686 -0.09686131644064642 -0.051723731482043074 -0.08189096744558626 -0.041814456281504604 -0.11312836456250297 
-0.027277660125378436 -0.21363780668011303 0.26636222228089357 -0.039792883497621716 0.20484011471625244 0.19895342984811562 -0.11278867094899422 0.0321699518807288 -0.005760239096840213 -0.0697847004413615 -0.026515121898748602 0.1636046903614541 -0.14192354510921606 -0.12304567278354318 -0.12649556332792353 0.2091267973987086 0.20207764373607096 -0.01498997595562128 -0.1461339369217704 0.0416486981240402 0.08914914963051401 0.14687883705661833 0.06985645517025232 0.2564732374104858 
0.12540342640544835 0.07296443436643225 0.16479656537928322 0.05661817331357845 0.1766980166111987 0.24085328118165567 0.11414434160922579 -0.12003764316837486 -0.259405062177388 0.2315795512446803 0.007863963070704876 0.09357895070807458 0.05986260821113511 -0.15719520383361718 0.146459604168207 -0.13371932448065638 0.16243190332059182 0.04801754886443458 0.049033465645663625 -0.06289671292582374 -0.015087952951200589 0.07770214426641399 0.09221038659904168 0.09739637477117544 
0.041615469108310765 0.05908969446007848 0.18870122336504297 0.09598031821670275 -0.057146408563805325 0.02901609610558887 0.016690467829398953 0.01614601605879519 -0.06314706258642491 -0.237570813578048 -0.0594206667885922 -0.10022415121473273 0.2582747598657128 -0.10631957939142639 0.04971727309725333 0.013115920316282394 -0.0867643442973052 -0.22686933912616594 0.09690569052145412 -0.15748989637670072 -0.0732987747113585 -0.16629022010782646 0.12893367472434814 -0.15184657399071155 
0.01954726045886633 -0.19376573241163259 0.22725741958992926 0.05845728269046443 -0.054361878891260665 -0.14050241775260522 0.07148782910340085 0.19599170928885584 -0.06366986815228193 0.10558513532365296 -0.0839781225887393 0.18534229840770378 0.10744703706994198 0.04017739335527857 0.16576982868793455 -0.11898597160369459 0.16504540130204892 0.07025621279338322 0.1075390231848012 0.05137872604640215 0.13287632018369194 0.07139970495309188 -0.14055863424751794 0.04022805755569237 
-0.16143576210044316 -0.04929027762483012 -0.25624044774973603 -0.13384707947687396 -0.33006320935908035 0.334388072872121 0.03779062565031712 -0.11212714016018888 -0.3259680893821771 -0.032024067717190435 -0.03173534270185002 0.37239853185626853 -0.1571785301199356 0.033563567087949504 0.15910586239044555 -0.21442668896131417 0.011255245071669365 0.16771108860009087 
-0.2734281844576024 0.071305953341336 -0.3525760867128574 -0.34599174443417446 -0.30295939469667993 -0.012407211956086519 0.34020002415082184 -0.07405437606932569 -0.31698775185703615 0.26806894986095686 0.012873749789701338 -0.13952308734063226 0.34775746113079065 0.3404891299298361 -0.11677707987132095 -0.20369098428187826 0.06513712087630083 0.2636028563863334 
-0.17096159939491162 0.05802240599129953 -0.25123223120928473 -0.20841859965579201 0.17782907376379062 -0.23943906199130754 -0.2312014922423703 0.04468748691241877 -0.33325921975214146 -0.3536504744120501 -0.1440870680152674 -0.13410667931576034 -0.10184736350594563 0.2331377768200773 -0.3195497225200119 -0.09550784037648609 0.09323898007256205 -0.27040797309859055 
0.23766974479524244 0.09820985366875987 -0.2745266818663391 -0.16770583961758548 0.16687195083218867 -0.0649035855889773 -0.07006606294651024 0.22547124261641074 -0.24828505669429876 0.38338923954737436 -0.3148624616145537 -0.2895577998619276 -0.17602228657467658 0.19917171449044904 -0.029467760734409987 0.10345949135837744 -0.2225356029587834 -0.27937930806232314 
-0.04201587783637423 0.16327520265501477 -0.032620522927365635 0.25322279333491804 0.10835499208725637 -0.17061391063008086 -0.2662450176638484 -0.09308606841026043 0.18812262080023828 0.35312437029529176 0.2478301362337102 -0.14880922410281075 -0.03259164259165236 0.08214858310244147 0.03132755443421987 -0.07448949377408084 -0.27351921344156077 0.11120477600540679 
-0.36689138283327666 0.2507480572061612 0.29872109207984127 0.16629620735627434 -0.009051230239474984 0.1349173250092869 -0.14314905915928328 0.2477748164258604 0.20835370339136985 -0.20997486089567668 -0.12326762611508586 -0.07444566191783915 -0.025733714229229453 0.0017574663324308273 -0.27502217434144455 0.1080525300500569 -0.21973543328032247 -0.11116386398850679 
-0.026132725454054623 -0.1021081405892377 -0.13345340866113353 -0.21836505423291494 -0.29690668435285184 0.03429985013677682 0.09869616728197264 -0.18503259431462293 -0.20653282755236513 -0.16270377806720257 0.22607220707806527 -0.27523493897657514 0.0633460611837302 0.057182772984696144 -0.10573461152331562 -0.10081691517593454 0.34195502056518723 0.04377427686313716 
0.1668317625200237 -0.006171219389372739 0.07046373306245636 0.02894374924586064 -0.2428806405732661 -0.111712818180762 0.005519149977149748 -0.28897017280966214 -0.09158962034766374 -0.25782512758995235 0.23776330555346448 -0.16728712277793573 -0.25554830437876 -0.013149210636761598 0.17289574381546335 -0.298671151966276 -0.2343077080014796 0.20060752685183536 
0.18464005680915582 0.0792654333003215 0.27439027191156207 -0.286212512771942 0.13794380046979982 0.28663530683918403 -0.25209034594185975 -0.15795130992078782 0.035507611440196984 -0.1193759560555051 0.129071863942902 -0.3311865908989885 -0.2242640018340573 0.1702787633519795 0.38520829682098723 0.2952751309023983 0.2952462585456011 -0.27884897574539447 
-0.3100648939557643 -0.293998595079305 0.022887095830211295 0.30072568167706687 0.021234954611166812 0.19195731495265422 -0.292987406076769 0.26452122769594616 -0.2134069047269646 -0.279854673656267 -0.05266804384779826 0.09908344160629595 0.41303985518254843 -0.36239645458154235 -0.15332460663457367 -0.27093339878302275 -0.0786472815724525 -0.21516608000142895 
0.0501229527246187 -0.10242928065231376 0.3530531479323804 0.1976730192230464 0.24720448135599876 -0.25384216067856846 0.07245333265986657 -0.13485367052772898 0.2717580641752761 -0.3900730299178451 -0.2704865418165954 -0.13319113192611104 -0.07278917172840302 -0.12819051717211336 -0.2772789267124619 -0.2613840039078638 -0.1385608354539311 0.3775139176468432 
-0.22451206116204672 0.16810389711087037 -0.17929122096127859 -0.3657736790411294 -0.3336128329428266 -0.237617653631189 -0.06650003069224757 0.23047072542873065 0.16439427681977106 -0.0936534141022227 -0.013918701062966747 0.25274329390221645 0.3003525717061816 -0.14857664399211074 -0.3193588968062665 -0.31183142577182454 0.16908368008603716 -0.18738057005932937 
0.024125932719737644 -0.21020145009442834 0.2763960787590926 0.021463087937507792 0.018133068200818538 -0.14370584188235044 0.00810546180785894 -0.37897399978185414 -0.14983066584332952 -0.14869264986612893 -0.14654936289156856 -0.3269309902098941 -0.042995895816235016 0.2499938379913168 0.36300977722253513 -0.0018050070723429946 0.06298004776890354 -0.12620497432344563 
-0.2786807564025642 -0.2521830443534005 0.14386997754263986 0.14672602484067884 -0.21903110530673028 -0.058029305051269055 0.07643072836193104 -0.2641271364222497 0.21683705297172975 0.11123219909602437 0.07754410017118976 0.19209814953933932 0.4230452837609306 0.040227651913237884 0.3006637503448241 -0.05454815585560638 0.1098182874259076 0.2882582192205752 
0.15626720651556159 -0.13338638967599717 0.038458452201363735 -0.10033810418102423 -0.12014794977942404 0.07413639189407775 -0.2144453796761905 -0.04279269726969793 0.30659436137387286 -0.11791476574536909 -0.21233708907372867 -0.07093115720640815 0.22026506559194922 0.29341019837909255 0.224016533760579 -0.33684529170673777 -0.15821065143413893 0.4118794920333561 
-0.3166223732951119 -0.00660525725523158 0.21110976066494436 -0.2589439858483077 0.1097212749594674 -0.00794587883361743 -0.28200331847172333 0.26915266736391047 -0.2329005015409998 0.15124454478477653 0.16364360674254927 0.09809816475736119 0.11720380591383728 -0.31887646404937614 -0.1023577185859553 0.05838283001073337 -0.07028886887987194 0.07469138643996018 
0.2479329967723806 -0.2114604661363785 0.3003465219522865 -0.020367050573347232 0.30482703379487563 0.07901257599737554 0.1712122607959802 0.028507670595073503 0.022962840991658337 -0.08082426037291009 -0.2539375149602617 -0.03536442151536616 -0.16481353142053723 -0.4007620415095353 -0.13706833381753497 -0.218176969110994 0.28120825155427126 -0.3691077560493186 
-0.22573102990357094 0.13827601240950244 0.29832308831526605 -0.1689759723318855 -0.32990687844544553 0.31707171532574774 0.07828018618661164 -0.13121934377680491 -0.019437244293632437 0.12739488603051585 -0.08496384240383956 0.3420989536492361 0.22817993622523602 0.2921094882092716 -0.07450973450520655 0.30063865738274914 -0.013944578951470355 0.04096747577241455 
0.15589180258865265 0.2111542875937319 -0.06974911484688082 -0.0348360407516104 0.21668152863271176 0.1475883680865563 0.29972724700031506 0.33054151318686864 -0.21933534950814884 -0.18058182569367212 0.1465061926413678 0.17733196203491872 0.06545375880576068 0.2546333786576754 -0.1686080990311829 -0.10842385055537383 -0.0035661775440600225 -0.13371866477047323 
0.09065378808056856 0.12347042562364242 -0.21325388924480956 -0.02110938159607659 0.3399941162422177 -0.11891775032813984 -0.370880585523131 0.20573711249380322 0.0022024626770507003 -0.39791817532311674 0.26771624297338265 -0.1321247577453663 0.2663738949732207 -0.014255086655865026 -0.29457391882776734 -0.173235208752712 -0.10983076421723967 0.2498782641435517 
-0.25827293516344996 -0.04626691602931547 0.2660087461487873 0.01441189880844631 -0.2723028100412948 -0.32763315586533354 0.11817687008520311 0.4040511041005188 0.20543075257046703 0.2004865332531908 0.1186496382157534 0.2503572906358819 -0.30257596386154795 -0.16952701559777286 0.19033865416796059 0.25138537614649736 0.13693499016773217 -0.2609482503019131 
0.3383134677131663 0.2768870727854154 -0.35044719312590744 -0.25598464635627544 -0.15258574362324076 0.1619753183114681 0.21868413748699297 0.09059947298197998 -0.2061945392627915 -0.0593902547160258 -0.24799435080717075 0.3353116413242189 0.21745855525930663 0.02049086389026507 -0.032429780946049376 -0.2760303094784209 -0.12267922242660569 -0.3060269650059667 
0.23780618335901132 0.030017149449766328 -0.22458992067346084 -0.20080931990843354 -0.16279726625488886 -0.1294071112786021 -0.08993752907245023 -0.18728119238988603 0.11700648735649892 -0.35771035384294503 -0.11621176965719124 0.17749567060047505 0.3542055875266522 0.24657363132674207 -0.16376724418971167 -0.18181159535820443 -0.23219916949299255 0.29943637378187304 
-0.23244180046170484 0.1756449630776184 -0.16388388994723613 -0.2983371436092243 0.1585475200051962 0.15354772175974035 -0.4139089471270693 -0.18163848862193646 0.3325468271682049 -0.2504740335057395 -0.2838725120732918 0.08553833316776815 0.3204620331914736 -0.27808752792814206 0.03519791562805251 0.1245140346566747 -0.22427240521864994 -0.3801377748351744 
0.34330546112599347 0.09279308665463089 -0.31297101108733677 -0.31244503643211147 0.0921592538996917 -0.2438320516434079 -0.22146405225185575 -0.2954869955098753 -0.2287279411410637 -0.008473552733882327 0.00766123873227865 0.008986656593756942 0.4628216284341165 
-0.2963941720514638 0.20339018073440207 0.23386897829979342 0.06639984912615464 -0.02900188215857944 0.31526323152793995 0.26189129322202775 -0.36154650841531555 0.37249287811804144 -0.39700304821030685 0.0571394933773357 0.056587387823054384 0.26694835512837095 
-0.09210226645099046 -0.34129452106742497 0.02210337370076878 -0.430358577463286 -0.11335762478616715 0.41483612310004353 0.31690397147545984 -0.317677600584858 0.3138276633886328 0.2445678805661379 0.34383977919315467 -0.21914254304447495 -0.007193382015411944 
0.27642559217163803 0.13191107293927212 0.07354860360057343 0.150131075873109 -0.24116641067250008 -0.3972913071011638 0.18837134357242546 -0.13639780872459942 -0.1251654885121106 0.0814020596646762 0.12378473655656229 -0.23658701767441043 0.2658026824075427 
-0.0940289426938827 0.10352516320475202 0.37532112140307494 0.05057470549426059 -0.11096305673187973 0.0933754549092468 0.0013899568001134635 -0.037108986577821565 0.18407981260926748 0.3407982887823206 -0.016103596624141053 -0.3303241517494836 0.054401964541631556 
-0.20248338902023308 -0.37037966266306377 0.22930647748150174 -0.18001557955259262 0.22032239239434054 -0.009150759997905482 -0.14370427913089928 -0.14683917730066673 -0.3683615431107506 0.026765811758705207 0.25811759277633306 -0.3338866753615745 -0.31363455362928316 
0.1061845219635968 0.11827129779797264 0.13320680842021962 -0.18445040280108976 -0.38712020328909547 -0.09533166183262215 -0.2334279289672382 -0.4483732913229445 0.18442142832109176 0.43104686380957596 -0.085348596601686 -0.15785725957961125 0.0673691794916281 
0.2644174036034309 0.23366111536823347 0.10995230513827332 0.015448316701598767 0.09264635936451371 -0.17415405985752602 -0.11881465563321525 0.31847682562817553 0.3235234521852945 -0.35320188085269166 -0.16126078613833106 -0.39793705595197604 -0.17433927039646543 
-0.23471186897833216 0.10568972879591414 0.15370733083633076 -0.324292002063235 -0.34829333287921266 0.34437893224025407 -0.10427731325519699 0.023944397625644414 0.39571468358170053 0.19881544511197996 -0.13761300557272518 -0.3322806785299013 0.017537517378090874 
-0.15523206411754858 -0.40129688912926487 0.18480906282669982 -0.05932186963392509 0.020968950010115322 0.26678043682602415 0.44107962795984523 0.1453473535480561 -0.1546407581500159 -0.3536013356089414 -0.34209057109959795 -0.14229799826612147 0.09914944929736508 
0.1542032674565468 -0.23267069166386015 -0.3347904233409806 -0.15367117994250323 0.037070457437325344 0.20217638727108758 0.023063507691499355 -0.16856393695530086 0.09751212730987245 -0.18641403163322678 0.12021477260867294 0.27308540153906397 0.10925787809502444 
0.07172054077947508 -0.21137106727673186 0.27381074381432874 0.47757322297380217 0.19705534699795635 0.11216102542709834 -0.25645845334283834 -0.10793513173938232 -0.1260791854211865 -0.19922501862734496 -0.042143375906838074 0.0867625607801196 -0.3013924774062949 
-0.21198564777438045 -0.35870472958871036 -0.20891335932540295 0.023268634610092844 -0.03500650962369684 0.46134749791685914 0.4724184223791302 -0.01933664261018768 0.42461310728581536 -0.253218928180009 0.03201913000160515 -0.0362795758720564 0.38551486155557446 
0.2917413331634258 -0.21761447232415854 -0.047176676885029564 -0.30811628552395515 0.04048573723290711 0.2415980520332648 -0.4018986873377989 -0.2911554168034456 0.4540772446051476 0.42718908023638896 0.044139432988745515 0.11494891109045238 -0.18387585852407945 
0.3232185637822842 0.17172002019427757 0.13149058789486998 -0.46465128516795956 0.3181350669061272 0.17350910031319403 0.12960395703721633 0.14854028377310793 -0.25738220336496853 0.23724406962092132 -0.3232697463638042 0.16368311671224978 -0.3584701860650546 
0.21962106939891812 -0.006549700345954495 -0.23537759016223142 0.18164036972989156 -0.145533296156429 0.3073830533572474 -0.25503295920033225 0.35235384818817755 0.378902141257404 -0.1544944843466932 0.28991380101129344 0.2733149526427698 -0.05891511081496206 
-0.10912373216365283 -0.17387772396960532 0.397479852257193 -0.24084594847092808 0.38207073142305614 -0.0912211265358841 0.34942515073777014 0.25635778178657115 -0.2807479370423258 0.09351414292958003 0.13684715120437843 -0.07374099642956157 -0.3992273487397353 
-0.14614671432409826 0.28835967363320075 -0.3512219332598131 -0.3395258642365083 0.16866480224432634 0.019862649884252678 0.022623402722178672 -0.10039335132393798 0.11298402463176802 0.317926489843296 -0.17666640963857289 0.27542386525904955 -0.08081487257316772 
0.25128684653789246 
-0.04551492713451605 
0.44221427218801806 
0.6736687967590645 
-0.018481569238686185 
0.3775790902924745 
0.07747641169745592 
0.30354113917503167 
-0.36670053684944276 
-0.5417561185099475 
0.5802471483220634 
0.3772322149955636 
-0.2704804157880704 
