98 24 18 13 1
-0.04988104673104711 0.06796957194173223 -0.23117139297927355 -0.11274277212930446 -0.17777715045845863 -0.19165053887442102 -0.1243659374678024 -0.024497353719824616 -0.06692850004656106 -0.002346767991446315 -0.013431960959321714 0.09185181021816963 -0.1482233832594223 0.16972297333858527 -0.19705773639154833 0.0951560974399395 -0.0036366216594778326 0.04194985668495716 -0.14289364398906912 -0.14772099659737306 0.16468885816073792 0.2598685079583222 -0.08021193128018644 0.1825799995687007 
0.21649021028441084 0.10933580110932628 -0.2069730863556359 -0.26288861470201824 -0.1448795130992362 0.21526077847270475 -0.24910012348825997 -0.12499125573034178 0.13064044450636966 0.04332721237312225 0.07345066139322565 -0.011523264583698383 0.03545260553338197 0.2201041027190918 -0.23200592415672322 0.17863950119278377 0.2532975209742656 0.1451468445651669 -0.09687858771650515 0.12280297099515264 -0.12029303205889662 0.012358950717487348 0.120851770801042 0.0012304547701371222 
-0.08285282286977316 -0.21712625350523165 -0.22512600639094854 0.07625982149094922 -0.1423845999144 -0.1125368108773526 -0.09168503639549266 -0.2768786793434075 0.03743864225436514 -0.1493139498757779 0.07626240750865598 0.10242983290165093 -0.21332414296042748 -0.042433230006443015 0.05404069013728807 0.0020959584236313546 -0.26201095397516166 0.05468548407366211 0.05636964803188535 -0.025270522653735514 0.2184221476734627 0.001150927008949463 0.18823253047507785 -0.09339332067885324 
-0.07134588437129591 0.03133384047781807 -0.07222834130968095 -0.25836800800907156 0.131225205570999 0.02178740657918794 0.037353103981330925 0.07612278676550698 0.08992791057105272 0.1229530419215988 0.08311064074144169 0.023591128219692514 -0.1910879650161667 0.2639600192523498 -0.06341514198862849 0.30104030015898536 0.11800472974433367 0.11413043634525917 -0.16397971544198206 0.18056792135905186 0.07478471678584968 0.11580605200728457 -0.09319629373607347 -0.03291342364521082 
0.18176529039459222 0.028582487120826266 -0.24042792213469968 0.055651181763556004 -0.11382733074757921 0.02193456063510437 0.17444477113422033 -0.042766253589476555 0.19001344202960607 0.07629767779149657 -0.22046085454935693 0.18015845731987415 0.10642130258544377 0.1987336213304914 -0.11319913577636274 -0.14141703102374895 0.18263680321887227 0.09607025713687806 -0.18429727886200548 0.14291115103784086 0.1313558755168617 0.2582936000100121 0.09001286951333137 -0.0927407800883701 
-0.10487199776175556 -0.30918725952441606 -0.229731983423193 -0.20624861567060376 0.10445965067722045 0.12921990476846648 -0.06425583162989246 0.12231905331061524 -0.2824055699348874 -0.043131043128287035 -0.08797553352257423 0.3245979565854638 -0.09744578002304959 -0.0949431450555007 0.09215680950262305 -0.005220601052514762 0.1987505405018238 0.03582252756830071 0.1371503762827735 0.12038915081200052 0.13862590395897076 -0.042985718909153654 -0.26046365412607614 -0.10450290976864339 
-0.1365508670393891 -0.24537865252882096 -0.1444097067270271 0.05086379678854212 0.0007469954092036432 -0.1020258143614497 -0.2192512222182176 0.2377049356163954 -0.02441688703367998 -0.22967214842861317 -0.17362610027734 0.16422778851339492 -0.12084766235421868 0.09916509266274066 0.21752145442999327 0.2121764525339516 -0.14836996233069738 0.05249308488268061 0.04713844452827847 0.18647700299863837 -0.10830339979595838 -0.1229741895916984 -0.26766008706888783 0.0418915016816652 
0.12057860500419912 -0.012612042324548683 -0.07199634835724227 0.1642315970697181 0.014398951803855734 -0.006974955315986768 -0.03725607416546524 0.06566731944400572 -0.01961002145658282 -0.11440508719295786 -0.1728332647950036 -0.005308597769210012 -0.022124322897880477 -0.13287795540786174 0.09996705564407204 -0.13820558200439578 -0.07417028987123973 0.11007461643125285 -0.1215406049202533 0.056825332693272834 0.09782841792177449 0.27610072061709445 -0.10934119942693006 -0.13947310327400517 
0.0928950059742337 0.12835290061872387 0.16236554322140215 0.16970017400395543 -0.19409828343383642 -0.10134615495279152 0.029043064409944745 0.15329297351624246 0.17014157955452 0.022187690119439413 0.13266803523027013 0.10744984464517378 -0.05864607760674653 0.0269393106263221 0.040957010443463816 0.0622544440763326 0.1943404631397078 0.2026380754269671 -0.04127834903813976 0.15656565777813225 -0.13407653620474663 -0.16299756664356613 -0.14410043565772343 0.03980544581875763 
-0.19101970865339873 0.21057502655700536 0.12980271146472439 -0.19366428971392344 -0.1284703739293663 -0.06615338951278003 -0.14668182902104213 0.11754263683896865 -0.048175266197836145 0.17321073714943014 0.0044513247457556495 0.1478377490416388 0.17359677610698268 0.15509002723932683 -0.015698106147231158 -0.0004493422386339478 0.11309912648305342 -0.08459871625588207 -0.0038070368032231436 0.06794925311526984 -0.19345519421040225 0.023402854686839634 -0.008712812290801255 0.11545163906704431 
-0.143050606783645 0.1541232026417649 0.030527280190851935 -0.1270405037244773 0.07455733830073469 -0.025838602956266856 -0.24273339328056587 0.03756681469304665 0.11868350545962042 0.16155471314043554 -0.13811214370152736 0.14825626504839168 -0.12146220127297656 0.14461923823943906 0.058855192668122315 0.08227537817137551 0.04964645698815678 0.15004596339884435 -0.09385930732486004 0.07060356718351612 0.07212578419731866 0.1838198492558289 0.1663175949873152 0.12442042804569567 
0.10559345001067029 -0.0340685198800795 0.06391474085104434 -0.042642551435227875 -0.07023592818543978 -0.12296910069043106 0.004517748272318692 -0.03700258988909613 0.10813870121429507 -0.09328198206741024 0.2806406424148199 0.018096171905408444 -0.12888986676156267 -0.09635947364228632 -0.038254022008690075 0.08316845982565349 0.033091098746716514 0.17629490289303273 0.06408191456380888 -0.021262222680475767 -0.17272871501719983 0.10407317919934891 0.10452854845431182 0.14455848742590854 
0.14390642042554777 0.053349675273085005 -0.005665118298108109 0.0818538998532642 0.0180752336000519 -0.02898229726482156 -0.08082291091283926 -0.19507263338904102 -0.13329720599768768 -0.1435002756111392 0.17231534992637612 -0.10227928052829612 0.13509582085862584 0.2166368535798049 0.07033884201621919 0.09501684933116894 -0.13912549253285708 0.023329102655501106 -0.060949995566858296 -0.22793625265777814 0.1012999488372413 -0.005778106594893731 0.1274369417582742 0.22676054838568188 
-0.1069309186593155 -0.27058771381446245 -0.12173005247737183 -0.02562535394043162 0.07652394800883244 -0.16309897962263806 -0.1396859639665329 0.21568439499637168 -0.13148249823855473 0.06146079443051073 -0.10540231844152598 -0.19156185916994506 0.05797842828807003 -0.015818228536919984 -0.14986000102976127 0.06923099088708425 0.012136657792182566 0.137212166811049 -0.14121675833184835 0.0446099017284441 -0.05289117204563629 0.102311479038075 0.0645265153488416 -0.15185462504142047 
-0.10441649423961492 0.13997001403896536 0.12922099483708785 -0.01977551958988871 0.12837464889196318 0.26584673551282595 0.07590780537529927 0.11293316755434153 -0.19154430251524726 0.15770658980268934 0.017033282889107337 0.08673846693056877 0.13225367876878297 -0.19564256615841727 0.10201413383530465 0.14905861459244868 -0.07679771695406938 -0.08925919779051954 0.05202362819674651 -0.027002203122354743 0.1458136244601006 -0.04790400930092982 0.09444480176505153 0.2281018702305792 
-0.15448486925060226 -0.1258289606965736 0.15973313323494126 0.01167067851888806 0.1851216247216912 -0.02317371890369717 0.2973384383305462 0.011987762251963005 0.010257021501147658 -0.1448939279342602 -0.015377726093204409 -0.2663485624621648 -0.14494267593666477 0.07360890972084624 -0.18741379122597335 -0.06809137466184818 0.14472850015383287 0.0739902456082983 0.07530036104357167 -0.12844594758933914 0.005933537252596241 0.10403438836395072 0.2770857234551612 -0.08264729475762497 
-0.14134954403247293 -0.12387139561808012 0.09893371878547878 -0.01683748772761523 -0.17664630020797784 -0.043731443593614784 -0.12363836863052909 0.16043764281347797 -0.09234422604090435 -0.18854866963650752 0.03666474612403407 0.12716958883310417 -0.029197686262158972 0.08716292094374337 0.004352283404926111 -0.008834914919007253 0.22892453539083124 0.08695589902276252 -0.18663256832811242 0.06379161469317504 -0.0030763503661939986 0.20244329533202665 -0.11030422862317489 -0.09204096385608443 
-0.19412386974500156 -0.09459280205590452 -0.18421071979777537 0.01576816863792062 0.0725147261141023 0.12689323960458423 0.1247089630148022 -0.10232024982181717 0.11946753998934037 -0.014532135863176058 0.17141926923903994 0.09418896958429321 -0.1466225904451195 -0.14407437339747522 -0.2029427175990759 -0.1406951553058065 -0.05054038816449332 -0.1436553334519068 -0.19898429648297886 0.09393023652484257 -0.005148562565464248 0.13247307837848674 -0.04789563297799541 0.05268097721957647 
0.06694856409131686 -0.028526799269196768 0.1123422042044509 -0.04343141709935083 0.1516219126692668 -0.08793397443580436 0.10333018829158196 -0.1811238052403299 -0.01731771843164305 -0.31296908417608943 -0.02863539150091753 -0.1550484702636089 0.21047219079208396 0.24957757716631349 0.13791565474299625 0.2536040721947232 -0.2049272768105127 -0.08352793343320844 -0.1238722932430239 0.030746312088970662 0.22878029988630466 0.28952937466500595 0.036965937597271084 0.1427437139425003 
0.16152950730631457 -0.04461402559817789 -0.098924481625929 -0.09971143924943657 -0.23362191806687133 0.1370793170202243 -0.1970335177940275 -0.16024593040692992 0.07312670552364317 -0.07714452117276278 0.21228722102019482 -0.053510937200288974 0.014181484106635292 -0.030459218208221936 0.1549044999521423 0.038698155676788006 -0.05954774754312598 0.0286908884057979 0.16834928736147042 -0.27760581164999604 0.13944130290393628 0.2000368179783714 -0.14769597498068376 0.03330211210278246 
-0.10246529774690781 0.12594056661886563 0.02291980699294146 0.03675884105583577 -0.07716413363124212 0.0116317621061393 -0.12339085114667779 -0.23764854229317617 -0.008456876599642674 -0.03184047225547473 -0.021997300886788036 0.22237341035472394 -0.03369802681967363 -0.08156654670656314 -0.04070984191390624 0.22205640028396073 0.20902860437308937 0.1871653398067443 0.16142451320116336 -0.22728390211562502 -0.1292455548453979 -0.053844858854735014 -0.0924311303700102 -0.1274229265607257 
0.13832880004218812 -0.12253681374921446 0.11688395916047725 -0.132782451981103 0.07595625044959009 -0.13430873559257475 0.02594287591832439 0.02677681578424422 -0.1056322868561281 -0.21192148095505972 0.0964568779672767 -0.0783424330923047 0.03657599759705951 -0.22557561560830128 0.0364608904822864 0.1420561970588018 0.14934674045214427 0.055924802491510606 0.19000938562433325 0.20769565652832692 0.013470903942065859 -0.24780795881467346 -0.2903684811727658 -0.19759147358675913 
-0.015230900428416953 -0.1062237818937788 0.20143794156108405 -0.20914119292914737 0.2357302075975999 0.10662450196177185 0.0993721002138522 -0.0024618299542433506 0.0789967801403179 -0.014464826944431691 -0.23184066198847797 -0.0658649468461644 -0.00163535691550597 0.07125814207105709 -0.012269111012737532 -0.030036812099848237 -0.15930509195019193 -0.22745254768854595 0.10217703052722575 -0.06725505340695496 0.230574998054396 -0.14357568147360739 -0.017083265922440676 0.008695285762508996 
0.13850444570403592 0.052962149621474774 -0.1491740281725871 -0.07393004339305848 -0.002469176023323001 0.08699145322639543 0.036342370038764414 -0.15115494698026022 -0.2151422380392097 -0.01759832868999714 0.06967586244136616 -0.22501703972632103 0.12641858983418852 0.08562976641794927 -0.01987056034167122 0.1548066412621923 -0.039771869388712314 -0.22831118446318877 -0.006084389160747893 0.10632280344314539 0.141770951198653 0.0564565941768034 0.0921154857988917 0.01600635039760886 
-0.07989455420757269 0.0057066217068581695 0.06766031696856348 -0.058071807378865005 0.13210203382659833 -0.14848982745854208 0.0600845239447864 -0.11488365207358321 0.025497987377992887 -0.02832513339568779 0.11685444012318952 0.011871795635429696 -0.17100132327680334 0.1828901056700841 -0.07546589680228065 0.1580426493960725 0.21209356330894805 -0.11031867409019507 -0.11323981738510967 -0.12018604535628356 -0.14203413232910284 0.062408104194632746 -0.2512942323486246 -0.1751226285322611 
0.11874963862548234 0.16361052314460095 -0.16708293307937208 -0.10618890504118922 -0.11584230241460107 0.20538661899532198 0.038806354582662406 0.04416648533793206 -0.04311582852666985 0.08668079827207072 -0.025347985914407557 0.1598289298160566 0.13757399957840188 -0.07837622757002859 -0.14861386018091544 0.18914394397397377 -0.17935320086783269 -0.2111508799822159 -0.02696996299678314 0.008079181391184256 -0.08214084327056874 0.002181703181505099 -0.1518677344907187 0.07003816288610845 
0.1359201831084063 -0.2835500736918919 0.03963220574958128 0.12780588789592545 0.04560772724047766 0.04533011069519216 -0.20568779011129698 0.13763578398343088 0.196232094520776 0.0023382669517372995 0.085272840683704 -0.18365896503478815 0.12244030977554836 -0.1721302413456374 -0.04119099210177358 0.025876926694162777 -0.19786940112641396 0.12030134494941973 -0.051050887052847486 0.031095866186380595 -0.006372431919021784 -0.07493411214945059 -0.26979942928406486 -0.16884081989738045 
0.061599272996064505 -0.11845463966829047 -0.056235888643837405 -0.17063842020524253 0.06022646832921264 -0.142111914916036 0.179950499395293 -0.17392782236800494 0.00039562654595120617 -0.18218760933107345 0.124121593501445 -0.099210364982251 -0.06655003382375185 0.1128665139817204 -0.13904569558924476 0.0548445004053128 -0.09927054282897384 0.06117928266863129 0.08804325582726244 -0.16593923296799298 0.23678378527127936 -0.2196812963155929 0.18309062683742822 -0.0435650010018166 
-0.09200824463441383 0.09072675612664709 0.07948424242093068 0.19311065496791466 -0.09879948896889923 -0.18978850336841335 0.11156512813932841 0.180324763752049 0.05638120869472301 -0.0064567812147035405 0.10962624335210312 0.1609492843054807 -0.13514496195295694 0.1014042159643588 0.08930143270780044 0.07901047879394778 0.0023584675166171895 0.07783469190868912 -0.1985067210154709 0.06667864517985356 0.14933419116400146 -0.13772377523752555 -0.18832489404338193 -0.1907352514935311 
-0.09312580338899472 0.12102806393600914 0.01689309749651409 -0.1448751957583402 -0.14371329132373706 -0.14121784485709524 -0.024250243042787122 -0.06930223178304562 -0.05824294052671006 -0.004554182065360461 0.06439371163235252 0.00046443365031077343 -0.06242433393497053 0.061689817554014016 -0.11028445618602062 0.007273702230213558 0.012002318435570035 0.09553364589459908 0.15005543555823844 0.0005190442286872733 0.15141818992960115 0.034937851014510676 0.0271935504662678 -0.14634118610219823 
0.0044807932791364954 0.10421070281322116 0.04141836277188723 0.08409849827602885 -0.022419873510270874 0.06798496532240385 0.10224391538850858 -0.1812369040712224 0.019407740276130712 0.22610095235891847 -0.0055203331522268645 -0.12460618990615334 0.19478790987265157 -0.08648521427788669 0.07919602419002236 0.05652406264598615 0.11862570727667318 0.10973754938069163 0.1341750397804472 -0.1965459218745123 0.24143850405773443 -0.10163863782437783 -0.01176414671283825 0.18551063153609687 
-0.19613665638400282 0.10398073449799795 0.13458247054249575 -0.014781478344355682 -0.09656730469390251 0.17830915841412556 -0.0315977793671018 -0.12083897190561108 0.2294219076036162 0.18679943528997017 -0.017838267272680845 0.12372276480066931 -0.07643882753505073 0.011205303260485968 -0.049970038472271286 -0.037994242525174395 -0.10422207820273226 0.20311187984994733 -0.08121137841638097 -0.19411634796307284 -0.16555171862189022 -0.19849347765796838 0.03211500055487018 0.05072883305913483 
0.18095531232653825 -0.05044786145836432 0.11562025908717825 0.11820661130980484 0.12167076778117648 -0.05110953171391033 0.03190940507955412 -0.11867052978490787 -0.04664928601229949 -0.20306032891243875 -0.035848623623630754 -0.1155661327418881 -0.018797799515426292 0.19892357271264188 -0.07082050839450121 0.19669632117011937 -0.012964664826193883 -0.01875063433584097 0.14203527623661752 0.16897112514648704 -0.09360514629870587 0.09822341262765959 0.0012791115569080822 -0.10336236084820186 
-0.06686307437292817 0.10802190844513607 -0.09141066861969198 0.17039372447105053 -0.0807837504259277 0.040315720202009325 -0.016967751962084013 0.1346810492843708 0.19416596802347522 -0.12517758147983238 0.01985200055771093 0.15611327439265388 0.026452369085870082 0.1758682220986301 -0.08728261091792014 0.003990738681452575 -0.01565676699685471 -0.10758971558956594 -0.19417312273531026 -0.032661473409516105 0.1870995308024495 -0.11708462149442658 0.11977414921946075 -0.22580238775463507 
-0.0622272804024006 -0.220267326249517 0.07941822850940738 0.05239390865934732 0.0743274228412826 -0.005689379082559475 -0.004860424798754693 -0.13113115010252294 -0.11316479441602033 -0.050351229718732245 -0.05693088578346896 -0.08650084544390574 -0.0021098404957885122 0.17192661429718506 -0.0069573372747996015 0.17495010448748932 -0.15991160561880313 -0.13924103768294294 0.0055382758633421725 0.12220404385245932 -0.11134405735240872 0.002320328800778903 -0.07241973738685087 -0.0010584298408061966 
-0.1343809176849968 -0.14151460391466364 -0.094115075928331 0.11771279359278411 0.11098904071955872 0.00965490657474719 -0.022401803256351584 -0.14084582170656298 -0.029683515699322222 -0.08012300636266044 0.11936367637897251 0.11813461335318183 0.01937912082143128 -0.1070927542884431 -0.011501483706881236 0.2638679676100412 0.11538757169321305 0.08522540553399949 -0.1383229687631878 0.06732387221624048 0.06777373775853049 0.027422142988350245 -0.09446063236109195 0.03896745420558684 
0.1746264656914746 0.0845346168737472 0.03111924255273086 0.18316646725658123 -0.17347967229235964 0.22059228388900548 -0.21784780125381886 -0.1316429234351012 -0.05505173207597966 -0.1733880393952301 0.024713169020084146 -0.18393534519870533 -0.1360637809488287 -0.1830258303690968 0.08030884003575894 0.08542446124125641 0.002013441241157771 -0.12364618223849337 0.09766688040523203 -0.09790403606112114 0.14698280682353057 -0.00245699966630993 -0.0030314205189217267 -0.1881892003988866 
0.021919188707825818 0.0028179234038399796 -0.10718933579225366 -0.031020326548126902 -0.046180427358858855 -0.06965357013403878 0.28174585403683194 -0.026367326255369906 0.189844241813568 0.014072185602922801 0.2293425249561966 -0.13040395655668457 -0.08410735707903481 0.110365439808296 -0.18208071976770124 0.12911102933322974 0.07184636361534971 -0.048594206979224897 0.19776024449088628 -0.17606511801402047 -0.025374901389269986 -0.18713052175007397 0.10309303316373122 -0.12675208499851817 
0.08609381945902138 0.24310248561037948 0.13166946883420597 -0.018854031892775666 0.07390598309830719 0.21747098813709753 -0.03200475958582813 0.0003109218762692571 -0.2479985480619437 -0.05473176865111998 -0.14215392751828734 0.10747970932963184 -0.034795943200184976 0.02154468963715014 0.14007626298604592 0.04647419106748883 -0.08354989894890448 -0.09131406165384061 -0.17053277748848392 -0.03210517765124274 -0.1541946200720789 -0.07464780029589589 0.02669310298818975 0.23227777423445856 
-0.15541068707436145 0.08136020998587953 -2.6401452544161643e-05 0.1097153398108102 -0.141595166896775 -0.1416507509056746 -0.04566443839450647 0.1725285419581725 -0.09770925727289542 0.11470518234333481 -0.08277289486338213 -0.1643538808752718 -0.19297452847788482 -0.08415307890555755 -0.04672834975988528 0.030703213571564077 -0.23470719908220702 -0.19696594635766507 -0.1930313237978507 -0.15362726254146722 0.05015381454227654 -0.03820729408142666 -0.11764532408517511 0.02268226019665841 
0.20625414442238738 0.047232107379379475 0.07875673399188396 0.14910693614802667 -0.18362545877531114 -0.24895649694673433 -0.02178137097806057 -0.07122407440668828 0.18557712395502332 -0.020608904674060617 -0.026215252253517146 0.22535354938799257 -0.10767764581513799 0.11346767931959262 -0.0974323208855138 -0.07097443361009496 0.02491450055939407 0.010794588335289798 -0.1108270402261583 0.09582086076019937 -0.052233277700555206 -0.12001520432598087 0.1094315687006981 -0.08987547828827173 
-0.08546695628778264 0.11833337129300608 0.010087685244160326 -0.17743436086719885 0.14874951673924605 0.13059385297083756 0.22926995167383818 -0.024283649771959605 0.10375538546362109 -0.06323379742715424 0.015615222599864732 0.1190102698701912 -0.005884066439432439 -0.01230146476752319 -0.068575447710403 0.027405366937626924 -0.14480902619996142 0.1176140243550081 0.09954786385223341 0.11005494825941048 -0.10833247488621818 -0.14044188430542448 -0.12115563542087497 -0.07022037401999759 
-0.18468756406412457 0.12118265661466181 0.06711214475342585 -0.03322930703932962 0.10598513529151642 -0.021890420151678625 -0.18357218837195752 -0.14515002561701604 -0.09684159563226744 -0.08011541263065375 -0.1785186965871454 0.009234547417964903 0.04361175432286043 0.009012750192527123 -0.026508240722015255 0.12073409039463161 -0.02470026669849748 -0.19350794806527247 0.14832250659367896 0.07530495314758391 0.1054138364559543 0.16376881217971687 -0.16406080826536737 -0.104839348170041 
-0.17404575634189443 -0.08488596048486498 0.13564892977684528 -0.16663978271311133 -0.0105129521963258 -0.17402176787133192 0.07035025695170724 0.09313480581129246 -0.24135344767511271 0.022905246520543536 -0.10310197167936884 0.252483108551082 0.14599412539883944 0.0872856976278182 0.2074207267904393 -0.03273577077183347 0.18541340031181822 -0.004759465500130116 -0.10454190475113921 0.22948293594187041 0.12002007436962202 -0.17341011734802883 0.1163465364108243 0.1049969739320361 
0.04311035831728318 0.07636942310848403 -0.09748938512866653 0.06241180606020886 0.12477703497467676 -0.20277975607475773 -0.14687802997829152 0.1485896593173265 0.07115396349964642 0.007272043748822785 -0.09954848394634079 -0.09605590203377033 0.15344180811462382 -0.08440608683972353 -0.17360521538866228 0.17900695950514045 -0.16923887725626036 0.13215381073855328 0.1518364617642104 0.023477327229195495 0.038495946871877136 0.008906445308106671 0.05274446149692467 0.16163915871223608 
-0.09402802398089627 0.22418432995487536 0.02652630391110558 -0.15309934724442234 -0.10807238280145906 0.10113786415586157 -0.10308788319740665 -0.14651281634461366 -0.10902165267811831 0.10160349382590177 0.08934032434495291 0.15568146486501577 -0.0735255594084019 0.003250633450056171 0.013928015943081762 0.020079918078403754 -0.18546220335571184 0.08735689347924536 0.17098299602301043 0.013565127759413096 -0.11225480142564367 0.03196489927063515 -0.20725772699022957 -0.06766592379552261 
0.2680370542792821 -0.027654077956946424 0.14111025036317154 0.041099758949427544 0.12797738904467967 0.24095939356379623 -0.09803187881395811 -0.14992814474410146 0.011593879708351022 -0.06389554458076631 -0.14840168350797844 0.12327577998206474 -0.18511161469534165 -0.057129520081964445 0.13537189545715034 -0.10198276056350193 -0.18897787961444193 -0.19108020141889562 0.19874996747008444 0.08436540575008143 -0.15403471924728862 0.2525168045966733 -0.07441060407140726 -0.00780454617747124 
0.06537896059563882 -0.1592124158440982 -0.07680089683935767 -0.050457102024900904 -0.10108596387851786 0.04989276818536872 0.12042140399463962 -0.17055903679271792 0.24260561545693052 0.1138105950028 0.1685645963976716 0.07847518897045551 -0.16727266079293535 -0.0854612335339393 -0.021273950299430924 0.05054808369755958 0.002437301034750928 0.04427909957962434 0.07160173705422797 0.13220704724402862 0.019668512993268827 -0.16570185269146107 0.14865177997170698 0.01915416853955519 
0.198842019200453 -0.10611314912752862 -0.1282762314382536 -0.04276968929181842 -0.07072296570640614 0.16357844298457397 0.027330910834682004 0.08751559821102803 -0.05447409064041687 -0.15943021726779508 -0.1531268305438029 -0.03401347422594763 -0.12137449102748943 0.16473842604413166 0.039111979068388585 0.10677483159562501 -0.007873270214843762 -0.16398843700055257 -0.10483703646726426 -0.0021393638332448542 -0.11946910603597627 -0.18941397995011386 0.07805712465020691 0.07955094286646376 
-0.07225906160915409 0.1110161335417601 -0.028047661724753054 0.1500808637738592 0.05791254788523459 0.03728158455748866 -0.11861138120755975 -0.008093566879727178 0.17400956263791428 -0.07691807802711859 0.156656380326115 0.18752063622842477 -0.06703483831020716 0.06726901061842622 0.15888893347257033 -0.20450421784285283 0.14349329701413782 -0.122583208095728 0.13892494966297675 0.07736608767560815 -0.0694682123257628 -0.1384637283676957 0.05997993216616844 0.16411846477119926 
0.13814651365661296 0.07980964724377207 0.1790936108903184 0.03528103665698295 -0.11977380979869837 0.029583446241552135 -0.07190226845539653 0.2209805115985634 -0.052876958223226043 0.21909204117444925 0.00734888555601443 -0.1475108447645809 -0.1694948756273122 -0.05764900683889751 -0.14974075916757446 0.05570623297199246 -0.04838703287306961 0.19178962689639573 0.17133000800245346 -0.1393259846560463 -0.048892158152650335 -0.0405252068613241 0.030030115775093236 0.11972563761910508 
-0.005003023834901505 -0.03137360900573831 -0.09406740396725753 0.16357556593293837 -0.19071624293854303 0.12739167957122868 -0.12353600541834518 0.0732370990061854 -0.05696993394123504 0.18928756088563284 -0.15000189203489567 -0.1238971241105337 0.15493598792115448 0.032712797398263965 -0.07522532782732595 -0.19946228927935356 -0.10783333186777692 -0.14087080731266327 -0.11752482537024685 0.15771698972283918 0.14833309473871967 0.07902211258515987 -0.011536816217001792 0.12981097234053343 
-0.0323401975641754 -0.04841804122252648 -0.08863463083863678 0.1650180695238802 -0.04439332092989073 -0.016610009713810273 -0.09482037007443349 0.18505868783824522 -0.03812558076775374 -0.07987295280922709 0.0809012250979324 -0.15148598591147486 -0.15185130441411074 0.13404509386683325 0.09651977504528418 0.010732541705205484 -0.12574435723066782 0.004056111988368582 0.054420140795107964 -0.06793875758530735 -0.1723653729616125 0.15111859573043282 -0.005564842106431514 0.10441671140181354 
-0.09730961428984165 0.0526514073884504 -0.02790888983657455 -0.046325435269618916 -0.14841069563965564 -0.10115852837922673 -0.1675639729863707 -0.08563605721582881 0.12783007853536382 0.037169013714101626 0.04176886397247187 -0.2381347857113264 0.09983968198564992 -0.02318830872473686 -0.10650691012041602 -0.16515985919220635 -0.15890235256209123 0.1367052247007099 0.19269214818649033 0.2074314979066391 -0.06007836526328054 0.1061810528754948 0.04129186771645048 0.11947892000703678 
-0.006358745141344756 -0.09867717184650757 0.11379161727012652 -0.1591090857672161 0.01447767057364252 0.012373850035944491 0.01708376254975748 0.06197770973381726 -0.18831605212088634 -0.04202962424474992 0.030559778416273126 0.20504589309862054 -0.041669881048181416 0.22006632248777114 -0.03767679550231002 -0.1446174828925704 -0.07934339850037997 -0.0652177914581101 -0.11169302078149386 0.24605999147010316 0.22515761764354375 0.038790337426509655 -0.03150604556604472 0.016424196292490856 
0.07042046918333097 0.18304988585035398 0.1365143939982322 -0.13199304514741064 -0.0936121609436642 -0.19447926274681826 0.20448009790376176 -0.10431387578126433 0.04959649636839458 -0.16339878415583056 -0.12859972791337745 0.008661370355475024 -0.18267885391945127 -0.06530381230612188 0.007456421177911145 -0.06334504359092412 0.02185689855028214 0.014384057999755256 -0.042962688313889955 0.040512479027541924 0.08664640707678055 0.074127794104364 0.02314719094091926 -0.06665632997606064 
0.04443345481139422 0.186414556373273 0.038027940040966185 0.2181282400882285 -0.02310717676064873 0.09471145798642158 -0.18448811955974934 0.10902619857132108 0.024204004871167032 -0.1976101894803168 -0.09352332502021783 0.024569366688407486 0.1060547920499439 -0.2087679142459552 0.01920325644172155 0.1422721625997436 0.07094350043757695 0.17942156882285684 -0.1694311277918277 -0.09261744203965994 0.19494459000921924 0.0980087322093783 0.053933846878262096 0.11702712574682267 
0.21199827013893427 0.17294431770617724 0.19917130573234956 -0.1431911216340497 -0.17112835968110218 -0.16994347835595247 -0.19377617557395638 0.17208226607894203 -0.21475904322215394 0.0907475405232562 0.026472946601595153 0.03149480998858895 -0.060345915772373575 -0.03216152043837987 -0.09732950270767472 0.22102423035754076 0.07179843145603786 -0.18923131938291746 -0.0150546344238149 -0.08636078958189695 -0.15851327366625076 0.19588520063807538 0.08070699750775542 -0.06707833253796232 
0.1487601710865987 -0.12031851730304913 -0.07576820119797455 0.16050010589843375 0.26377892623774996 0.08407704753186918 0.1823495132498799 0.15092729886110945 -0.013124326002346713 -0.055026233747989935 0.09567577066319707 0.0001629192158035163 -0.0005560607004243696 0.21909932196850587 0.10844001913477107 -0.07346913288845014 -0.2432611876888341 -0.12496807465860457 0.010498788074847517 -0.03251238067382284 0.15315308674852887 0.20009505709594894 -0.1690466179264619 0.1768399414696713 
0.18245785998997155 0.18330041665841304 -0.18438308001028578 -0.17638106194228398 -0.1974145744685757 -0.07385851390824902 -0.17714553711087233 -0.08135213675885186 -0.056650061190315376 0.18094896367736843 -0.009009988051451784 -0.08758286948354403 0.0011733901596859841 0.05640214103330414 -0.1546579018058227 0.10209033618273478 0.13980231991271366 0.1367011375337865 0.15536612841275366 -0.04642752719983452 -0.022007611940218358 -0.15856445600360292 -0.10855095761179295 0.18811255029650953 
-0.0850353790494795 0.16219572602076998 0.15538449849109962 0.16831158840829094 -0.13654022995298334 0.15100912242742975 0.05190155591615768 -0.11463748048023881 -0.060972265497347904 -0.13502202758619228 -0.02179432067159967 -0.16576893580371557 -0.13284780140991626 -0.12002941885577165 0.07533427065774208 0.02893126473765577 0.14842543697407523 -0.10101150761680518 0.050956745672931875 -0.1857763812005746 0.006329572673843842 0.14435109031156326 0.19331689141795574 -0.1957568412017458 
-0.09772833898480042 -0.11836470456725746 -0.18045609395807952 -0.19563504388278072 -0.0038297870211604942 -0.18129018272552105 -0.08754707901513786 0.05506157456921548 -0.11244587367347339 -0.09100948312383006 0.03552680252939144 -0.03171089601019294 0.06812601295813392 0.005973646996514726 0.052382283947754904 -0.05768936922684446 -0.08407029436035651 -0.15828501092936886 0.17421756400410335 0.11816885058671782 0.21520982927637994 -0.12477715319566082 0.17203513491567649 0.21532473867269816 
-0.09682875851367775 -0.056441946893565464 0.020136890365099133 -0.12481384894268135 -0.022677111105284257 -0.14121838998076086 0.24206137346098947 -0.002411630342553964 0.24979128545287196 0.018171519690550086 -0.006128454141544618 0.16124052324416963 -0.14176339126910234 0.010733347473954104 0.06375184557196475 -0.02592450892191413 -0.2398648387519601 -0.0028421931274516046 -0.013638418285483934 0.18188548705194219 -0.09620118516024646 -0.04263885998835931 -0.06858995529629533 0.0735102167467665 
0.2161359158539562 -0.13476944442724953 0.12752232649281378 -0.10647481917203944 -0.17622197797690986 -0.1606864629796421 0.1932510107214757 0.1717345703171601 -0.09285059102014533 0.19436096377010298 0.16288627808746972 -0.029971104459692685 -0.012495876873010497 0.057894036814379185 -0.13578202079168858 -0.1937606052551455 -0.08492921338781435 -0.19349163991620683 0.06876066249195775 0.02015152107418094 -0.08053088169541556 0.11756845399894217 -0.1500350947852463 -0.10091284072305581 
-0.0819693842446273 -0.15336785266731992 -0.1640835453854026 0.1381881872534587 -0.16398238067343224 0.04078014322406058 -0.15095944067125658 -0.19542090527438294 0.035674847308938336 0.1709784840053054 0.169817508893396 -0.08118989935959263 -0.1887303469421478 0.12281463557363036 0.12130728111464469 0.15325915541176735 0.05902801230227767 0.10789056455548543 0.15819235840277737 -0.0190066512196033 0.022648198379519285 0.0007473125144184051 0.09532675892826746 0.06108825568500066 
0.07239649679100964 0.06414316916278331 0.002256947637100122 0.12484425819760242 -0.08614383821358156 -0.10615005781864398 0.12467957655879176 0.08807288363567234 -0.16465268786809212 0.1048296719070864 0.11830149287004682 -0.10424521478315137 -0.16586639902763775 0.1254736982511797 -0.10907735193953927 0.19821979503902395 0.039902538766569406 0.14445285012437728 -0.15604483605513772 -0.16556324407081086 0.13463554108611137 0.0006636929198756044 -0.16436125698874696 -0.05069083514462336 
0.06782505965508949 -0.1230863020064086 0.15747706119642418 0.2140925973566343 0.17977679876283228 0.09090456100049192 -0.04455053935594792 0.1250366800912767 -0.07626383771062481 -0.07316783058238799 0.041583157177193734 0.024989265130079548 0.18473346632220425 -0.12491107778639826 0.09971966042978696 0.17671207111911724 -0.23806008474576165 -0.00934732984833198 0.06182775887915825 0.16973033251507844 -0.1601314106022671 0.14081907498560353 -0.05334256968785421 0.15368803562095512 
-0.18850571607550617 -0.17626040576865898 0.19221275191643064 0.04300709556246989 -0.03230362485205763 -0.14057473034934273 0.06668584310160587 -0.18474343241105165 -0.08275357948981016 -0.06956430429160856 0.042193468976810186 0.06626435361000241 0.15312371942544928 0.16924119106927474 0.06318396503843238 0.027622828966563165 -0.045079046133734126 0.1935870047149082 -0.1373743352739934 0.17494375342696203 -0.07452225216004184 0.021794901909377187 0.08049523513956451 -0.10427961889240746 
-0.131874373407156 0.003312887027513656 0.11563744922462141 0.07588638379700903 -0.1515359779850091 0.15950413634098046 -0.00791941746410075 0.17810885397349427 0.02092309626862943 -0.16535323878371205 -0.11791455771100186 0.14072632304344893 0.08126838817346797 0.15715784882331532 -0.06731236132859479 0.010948951584436505 0.059193002194621216 0.037003285633746 -0.10628479195853403 -0.028685597369062867 -0.0996201974580212 0.13725110240134036 0.19435404667360898 -0.17273763011949966 
0.11660938613062409 -0.09539116002855558 0.0493056914806909 -0.09561409751376718 0.05943469555530419 -0.05065789365426703 -0.11255391642022204 0.16072113609452945 0.17448525137088353 0.03503359522126241 -0.11309716436728576 0.215766892157106 0.09051328259192601 0.12042216012587059 -0.11419889757973634 0.12644754324221885 -0.09653342864429153 0.051753425275652534 0.08318653673981351 0.0863594730792043 -0.02849165015990258 0.13585556700916823 0.15741016241012215 0.03429437396641763 
-0.1630835403404683 -0.1832676644464103 -0.1570761686595181 -0.12986590833222797 -0.1485247320169649 0.04668026881127975 -0.18375422968229085 -0.10224240066169976 0.2643341524908824 0.14591638014279096 0.04139585953137387 0.11585806421340084 -0.18211429416025235 0.10416955124297268 -0.07440963279395478 0.03584926673639195 0.04201466022151908 0.09386541342008119 -0.016219503101902035 0.2902949570327299 -0.09570869809610956 0.09661530708978151 0.15075456480878027 0.18451567339048047 
-0.18650227735040245 0.13377293777976335 0.025686226773012744 -0.002958844630009963 -0.09517903112337059 -0.06823231123471625 -0.09907986912766104 -0.1111721585062841 0.2023893715364192 0.0009351062344813038 -0.16600579451900582 0.05390880834218187 0.08540903616806125 0.03906023233373781 0.006014830676475335 -0.039276956750780787 0.15101838593202674 -0.1882900427325015 0.17246800596416023 0.2575134027139821 -0.06154917066968472 -0.11309833146546339 0.12300817546192071 -0.12775597390732768 
0.10801100278075987 -0.10206768272738026 -0.08257032331222748 0.20635083070324203 0.16038366420106578 0.02506468149001678 0.15066133686849895 -0.05803099827590651 0.22451190003146937 -0.025983532593799 -0.08097374128679315 -0.19326246301598188 0.2163840105664824 -0.018612540872308674 0.09270287207921742 0.07380939880481045 0.10380922692423604 -0.17900632020291518 0.16731573863881744 0.19733221602818604 0.03255455576861325 0.1959482393504735 -0.1033487877585038 0.0401028221133086 
-0.04065177705393362 0.05032960542772312 -0.07865498048134437 0.1266824734552862 -0.1714347097500619 -0.18275315461467645 -0.17970189970614925 -0.13883470036439208 -0.04109086542227025 0.18164412203732258 -0.15483984304834217 0.05806491562966005 0.010800177281194919 -0.05774960020742076 -0.11962664225990026 -0.11064044722079293 -0.18196413659137792 0.08415320460736217 0.060558163072868716 -0.02202152081100235 0.08645684249933161 -0.1551710078017678 0.1748819246894337 0.13806168103178074 
0.06261956090819146 -0.06799168296572784 -0.0327234172326782 0.003603311825748105 0.17348930027464743 0.1751206525810405 -0.020421720930731465 0.021349147594263464 0.17765948487729805 0.18812750848738144 0.054748693151798325 0.10133421419317974 -0.06402386538226383 0.148629312834823 0.13368141854503668 0.02038202794473231 0.18046373545787509 0.12533941725005793 0.12228213681029244 -0.1468045192226164 -0.016461290422125664 0.17471044169688982 0.12648375779297316 -0.031090204171454538 
0.20218785900242847 -0.11430816959755322 -0.06553912311034628 0.21807791348879824 0.12240428286921068 0.15063297012873259 -0.19505873265424964 -0.04724909889751736 -0.10032272156522559 -0.08052623874786075 0.0940654863685757 0.08640124492430849 -0.007651428766718114 -0.09996708874623898 0.03321919097473775 0.013184470089525101 0.06710089575773252 0.04536796150111245 -0.04097329373842925 0.08271186766423809 -0.09838352506332529 0.05704480349306633 0.2080934105225165 -0.19832693033762014 
0.07162224230678829 -0.17313615052271403 0.017136742282865113 0.04989149188310972 -0.10168659365870812 0.16045605940529953 0.0671408368458823 -0.10619195700827352 0.1344422970891509 -0.1569773061344848 0.02162677741208347 -0.1899583066622265 0.05535211580494269 -0.13280100519985494 0.05882370374702254 0.07908838561647001 -0.010573396043594963 0.052477713037482894 0.12424429148644445 0.14856815071155102 0.03653407803931794 -0.03541576059799662 -0.02833284452948759 0.14900415105540735 
0.05619373317507745 -0.1345221728470977 0.0257561879846091 0.21304308605678657 -0.138740009224384 0.11884073486117783 0.17623222601639157 0.008507359709112145 -0.18449625094178565 -0.14002470994962984 0.22147797803724265 -0.2363013798228406 -0.050123050354187376 0.014851240968482086 -0.12012914852977213 0.17823469947568435 -0.2005177085908634 0.015525348540501934 0.046369698662813694 -0.1064742625959924 -0.05013842545499658 -0.003511973250133148 0.15434301874173814 0.05280651468610207 
-0.012691590595699624 0.06362311622962535 -0.018249164905396215 0.010052298711229358 0.06243398417390066 -0.1264597923287316 0.10224087987331225 0.025164182776588835 0.19073299278991054 -0.10992321282000547 -0.01319456940601647 0.19593791186307233 0.039821317814796496 0.12138127086240061 -0.03386472946580986 0.10180357965527458 0.19244245233364338 -0.11882878132731586 0.12186183023258702 0.20607857518768824 -0.19384735155014318 -0.11279962987578075 -0.15218078562744053 0.09466587923408516 
-0.16680473596500972 0.19912778849315738 -0.04335710242203042 0.16130834958336698 -0.12349211698357074 -0.02315999903190957 0.13692753011090375 0.03738939306084537 -0.014804943586170816 0.004941899553610635 0.02896379669473172 -0.023377312276181162 -0.12149051726065498 -0.15355881837395396 -0.1385232257089928 -0.17844648471285787 0.02298262295635517 0.138099681421068 -0.05542054805080858 -0.1691964229685547 -0.029117318502019478 0.04004804116876927 -0.02924364253447421 0.12321033187322603 
0.17960191353781452 0.17131899021544056 0.08050016000906042 -0.011614668070887749 0.07202039085839601 -0.19431511116589806 0.22715512915782785 -0.1301275028907973 0.19756461284878565 0.1196886411721281 0.11542224530719782 -0.11802158554864059 -0.11121790980823715 -0.062135222376157866 0.13207218043766594 -0.019425800278623215 0.2176762842815415 -0.05797281785118848 0.04691562041426808 0.1781904449229213 0.04839725168648945 -0.18128366105214563 -0.002286443993298951 -0.06508597533841247 
-0.0035491629918581666 -0.08523945323336496 -0.15020818798309243 0.06629342487267756 0.07148816948239355 0.1297075458882257 -0.14612307401531946 0.1482732206043146 0.16016839477488556 0.027232391793438802 -0.11692738035172785 -0.12082452708888883 -0.01853495311085775 -0.007127413823309099 -0.008819359938876928 -0.01272691844761883 0.11758568328291484 0.14316836730896443 0.125635260789194 0.19658711157651576 0.01181216640246075 0.1883401908006816 0.06140820836767493 0.030063172411384124 
-0.07122671585154412 0.1644177229212655 -0.17865956234500094 -0.14524955606880974 -0.14698639061642305 -0.007841650520910036 -0.12881780259582243 -0.06254714064387726 -0.1177197805942739 -0.1053749956292333 0.29009773509612374 -0.07952800758006122 -0.13858504741593922 -0.07287603854647055 0.2816218810340862 0.07747969132173449 -0.13237390833848475 -0.08533709243530974 0.10355872455523984 -0.10267233026584337 -0.09717217151652635 -0.16564287166675812 0.2456928711920742 -0.020399777835799368 
0.024204829721843003 0.0935522205838293 0.11749379037269941 -0.020553227416585263 -0.12528085534409295 0.13045351512735973 -0.1871707805722468 0.1781297801750243 0.030181054901686048 0.14925932869868394 0.04263720113165259 -0.09820099317355295 -0.08044859183477662 0.01287677842952419 0.1843590444365002 -0.1251328924851747 0.003866404124154912 -0.061499056791168946 0.10676081067475149 0.12005465474069921 -0.029575684726282046 -0.11724836740189144 -0.172527430969843 -0.11944631118818404 
-0.08991295862217621 0.006982499815076149 0.15319316508671774 -0.14779813025305757 0.19378360695281827 0.049973965259401606 0.12326544259963754 0.22947885584964184 -0.022329850143102008 0.012352094766327412 0.06594029964199224 -0.008832527745588892 -0.07926040393321505 -0.15702678999107464 -0.08491246743411715 0.1037879934830646 0.08226440371484847 0.11117944123143272 0.006690226859373788 -0.10602959698112834 0.04316728979548781 -0.07731165316098092 -0.19841656324265683 0.16362809840192072 
-0.031225526872953088 -0.028957378531678953 0.09536683083987069 0.17883160044869817 -0.17032879491407682 -0.12987652072322195 -0.07001019772012554 -0.09949507207269545 -0.0017591554124649054 0.12873420928595614 0.14061926705436045 0.03761034847550024 -0.10279665812682656 -0.12433009474911527 0.09622177419020643 -0.10398155448004931 0.015451507481401646 0.09857709046813726 -0.10757233769031102 -0.1291522748164757 -0.18362262518850175 -0.13999797209859172 0.13959801937602168 -0.157329489825211 
-0.10941741082138677 -0.1864562480358847 0.06949904930873002 -0.10618857217739835 -0.03389564382708176 -0.14333154158391515 -0.04825639862041733 -0.029623883860145358 -0.010570516236922007 -0.03025205603052907 -0.15808931597715317 0.10790465850368897 -0.1441766312780107 -0.029680998933661648 -0.09009052331125665 -0.07850536218301692 0.06793487021997685 0.006950821293035449 -0.12288551488190635 -0.012070836940704825 -0.06318452214621235 0.08069847417310956 -0.10843542964939908 0.1369985640914278 
0.010255148320745248 -0.05942816972904865 -0.09739071178950011 -0.12446556281387135 -0.011019266657919509 0.2261570056926803 -0.1575851969031614 -0.08549866907894672 0.05648258989118038 0.1494484351679126 -0.08737537894014759 -0.006187795835422059 -0.05996860218400834 0.1022842063250055 0.08661614163606783 0.1419610152943597 0.15600886657325547 -0.040891406666273944 0.16961421448539088 0.10551835280479513 -0.0759676100578908 -0.059613597957569986 0.09298138186207001 -0.14866699516612278 
0.052481882822555025 -0.08779266122876704 0.1298368532124856 -0.05328001523018951 0.0922159613564126 -0.12194895334384745 -0.007251021395918229 0.12034710987281734 -0.04044432491930858 -0.13435543987592957 0.05863156361317614 0.1001952032882634 -0.08680310330133172 -0.01904023570860609 0.1593855193043549 0.14788554545453872 0.08177064583020094 0.03566640004786168 0.12588787826167397 0.16229627155399012 -0.19875299771819943 -0.04034976322930559 0.024056809188576514 0.09243847170590933 
-0.1642721179027484 -0.01926334585545973 -0.08703111358806247 -0.029988972559000467 -0.0007892056120205996 0.04340243765843235 0.02332234226251494 0.04141110474744716 0.06352047811613769 -0.028090975488645704 -0.19774857411795957 -0.15912584545892194 -0.07850483706585573 -0.14023608620816144 0.038728385424713435 0.015930537370514967 -0.0050317147863910795 -0.07060995128571773 0.060327246632934574 -0.12280657960596526 -0.19738057101790699 0.07030197993934979 0.0024843636857212596 0.07789006006690945 
-0.10671924151301886 -0.2655643766749221 -0.047903895224217875 0.11016907692559075 -0.15806432708490384 -0.07997963738657417 -0.0238275740051328 0.015281054834416455 0.09333911190799599 -0.06544439602089042 0.0509096592585858 -0.02238673539769628 0.053444375250346086 -0.1260637252577923 0.010916603043174487 -0.13677801874451864 -0.25557631077363296 0.05429608128685177 -0.12526066549724396 0.07109534169867267 0.03794203221718453 0.17098427345022604 -0.06506866234139914 0.22170268585522573 
0.005647757373434584 -0.048623174755610316 0.09864175799400517 0.05056481299003097 -0.05409509845342081 0.01723569181384618 -0.1132590345931253 -0.08409926829446025 -0.22508085095322686 -0.009047416126960922 -0.052190088042321676 0.025935052659439187 -0.18791072990184335 0.036044788503570846 -0.08169671581969384 0.0453746572554155 0.06009803833724889 -0.037137017807612256 0.06425541016211699 -0.08426304173949181 0.24003629588732783 -0.1318134852305571 0.1939618251697341 -0.1599787729240347 
0.00964543853436684 0.1216498843359587 0.0793419577108269 0.05515806007597103 -0.034583917402692475 0.18723240363329893 0.10220633006962436 -0.055485176995461245 -0.10221002772683363 -0.17295454869003848 -0.06800577855774449 0.09902013173665106 0.10531845723883179 -0.07114557414717519 0.0442129451448871 0.13501999852680105 0.1373678125644028 -0.1876643158581253 -0.14032910193430462 -0.1357701130479077 -0.18423842383593922 0.18680255790417385 0.13107098083559676 0.007842797500566092 
0.016892162778483853 0.04546631867971491 -0.07803798103280565 -0.05240554454700294 0.02937872739529549 0.12260568905647083 -0.1182624069375251 -0.06795679252031443 0.0960341811159677 -0.0626370591470397 -0.18042633723247625 -0.13645669527591336 -0.12136762451823119 -0.0019086058182844218 0.05314079009366273 0.1512101767595741 0.16022985140866494 -0.07605546738823198 0.10021691517793593 -0.08591128853966834 -0.0516752007108094 -0.0818048537715537 -0.033856622440384565 -0.11299772510462318 
0.016468139510152722 -0.19062778285460938 0.18638413279680477 -0.0568672638102704 0.17198965659757065 0.189679735031205 -0.11657151231572187 0.02353113255597514 -0.02358966928776879 -0.06957976389958553 -0.027188250887257855 0.17370539817219008 -0.13010095965761093 -0.11536292400880534 -0.10859500204460487 0.22312193080937934 0.17826842666509132 -0.027273635295820577 -0.14595118225077836 0.03898813140870118 0.1051028080740143 0.1643248104033757 0.05963651836359611 0.2662601711489563 
0.13148427723791825 0.08737663513543671 0.07798625755218665 0.03301797259248428 0.13447535502732774 0.2333521559559223 0.11616985650942857 -0.10681633672418725 -0.2655619598778726 0.22366144304366625 -0.004977361963262415 0.0899495568780938 0.07348968683438449 -0.1370089177447611 0.18126717550419072 -0.12884487983901344 0.12320008856660948 0.07951508366515893 0.04787525057828731 -0.04435126871759982 -0.008435957490321425 0.06901361928439369 0.10300978884796388 0.11938642972238626 
0.14305795091175813 -0.09791997583802643 0.18844511300609224 0.09587476249713 -0.05709156396274946 -0.013887244507797162 0.016677336948856387 0.019382855382705344 -0.06510130994418396 -0.23065896949816478 -0.07441317023456412 -0.09808144286661229 0.10105954345551948 -0.13091320437730258 0.04967102591149401 0.042076024406029165 -0.12764823320784038 -0.2572567913800826 0.09679881973565974 -0.1753697492487281 -0.03358998225060213 -0.18000728449441025 0.14700578627708624 -0.1387487522007501 
0.019531622880656182 -0.19350050690532639 0.19287475503673548 0.05930859926984573 -0.052739025125107454 -0.1403288798331084 0.07143394586228756 0.19644368453642228 -0.06299387607382177 0.10546571252309334 -0.08388919951137921 0.18465571868274694 0.1070428869242513 0.03825446592134463 0.16748516009127432 -0.11934322972299065 0.1680049710329957 0.07018528389979553 0.10741672183619831 0.05005194404679818 0.11950162399465548 0.0712793172036808 -0.1403850049443586 0.0339174364660241 
-0.2014702410621206 -0.04924451267911919 -0.2924414853324705 -0.15558829658778378 -0.32953143359910786 0.3338473540698857 0.04345876300911839 -0.031274476657612495 -0.3256937848563397 -0.0465289624411365 -0.0317082188778483 0.3674358434349529 -0.13697269320005553 0.052061830094829904 0.11148103230024475 -0.21412354017539986 0.0710040280878092 0.1797287756229158 
-0.2741832545181108 0.07123368846223269 -0.3829511338226927 -0.3406162103448854 -0.3024831503889858 -0.01239770149771983 0.3427011310947291 -0.0424863900284606 -0.3163782042493016 0.27223502935102184 0.012863853143368385 -0.1376104879251885 0.33770846579300035 0.32968411397953895 -0.16284806217538847 -0.2034076840982002 0.08785782940583947 0.26286272758877005 
-0.13581447722687565 0.05796652231056155 -0.23876543580061046 -0.20812659584547372 0.1775922714370407 -0.23908857912244527 -0.18920734362194827 0.12474384356576333 -0.3337523090077785 -0.33447902981866234 -0.14390767778569713 -0.11564264463642944 -0.09099871087126499 0.18956025024035916 -0.31903959639991786 -0.09540295434497933 0.09313729320677891 -0.270945192956654 
0.24988205822712897 0.09810112180417652 -0.26456773870763856 -0.19875613577833687 0.1666542277816424 -0.06483935993284684 -0.0850822847910618 0.25377702945066494 -0.2479175018249387 0.38840185190806126 -0.31436194432060655 -0.29687018380134905 -0.16866596216116034 0.19537943186734577 -0.029484157700867566 0.10334317838108711 -0.22993646988347213 -0.2582633982080061 
-0.02008961003405649 0.16306365484333438 -0.0019174003105393357 0.25284563988880654 0.10823148300635925 -0.17038971634162736 -0.2242992499368898 -0.10346582046076747 0.16716339332485822 0.32973347099580447 0.24746346324692317 -0.18315727072138974 -0.02988804188063164 0.056728069887753856 0.031300834986645105 -0.07441313529693348 -0.27083943620464096 0.1295224671508998 
-0.36130767746159664 0.2503757204969865 0.2930211989872522 0.1392489164327207 -0.009044438007440451 0.13475280197206105 -0.12164064515678688 0.2754875161026941 0.18800744157102364 -0.2225238311683254 -0.12312148332679852 -0.07904010019665184 -0.03090820367942909 0.014747291783668778 -0.3150247115951909 0.10792946903314678 -0.24580823461515514 -0.10175262723816796 
-0.023033357679168778 -0.10199379271285838 -0.10886023302071106 -0.218054550378781 -0.2964427084200859 0.034270152456202484 0.1033112162064237 -0.19296894401191514 -0.20686387903676173 -0.16288430052436065 0.22574720075714078 -0.2787187708107388 0.043786875091777804 0.05788921674440363 -0.10561496918188652 -0.10070443621623046 0.38360238398116014 0.04392907957424841 
0.1560742236543004 -0.006166674894707955 0.07275653529498229 0.07070204363009365 -0.24252353509308358 -0.11158430475513663 -0.024819833651224466 -0.3118212982192261 -0.09221715877891815 -0.23580974644654704 0.23741603821181023 -0.1467286369489253 -0.2450473876679108 -0.05495323787067491 0.12372533569107493 -0.2982036049772086 -0.2502853881360904 0.18077671793541458 
0.18831723515446283 0.07918281752779144 0.2668599472529591 -0.22862406240173908 0.13777440823797885 0.28619202748353406 -0.2455309007237257 -0.1851223607178813 0.017684706934098866 -0.11192239223299742 0.1289166368531838 -0.3312349799600418 -0.2585090298475091 0.15650646648080022 0.3236849691850341 0.29481445301148795 0.3368798503728771 -0.2790028216713557 
-0.3281846332949039 -0.2935404948750452 0.02995126300172112 0.2601317270039035 0.02121780225853787 0.19169535281722572 -0.2855308192014407 0.3231824403160291 -0.2131063256316781 -0.2788205795976476 -0.05261842840682922 0.1023602425203253 0.440168156814817 -0.36228921021931754 -0.15327008551766735 -0.27052143688265806 -0.07237044227386229 -0.2167124148686424 
0.049774805460171635 -0.10231446662760685 0.3259261925965669 0.19569410583318195 0.2468390205442246 -0.2534637998417802 0.05967168480385784 -0.15969278720045063 0.24757296717257662 -0.38239260345164594 -0.27007546513204167 -0.1354759791756687 -0.09583375668630033 -0.13440170012094269 -0.27685435759032495 -0.2609908821803669 -0.0919486046787642 0.3804967104198329 
-0.2222216888190014 0.16788404877124669 -0.1823293754215357 -0.32089870847706586 -0.33307371873671227 -0.23727066548844283 -0.049893667362394235 0.23336872011990425 0.14662521058108474 -0.09877873218939333 -0.01390793215550367 0.24627976279680747 0.27296209588862275 -0.15282739780515833 -0.3413836843230359 -0.31133710720492347 0.20853620087832386 -0.1795923395248471 
-0.006244439785792009 -0.20990614877626174 0.2587223975234761 0.0022480391658160548 0.018118680589896276 -0.1435270764627766 -0.028530653349357993 -0.3355884703561554 -0.15094530719975432 -0.1278614919701655 -0.14636592339396146 -0.31770226619733566 -0.005931139949504071 0.22760694596706332 0.3039774920473014 -0.0018037168691893686 0.05325394226462004 -0.14544699142643835 
-0.2850866805292433 -0.2518079161034223 0.112551894726309 0.157010746556536 -0.21871935379159074 -0.057973413166270436 0.05580095598764639 -0.28823587102007764 0.19422685405845042 0.12147911818242661 0.07746375548034919 0.19707180311402125 0.40459095547049073 0.018499630826071815 0.2492158601797692 -0.054496362126524395 0.1551971955306559 0.2834002699464383 
0.1642241447757775 -0.1332243152294475 0.06820560868626087 -0.10022631606305749 -0.12000662758957031 0.0740604905437274 -0.21117322378984713 -0.017198684872731466 0.3061107246796737 -0.12813914336330315 -0.21203782694899762 -0.0735446003294528 0.22135188448184812 0.3156911932269414 0.2236954094007138 -0.33629948257149156 -0.16229547867123004 0.4241206866469982 
-0.32137748828568813 -0.006600379100500084 0.22282455468519693 -0.26116149294024643 0.10959573627503273 -0.007939958661282357 -0.31406239053574325 0.26925006995841255 -0.24477103150477902 0.15566065547209706 0.16343142847160808 0.10361782540773906 0.14982373754173828 -0.3378403940914433 -0.12982445575900547 0.05832651728470319 -0.012064134582426783 0.07325126656925407 
0.253597983053124 -0.2111628312312612 0.2965140996380962 -0.08107552181656084 0.30434699355487854 0.07893029494596537 0.17518861571182 0.028548648743894917 0.006430147245017178 -0.08202023198051014 -0.2535589681741931 -0.037388792949013844 -0.16248835890938243 -0.40664925218616654 -0.15260308918578783 -0.2178668173853949 0.32162376240553925 -0.3648054054942988 
-0.2603700508874725 0.13810608340123995 0.3014290089336546 -0.16968615972332457 -0.32937542555434524 0.3165666725225495 0.05785116272657137 -0.09894452408775732 -0.03479493438472303 0.14162842721109054 -0.08487358375416017 0.3594863844013538 0.2442896545188174 0.2775501609842249 -0.10039870020449598 0.30016712316285665 -0.0295551661320185 0.03210640703094468 
0.15534141076111696 0.21085722056542422 -0.06967882884392271 -0.034805798258979434 0.2163741735404233 0.14740321287789912 0.29900906348080325 0.3300087494171904 -0.219023027716118 -0.1800919156732539 0.14632282434070645 0.17734524630901813 0.0653049077305384 0.25400684688134706 -0.1683873793895773 -0.10830023940523623 -0.003563597199988997 -0.13380147391306899 
0.06326679336054268 0.12332396794498658 -0.26084648597149135 -0.009769746162614891 0.33944177450417584 -0.11877831688540169 -0.4731554136462026 0.17818204183952638 0.0022008840038522685 -0.3761971297093447 0.26731064641830904 -0.11218935958773799 0.2949563569700535 -0.052004810045897035 -0.2903355502577261 -0.173006453499835 -0.08090138126051265 0.22923906842650557 
-0.2716957285641249 -0.04622452769733019 0.283564119045194 0.022536199505837493 -0.27188813321130806 -0.3271063957021107 0.1011991054194266 0.3923117742611351 0.18622150505466536 0.21484254536690833 0.11851061548649314 0.26419181560993754 -0.32581964276400466 -0.19588642463509762 0.13218019952450402 0.2510118001356367 0.15042455708711067 -0.27159807337190345 
0.34383285351893034 0.2764632841596681 -0.3306901313822054 -0.20923331568832282 -0.1523922787615417 0.16176599124473004 0.210578272175661 0.08871261063265376 -0.216874232101701 -0.054668177315226 -0.24762735953165713 0.3463430331072062 0.2172716419556713 0.00955849473351373 -0.031025989862200523 -0.27560822646673544 -0.13242094574780533 -0.31103018028236645 
0.23514177752498136 0.029991720256616464 -0.21906788056541038 -0.18995235962789225 -0.162586535644029 -0.12925135498947424 -0.10761488054933396 -0.22306082861794801 0.11275668949328865 -0.34863157406689554 -0.11607646613302418 0.18549211927029519 0.3090798636174894 0.22856828899899953 -0.17609833648556844 -0.18156776258976967 -0.17536849425205045 0.2924616098525539 
-0.2732464072311388 0.1754119951280309 -0.1674030045729929 -0.32154585069467334 0.15834402049425633 0.15335264655443492 -0.3983566275126377 -0.20019798667897779 0.308030163419431 -0.23779514067400057 -0.28343477213696217 0.10106489598181402 0.3409444505786377 -0.2965460084383296 0.008668784801274098 0.12436595364110248 -0.2673660062225945 -0.39396571076543824 
0.3156008763151592 0.04126910369713621 -0.31247436336197837 -0.3218337393239332 0.10186344408892213 -0.2532245641015434 -0.18578956235236926 -0.29718397210702174 -0.2625394712585963 0.0015255881282046147 0.0076555412403333115 0.008979915625822689 0.4722070906661824 
-0.29593123253487136 0.20310743231953454 0.23352916006030833 0.06633376820049734 -0.028977442927282153 0.31476189374274105 0.26149717479718004 -0.36094918482319543 0.3718725447171961 -0.39633085108907906 0.05708465695793975 0.056533203563590775 0.2665442751938041 
-0.15171237592231304 -0.3413245756712933 0.010774314999795856 -0.4354641189827891 -0.10786766562626735 0.40978322770505227 0.3256077365331741 -0.32146492562894563 0.3181604715698031 0.2602119406014594 0.34327944497046137 -0.2188305826760405 -0.0036905717592298016 
0.26089808034261147 0.13175134880419248 0.07347346150339183 0.11976737106815259 -0.207410076814446 -0.3811953879792028 0.18707189568498267 -0.13633020800627235 -0.0966614768358586 0.08803452669330279 0.12363779047801392 -0.23624200383621075 0.2596477367135262 
-0.09392614510677938 0.1034087544917853 0.3746948266168396 0.05052748597725384 -0.11083566547409013 0.09327357639565562 0.0013889661581006974 -0.03707640929417981 0.18383195369100014 0.34024427700251647 -0.01609097165655974 -0.3297918370053856 0.0543503410777318 
-0.2022023024699707 -0.36976377925131115 0.22897534364013933 -0.1797749234834164 0.22000821893544165 -0.009143888673260662 -0.1435255162714177 -0.146655259650776 -0.3677499059707882 0.026743522710952004 0.2577308772793625 -0.33334699443088156 -0.3131365489383211 
0.1308347642506888 0.11851895723446573 0.11189927776888386 -0.19830503007616065 -0.3726995607005358 -0.10930728266620672 -0.2525875497403158 -0.4628122389994629 0.14840553263595543 0.4453531885978369 -0.08525781512863567 -0.15765492850541155 0.08103789156797311 
0.22539806640011867 0.2317580618819734 0.0996353977155797 -0.0001064201069197378 0.1119286647896668 -0.19005538713567166 -0.1551999388154525 0.3019163757216258 0.4192247052482223 -0.32723541375395565 -0.16105267726909528 -0.3972628740432223 -0.13521073048419138 
-0.2258268115436937 0.10597679112701493 0.16559047624189308 -0.30142983665248957 -0.35167966144905033 0.35245562055361085 -0.08677173965101692 0.03816483295386019 0.3720847979358838 0.1990844867159686 -0.13744414737982263 -0.33174432006342913 0.01499281839901423 
-0.1254385903589873 -0.4211084150625834 0.1758848066832652 -0.06283887270000807 0.024181178599790874 0.26327683630967924 0.44246235935716655 0.14413723297189054 -0.18666565360404708 -0.35154505120491747 -0.3415338741872324 -0.14212153525927237 0.10261228483416601 
0.1540070929099153 -0.23233315879881797 -0.3342488714895483 -0.15347589782082435 0.03703792007017709 0.20189586285405753 0.023044686122014664 -0.16834329366356932 0.09740439223867095 -0.18616201303242375 0.12007334762588441 0.27266917173314076 0.10913302880962664 
0.07786503161465055 -0.16452146831599931 0.2634394297400054 0.47219703603984964 0.201400338610595 0.10682447225362077 -0.2539815571992884 -0.10839854178505558 -0.14112570288329987 -0.1922397923198773 -0.04210548400667383 0.08666985069250588 -0.2981703531670167 
-0.21451450481656353 -0.35482677029605464 -0.21816667376133078 0.022332896658358223 -0.03427288236990447 0.4604021644478209 0.47097035571235324 -0.017745802717479466 0.39274287787685397 -0.252096175813772 0.03199172396745285 -0.03624785528970397 0.38638010774229475 
0.27882466113316157 -0.28173242070982774 -0.04713327952204513 -0.3157619358767073 0.04893524045946758 0.23390638115949897 -0.3962890672872888 -0.28966202434230737 0.3993576894963176 0.43159310431494163 0.04409938039996912 0.11481552325023532 -0.17617627795319518 
0.36290847854005365 0.13370079675509067 0.13133153194233588 -0.393226268684889 0.2816969157781918 0.2210248879912288 0.14581427826149662 0.19069014126578976 -0.2739157881395195 0.17297186117039334 -0.32275197491996815 0.16347087079890293 -0.4002158592160319 
0.21930821184693908 -0.006544865001147173 -0.23503489017630969 0.18139684024856084 -0.14535153045339483 0.3068978103333309 -0.2546522749378966 0.35177576564859325 0.378268289243263 -0.1542978209248493 0.2894639328615836 0.2728982671166462 -0.05885816285033441 
-0.10880246301170765 -0.17326599074855362 0.38750825758600915 -0.28694840697419494 0.431778770819269 -0.13536049710522155 0.29757611590205557 0.21269454119598724 -0.22572339224336507 0.13790451459212413 0.1366795276947309 -0.07366560605039185 -0.36338863388244425 
-0.18923173375341767 0.2630254972317063 -0.35064621441623106 -0.3406503553696913 0.1698998907057674 0.018741519812647073 0.03196821886402228 -0.09459075943655866 0.0783340808958087 0.3187072171798734 -0.17643165035705213 0.27500298879295293 -0.0797110896572324 
0.22913606622854174 
0.033286421221571834 
0.4356455545678035 
0.6693129861428492 
-0.021958816331002013 
0.37608919308343264 
0.07903445718134845 
0.30244852549937606 
-0.33912877915093537 
-0.5454066879942728 
0.5791795338615744 
0.37660188837435793 
-0.2723532001277224 
