-0.09705076182674807
0.20368195769738667
-0.11226876875684706
-0.0898383125495938
-0.21462205220635813
-0.008897148379805497
-0.009267247205302594
0.0729430682267979
0.14628256550943905
-0.06232376515986335
-0.023703928525725507
0.16684456497075714
0.03481677058594427
0.095206923990327
-0.0914981517744605
0.029163740676013714
0.06499626791721001
-0.1440263349966029
-0.2156965364471943
-0.16276691705911372
-0.031155528206948925
-0.1480157583349283
0.0885664845510577
-0.10523114070439558
0.28287929716174676
-0.35133213571734223
-0.21932763493819626
0.09569561920463576
-0.16193288140754367
-0.37062621976205373
0.05647541937445941
-0.12706184882778024
-0.2820938263111348
0.3659770795639339
-0.25076972096015726
0.1866498528097687
0.3292746261803872
0.27050655374753124
-0.23867922243569092
-0.19895404772556527
-0.37136980426632477
0.3144858049157802
0.0020325426107666595
0.19038753400513897
-0.25919332557935
0.39584042572837547
0.15275401111805692
0.12935495575265024
-0.16224764008937592
0.2032294491066343
-0.19512196695021375
0.273501750524252
-0.42984693047613143
-0.29340775519553985
0.025705607287757934
0.13707710054882555
