98 24 18 13 1
-0.04195353069204986 0.08828715260730492 -0.2158785908149494 -0.10754408328451935 -0.1665106871409143 -0.20274793240277994 -0.10777020392175903 -0.023259545609117985 -0.08242504841300498 0.02218708883835278 -0.09795524800893954 0.10447572659434713 -0.17990565374098888 0.18923685648513844 -0.190819520959102 0.08714730769240318 -0.07064024366832708 0.01882526939558238 -0.1432682378712416 -0.18594913017783996 0.14240922838053277 0.27722291543162914 -0.0615664074260482 0.1645293392236405 
0.21512723219949334 0.0977497060836205 -0.18580661367236434 -0.23994693051327295 -0.13137756122434552 0.2017439062301702 -0.24810226520450357 -0.1395060919184333 0.12170179353547907 0.03261948263601854 0.08967643811863445 -0.009672999756860852 0.04757656992984923 0.21420126037294193 -0.24174364183667477 0.16227157180318316 0.2806833717013418 0.09615174792156198 -0.09740655311679494 0.12141345502343344 -0.09801264428239176 0.045140625864854574 0.13541899157474116 -0.029532144019142753 
-0.08233226725051344 -0.2046487619311042 -0.22038577507551274 0.052267366550916065 -0.13885067582207652 -0.10626644695948234 -0.0718878150201781 -0.27973376429709645 -0.006835816313008156 -0.14739872335366394 -0.04937217908211617 0.14358233027302375 -0.1668162369389504 0.0205574796577964 0.041997678344693624 0.014314109847851189 -0.1934922620640011 0.03930086849884483 0.05624765710844794 0.006232366606373781 0.2604038499462881 0.0362950606368293 0.14488835574842432 -0.09198147137131903 
-0.10009826115251204 0.042476379492349906 -0.041092808417540115 -0.23425381802058748 0.13137319574841252 0.05290777090218249 0.10617093962034949 0.05758714716931219 0.059722323806302935 0.1379917944188571 0.09554222384463658 0.027948198314733684 -0.19669388322100528 0.2946314669951719 -0.05822659758515167 0.2940890688047837 0.14091810854386128 0.1569887764098802 -0.16552210337475226 0.16009021582176802 0.0846140403417105 0.11523676864140256 -0.09349338006006047 -0.043331085553466785 
0.18046408456895052 0.029221293961906807 -0.2508659509507232 0.0693038033169805 -0.1166698213755925 0.01561672375751383 0.16258440210522168 -0.06295939834152106 0.19969696901907996 0.0721745883628688 -0.25486715825734835 0.18066888620865312 0.0992273542362156 0.2087548590403976 -0.12401298652621495 -0.1572290254741439 0.16098607632512094 0.06714097930181673 -0.1852124578085217 0.14832782912057155 0.133291321079267 0.2163025146098773 0.08616893315794064 -0.1067074650734334 
-0.11763810321001515 -0.3117109572679066 -0.19794471677755768 -0.20994861811150037 0.11069341456194588 0.16854271320389488 -0.015020420383770997 0.09406539808668479 -0.30602601836227517 0.02935790846659583 -0.011953052430669277 0.35298196975476565 -0.12277456324864378 -0.06859859494226628 0.10388051938166303 0.004718664599363391 0.21774215302648284 0.08031357887060174 0.13685938720063773 0.09710937611971372 0.15129702057103273 -0.06955033864451952 -0.2634834601166882 -0.1172803030919022 
-0.14133168387065784 -0.2501225064266478 -0.1195030391164817 0.04219490209472361 0.022738232241161817 -0.13738073982248414 -0.2301395353056299 0.22442932480707858 -0.020992477040303405 -0.18068784786874195 -0.16498649826807626 0.16438676698448978 -0.13666409510521194 0.07483800573933452 0.21370734888687487 0.2131701153640977 -0.0980798617900896 0.06575584120886074 0.047281759450313765 0.13820425331724503 -0.11356798207171968 -0.12320347514063107 -0.25769076075141917 0.04375509096293506 
0.11445689066297808 -0.05076056711837716 -0.07220649774798941 0.1989479701375081 0.032938146016536426 0.022567717150872576 -0.08838664984601288 0.06762196148211842 -0.040031417208641604 -0.13019973388221187 -0.17326771815425557 -0.007818159748741036 -0.03294057058964625 -0.16573921741286124 0.10024632820006925 -0.15574066319191354 -0.07186655000989683 0.12137142621833343 -0.12186928981035405 0.04681421971260484 0.09874780873197969 0.3184746213210675 -0.1170916440378484 -0.1133234996121343 
0.06595502431907253 0.05790364593102445 0.23309337729160723 0.16272048667216504 -0.19457236943105818 -0.1054149713316926 -0.0044387273044557305 0.16221262455422056 0.1806182684473399 0.022258093588579025 0.1492416400383174 0.10412167646050949 -0.03666303890733844 0.017411838072900438 0.04108283527301882 0.06523621042298072 0.2193712350522584 0.16892608898087427 -0.04140509207815231 0.15406603977668099 -0.1361162434171519 -0.16229855566845922 -0.15893690354130377 0.051885520459069 
-0.1914881955155652 0.22347758487909217 0.13014949791048389 -0.19413758914844442 -0.12881427081785132 -0.06634831202049313 -0.1470642771314463 0.11786255339764573 -0.0478212154931984 0.17821144835818717 0.022236325745871394 0.14205289906975374 0.12843977401737106 0.1575978133791981 -0.015748490896965575 -0.00669001670985551 0.11067237297919247 -0.08484075843590767 -0.0038195194019403768 0.029639545048779786 -0.193928114361543 0.0255907815476427 -0.005365293344926677 0.10829651356162008 
-0.08334141611305247 0.18947331301915912 0.03062275101570275 -0.13480392174561268 0.05941447126266689 0.035958620841935574 -0.18051932500231305 0.011402163360641294 0.10834509598592422 0.20640712078041135 -0.1968875097773797 0.17960356921185172 -0.10703148813038785 0.17935352733570079 0.03628393829966234 0.1259821472999313 -0.02468490986689971 0.15143243280135904 -0.08489775717546205 0.0662765163527486 0.14846579573820134 0.2234721786628886 0.1608068935274825 0.12464426619068938 
0.13762748037268485 -0.060649392235718684 0.047218528783256775 -0.021396734371924093 -0.0543181428402216 -0.11570113524087121 0.03501019951966687 -0.007857404360017282 0.08020478666534304 -0.1404889916933467 0.09733791549222737 0.05582211495712665 -0.14822676137120364 -0.05734648805064905 -0.03982230766527988 0.1138767947347125 0.08199706824732295 0.1446367712327067 0.06427136952379821 -0.04411721582965234 -0.10850960932475918 0.1580368009399597 0.05847790329409688 0.1628605051834827 
0.11952635269382915 0.07825413428749797 -0.037249438453647345 0.1550308241048303 0.08120412669590585 -0.05372321474175269 -0.09871865497899106 -0.20990423517079587 -0.10014872758843937 -0.15618139744542175 0.23071221648045126 -0.12584007249730386 0.14536670689175138 0.16928376689810962 0.06443023071448051 0.05090240674410101 -0.11881751690348062 0.06271734193225868 -0.06113111389648965 -0.19956118891334776 0.1770662316111773 -0.027295574957567237 0.17582157356246855 0.27393882660447233 
-0.10275701099719058 -0.20911099106017203 -0.12205915736310873 -0.003305390419838596 0.07820315795595176 -0.1873024485420552 -0.17763740194189792 0.19987971513562147 -0.10338541806844045 -0.00986908963289052 -0.10569434358344076 -0.18035256057730722 0.04238023424556749 -0.011525575550632345 -0.15933300020445318 0.06052537119572514 0.0044509579461025316 0.11442477400161084 -0.1415878483109752 0.059385603144382085 -0.05110676319807966 0.08670951360358307 0.036141343960332334 -0.09413823215302705 
-0.08602283719318284 0.12149718091353862 0.1876828879422539 -0.014165708599387367 0.13563549091501687 0.17343440146067976 0.0446166170234228 0.17292028830436593 -0.17020749932189566 0.19329168320683324 -0.009447050658116346 0.045562649916610826 0.10990766354173893 -0.22067787935537514 0.09758316917590541 0.10754760198420356 -0.04754221692798793 -0.09630788049296138 0.05218051195553172 -0.1039231059605487 0.11714220791509701 -0.05321760070880182 0.09598087476062361 0.2279530716840345 
-0.15542519246601263 -0.07776699688900221 0.15930055993108938 -0.04266371365974252 0.19957274524472574 -0.041717079614109025 0.30808594273254947 -0.035600674400640894 0.034099667460877225 -0.10737942849906362 -0.05972581936579745 -0.28759088691573004 -0.2764951068561726 0.060242375615560596 -0.18787566139138134 -0.1129456689363652 0.07844631704014944 0.05702237151926233 0.07551899547577257 -0.20851450668561752 0.010619701412239307 0.06050852847671668 0.28283613779913297 -0.06481479507338941 
-0.11226723306465027 -0.12231731144715625 0.09921054290152966 -0.016891420431568195 -0.17708802806333765 -0.04011258851491484 -0.1241411859147137 0.16899290241086723 -0.10495561832991022 -0.18901262910596736 0.03677820964972577 0.11494495496311596 -0.014437973536578313 0.07554225633354804 0.004366539664503041 -0.023318625758040445 0.21166032500191576 0.0818405806986428 -0.18709299658707143 0.07601359263256732 -0.009517039027746308 0.22141036018797836 -0.11060757655064196 -0.0923012560003713 
-0.19306616993247142 -0.07306700363874005 -0.16175432604244175 -0.008209187154591114 0.08352470055242765 0.09362609498187693 0.15584446967367713 -0.10114260715484641 0.09774166988005777 -0.12429395922146669 0.10218598893813328 0.11160304774712929 -0.17271796624452682 -0.12835644749482278 -0.19420744903029383 -0.13944494911520963 0.0015717204810784457 -0.20342045394020336 -0.18894045119799566 0.05023709820148975 0.008649993203575837 0.18159257849739172 -0.06565011090105442 0.03126319814894703 
0.051647209197454275 -0.07166550406932883 0.10895416616992021 -0.0464257590068336 0.15478950236657774 -0.13457642398357372 0.08884003780658123 -0.1302290761227543 -0.022246028072984012 -0.17219936181610931 -0.04797810484349398 -0.1420665427700415 0.1664855170864043 0.25703639760309477 0.14446895221040604 0.2657576657203332 -0.1457342504520501 -0.06573811448500023 -0.12420613111388622 -0.022295543815296918 0.22916951244981784 0.28846360193119075 0.02598869575763538 0.14711545395423234 
0.1618740073613481 -0.03648469755894395 -0.09920128382012983 -0.1388889078190343 -0.2211502049405234 0.12724590273584502 -0.11025834293837214 -0.16437568778045725 0.13061689218032357 -0.04289212505317436 0.19584311147593045 -0.09574938696199599 0.10217544069134371 -0.043703048036254716 0.15180154987339578 0.010667594011044175 -0.07395007805485826 0.04645859467257167 0.16927771475269432 -0.22071702033232876 0.12933509146617572 0.17742270329772772 -0.1418832381529758 0.08162684709024634 
-0.0698040039105027 0.11186566983678146 0.022992440333379337 0.07616109650274816 -0.09747103549675455 0.08246006278615295 -0.06423381222312927 -0.3112827525646378 -0.01510113716750514 0.0011256803366902378 -0.058159912258184766 0.2353425396755132 -0.07397886530789012 -0.07929425309368371 -0.06399188746954217 0.24991450398649517 0.21470037745712162 0.18404461083417545 0.16780489670615495 -0.12802836728101263 -0.14417497282483838 -0.1025701422751962 -0.07485157198513806 -0.1398484292823344 
0.17595751837290233 -0.047066705559079665 0.07352751345668881 -0.15149806718945152 0.10110126222011032 -0.1311629973795103 -0.006377760975860728 0.014742740124694407 -0.1263695244650309 -0.17711562605787326 -0.032524690468843036 -0.0655922278462526 -0.009931106010197978 -0.21926948538195962 -0.0054021832170677705 0.16209648936753185 0.09826338687580267 0.025601286089909157 0.1904760249847695 0.24654232833849335 -0.015464275619059201 -0.21568823544650872 -0.2935612970272429 -0.15343979673650684 
-0.0015703295859320083 -0.08947670688557116 0.17128410623693952 -0.1436043150667383 0.218228100695232 0.10175191110649721 0.0980871954710896 0.018794399143494175 0.07699279746983351 -0.007269968349959 -0.24519518346022293 -0.06606074978048737 -0.012792166716177599 0.08290752370542165 -0.01230873110754423 -0.01335352690730485 -0.15679720696197774 -0.20495495005914638 0.10246151369224918 -0.06505700919792026 0.24957699645356277 -0.1052189230685335 -0.0708527938552062 0.04751855505930358 
0.13980089678543686 0.06544002769547168 -0.14956159767046684 -0.04919199637908104 -0.0024772918201728896 0.07653277843192466 0.05217126609140759 -0.13278248956724656 -0.22138421220652502 -0.04925185578756489 0.0992424239457544 -0.23394455851897691 0.13862357695561317 0.12818445246139643 -0.019933868500071675 0.16579334980374347 -0.017076231628892564 -0.26062889052261246 -0.006104256694807049 0.10721356118510393 0.1326924834614405 0.05984712450954222 0.09747364264903334 0.0723923836756169 
-0.11550810426198461 0.008424027528497986 0.13703025596355475 -0.06313143318919161 0.15404333942697515 -0.22035475134932114 0.046171286455989106 -0.16219633083818283 0.03694758406405347 -0.028414055260232607 0.1252404435783323 0.012686345494725523 -0.07671626829375934 0.1496256407499903 -0.07568495400239804 0.16015731945984682 0.13145826640071054 -0.11062205513877592 -0.113549866786745 -0.11305420145973526 -0.1424069323300818 0.0615435775132969 -0.13228175651469892 -0.15031098459952563 
0.031336668284165065 0.14618098132184199 -0.16750627190363362 -0.10648275838508828 -0.16079159257202 0.18042525678938373 0.11978666536753056 0.05526737209075105 -0.00875609509442369 0.03324358422330689 -0.025427974285614725 0.15074194549734662 0.13313511646650267 -0.07677858196110524 -0.14900028169329002 0.17308531559223206 -0.1829337800032522 -0.20078719273100343 -0.027054829858632515 -0.11648260788999973 -0.08697210243046793 0.09346050906331389 -0.13527311919984247 0.15406903923406717 
0.07539083228550976 -0.23915369495948366 0.03975423445365976 0.186959976764327 0.045946786508685535 0.13288831051034586 -0.13218585516273415 0.13169881178134435 0.16731528711915336 0.021463401055384326 0.1012962404613562 -0.1368493683967395 0.1421887884137434 -0.13987687174946892 -0.041317485621973654 0.046676515014420134 -0.1435392168636924 0.22526164387945977 -0.051205086518345676 -0.022051443767184244 -0.01583543835355722 -0.09351160338730215 -0.27917587193633475 -0.16926757504320716 
0.07951530583950576 -0.13715975288140803 -0.05640429707160682 -0.21491915408367637 0.0693322427464098 -0.13382546558947053 0.18301214839041915 -0.15764907371820044 0.0062460776574831366 -0.19028249998086885 0.15288325784741955 -0.12454500721531718 -0.07958714683548067 0.08455087934684204 -0.1394122240543462 0.028474272504068 -0.07675298646626355 0.07092007077133632 0.0882937972820403 -0.1462529047421447 0.22466873666184844 -0.18613144505671755 0.16656113886915408 0.023145076242409565 
-0.05731660692719311 0.1005372522161297 0.1010260141594376 0.15841967527948106 -0.09992491880482769 -0.20929009510336083 0.1597947034601813 0.18102496099166357 0.0580282980161223 0.08235821301482742 0.11102655187224357 0.15403725720507586 -0.13706836900226696 0.13935727661922775 0.08170082124868322 0.072088178921558 0.0064333683773119535 0.0780597745861133 -0.19898874596693894 0.03369173844750697 0.18008469189466042 -0.06526821264291986 -0.30884785012779836 -0.1446838156882403 
-0.08661673035779356 0.14585681169533873 0.016947202999404273 -0.18222372040868212 -0.1440895917986519 -0.0824455191089345 0.009700140153543644 -0.06950539576278766 -0.043540424732910796 -0.03730181378178337 0.08232573202172024 -0.006282445668373775 -0.07221250804999112 0.08554365252712097 -0.11058775877616861 0.07656729865871505 -0.05388066480552141 0.11448555932022061 0.15044480770650398 -0.021256729293191775 0.1490367908625137 -0.03135008373809293 0.05122911461241009 -0.14672293139239806 
0.035838682146160275 0.15921892294454768 0.0415455055830908 0.15810036038733566 -0.008485905294163312 0.01692066690259301 0.0836775391441966 -0.18324547261006918 0.015589363400477917 0.18762042447278354 -0.006010291742152598 -0.10935710926672938 0.16516633286860344 -0.08358283039760178 0.07942454926843799 0.0686137063752791 0.12486796121411106 0.1328569973200678 0.13453123073248843 -0.19702442709349163 0.2617161950268775 -0.12721221600103558 -0.042200664495011274 0.21459050038137875 
-0.1966144246570309 0.16794658680821345 0.13612524664448963 -0.024497961386260078 -0.09683849247774669 0.06974927247281923 -0.04703189004935053 -0.09471848004340908 0.2236882707559998 0.16879555665341767 -0.008118127835941381 0.1339266995827103 -0.08916171551197756 0.02144699007911083 -0.0796150561331644 -0.06571230188639944 -0.13411179700220544 0.19835784592017727 -0.08144497263005981 -0.1764583755616025 -0.15395519738357014 -0.20590771995093368 0.049967881843920425 0.056835820250875684 
0.18799900035841202 -0.040102737450748986 0.115935699683644 0.07942743196651976 0.0993328956583521 -0.02750019430775634 0.01448897303338691 -0.12736396073140782 -0.029821308959210344 -0.15935659615499317 -0.0359597163173094 -0.12005426491141157 -0.06264637042607997 0.16849021299257683 -0.07102761643828857 0.21134990313791877 0.030709939192173328 -0.06417906959849445 0.1385395353625549 0.14636291850694205 -0.07852394856375361 0.10366259007241686 0.00552341110455714 -0.056225669540287064 
-0.06705986164955637 0.12104120438642742 -0.09166943143966819 0.159235282097608 -0.08101627173497605 0.07922272108557663 -0.016944314844386698 0.1481322144943687 0.1794226013230389 -0.12551428864150416 0.02249175583256155 0.16694444210875303 0.0006945409000540908 0.1795724372716679 -0.08753128335723638 -0.0047132153419906135 0.017596908802591602 -0.10788681399896181 -0.19464734427879685 -0.032763243855908016 0.17747105938518168 -0.08417053974898206 0.14533745567734435 -0.26458137935462916 
-0.06241180890114863 -0.245229325499887 0.10021414499304651 0.03673902851318779 0.07454356794558414 -0.09801257876020313 -0.01290825132350146 -0.10825156081083546 -0.11068967816075903 -0.05050349310567817 -0.05710118038580254 -0.09718858231426594 -0.03757801889139375 0.1606613737045067 0.017282023558160012 0.16627912990964616 -0.050520986162202894 -0.13960797773353262 0.005556378020266812 0.13219972352191373 -0.06978105756814687 -0.007286703999271546 -0.13065082131440325 -0.0010619176447949172 
-0.13473754853571582 -0.11207900280677084 -0.09438037965389878 0.16221502315703246 0.11149701298059266 -0.03442513514304794 -0.020931876331202096 -0.1412161343340944 -0.018840657206594526 -0.08035386704160315 0.13181898306507633 0.10111577960777862 0.032156907197817955 -0.1034727404005288 -0.011538675918853073 0.2387380027940584 0.11889606218765952 0.05522598803661057 -0.13868797243820946 0.047108867283187944 0.046921800658752205 0.012467108360653801 -0.10023678894491059 0.039087571687857786 
0.16568839194972176 0.10200109878931994 0.031216465345300627 0.21934340798813054 -0.17391536418047074 0.21562792497975108 -0.2098352634217824 -0.12575258805276382 -0.04206064297407313 -0.18219898186963351 0.03810814790048865 -0.1913476156572216 -0.09931482767071079 -0.17170950278397898 0.08054016811506622 0.08138083612368438 -0.033974259705910614 -0.1239795219536917 0.09794069224155956 -0.06303794275082161 0.13979852798523798 0.020553872989015478 0.004900219892399893 -0.18865249877151832 
0.02453589888993634 -0.01092025863276321 -0.10748550809543655 -0.04924904646662298 -0.046321055321394314 -0.01812240272874622 0.26938776444898593 -0.05201575209524189 0.17589635121014965 0.003672614101441059 0.23468580505385675 -0.1203147962169873 -0.12186066553599238 0.12050560764354605 -0.18253268645082488 0.13480350917981743 -0.02034090742566266 -0.048741588462286684 0.19824093161869966 -0.22780554784149834 -0.020278529429942037 -0.18759186943123815 0.0873399061558114 -0.12709223867770847 
0.10140895552380096 0.1882747660572949 0.13156587820128568 -0.018914209049656284 0.07371075934699667 0.17924431745623187 -0.02740689471082836 0.0008107878484203436 -0.24500502175395744 -0.06136110409009969 -0.14252697780682508 0.13004028675786233 -0.040724261031632764 0.013247622873140427 0.14803296320853315 0.052020705719455045 -0.038279649829161606 -0.09157258980672459 -0.17096280531811633 -0.032205310499024024 -0.1443993491346017 -0.07289697059126046 -0.01236191753234734 0.2441403914327553 
-0.15581091622830573 0.14004700408170898 -2.6488616384691407e-05 0.11001733628885427 -0.14196704903766114 -0.16642186084428284 -0.0453633691096251 0.19919239102182806 -0.07082513470887614 0.08361914828467314 -0.0830103946356594 -0.19080573137685716 -0.19344657594194578 -0.10393522338504425 -0.04687051553933981 0.002414859390687236 -0.19575880591515857 -0.17225215433451524 -0.19350347443619872 -0.1540238941612455 0.045731894839436606 -0.03832522074399494 -0.11349190088245346 0.022754170646229296 
0.24980508012764427 0.05854444081189139 0.07898414985603476 0.1375548390426349 -0.18408030860411254 -0.20514941928486624 -0.021847181718863483 -0.07175547913689093 0.13659716729207882 -0.032134110438643206 0.0034275813592026323 0.24079266574915037 -0.09517285216585852 0.13050532230785977 -0.09770557370531584 -0.05317928177721104 0.012914126892866206 0.01867819231157392 -0.11113158596267211 0.13258897433552067 -0.03387242270952452 -0.08256795874281164 0.11909745155446888 -0.026629238385179416 
-0.08601691955906074 0.1151628211504561 0.010120388359917047 -0.17908273550106102 0.14913621642730726 0.14333711244518596 0.22037850527744796 -0.03548895891379672 0.09065492575460542 -0.06342100321700564 0.015360292464038817 0.12991951994689552 -0.03473732064674931 0.012014040427991972 -0.06877671688824374 0.02705604700509355 -0.16634290985191022 0.1812402084848698 0.0998261440853314 0.05112907842161548 -0.08790105105816964 -0.1366180004309432 -0.12373499840557259 -0.07042592537604957 
-0.18514438931567537 0.12856882126971245 0.0673095854757687 -0.027334957796979267 0.10627851544614034 -0.027088395218031025 -0.1840269389742513 -0.14552930794017224 -0.09626197216670611 -0.04732929164408102 -0.1789639691462385 0.007799368595258922 0.04635831296422394 0.011217507357640582 -0.026591721639549176 0.11435065832477072 -0.03404234444146596 -0.1939809639276887 0.1487083302994606 0.04204966996454541 0.10295496567900411 0.15985154143367045 -0.20579834487216822 -0.10513006217224426 
-0.17448253106903197 -0.07412809123396374 0.1371940189049947 -0.16706225770190095 -0.010547008010703976 -0.14927009723323242 0.08064801776032392 0.11126292779888812 -0.244492633531612 0.0366899092273039 -0.10338862526568116 0.24058420466422617 0.1560759317289336 0.07394967288553854 0.1672254833659896 -0.04359843178657142 0.21764703256529191 0.009839988789450275 -0.10483192511487933 0.22872372677278677 0.10683591313308857 -0.17384567607221388 0.12634913933731012 0.08684941346282983 
0.09197011836618639 0.03933852232726204 -0.09776277398441567 0.039570077149518504 0.12511286282054107 -0.19016554168578892 -0.14726088258605732 0.12652696316330134 0.03101949711743466 0.040860637076575036 -0.09982676564828119 -0.04321184982928624 0.11959994275534677 -0.03551169240512431 -0.17404114756699618 0.2251873228451784 -0.17854707343197415 0.1842110178909428 0.15222946282627173 0.02936832562275983 0.08557479767003424 0.0535630239898486 0.024291999505355565 0.20344594385598752 
-0.10345703124520399 0.19508505136985987 0.026609839090387208 -0.15349491049784364 -0.1083705961695677 -0.008763431441110242 -0.12345802900823705 -0.14689491583001996 -0.10774659206120368 0.11533248842258377 0.045230839213756514 0.1634698261938283 -0.044315839872075644 -0.008115983586787648 0.02722625591010986 0.0406837636582595 -0.15709999041619316 0.07477858205759369 0.17193114510522287 0.048826478777304984 -0.12222292278356707 0.0795284389681733 -0.20817808038688174 -0.06786481549908217 
0.19921440020136547 0.025489164748096517 0.1414811172236966 0.041225991799448004 0.12832021390822484 0.147628214658499 -0.09717658185024705 -0.15031725683451094 0.08218325761169104 -0.003110157644309966 -0.14878766971963758 0.048620002432067794 -0.19072148807168868 -0.14895505304921677 0.10953580809189888 -0.19532794212717428 -0.05828164023362823 -0.19154879874243605 0.19923242779765732 0.03325753746938903 -0.0803898471622054 0.20620916240814274 -0.01008163644740528 -0.01778993574368673 
0.016267606159334466 -0.09347630114766765 -0.0770233554312814 -0.050609658668650394 -0.10136787894323236 0.033265558682968786 0.13784861680896837 -0.1709891152953387 0.25845790723587675 0.08703347240725162 0.18444097437408535 0.06215622785756086 -0.16769636913298164 -0.05236570193389537 -0.021341562681120592 0.025605761334732743 -0.04635187903833041 0.0808573592902542 0.0718108670463939 0.14685962537473846 0.002175224870884467 -0.13898847863119626 0.16622903254708749 0.055905707492276434 
0.19287680610688845 -0.1271200190381293 -0.12861970633622366 -0.042900680754834795 -0.07092982093814063 0.15281130544879418 0.025687913484476094 0.10622080306147622 -0.0465541807693598 -0.1598384892362599 -0.1535224494554795 -0.041999372601381944 -0.12170280745858392 0.15712250570030634 0.03923251243950623 0.0976173076240512 -0.026647363717282647 -0.16440572163653133 -0.10512774508098095 -0.021883665313427034 -0.1197931831757751 -0.18987952821160342 0.08768578575525277 0.09016429825425966 
-0.06701413394767528 0.14058308109397114 -0.02813575487502557 0.1423576492738191 0.058085499328744336 0.04259837551977569 -0.11893354219304264 0.011591522393137902 0.16026908312441704 -0.0771408344927062 0.13486957209573217 0.19543910196486064 -0.0672320762723138 0.08787041117894762 0.15929612760754344 -0.18820165794775656 0.15811696495220634 -0.12291420148412958 0.13929122360132515 0.06472458599220748 -0.054205947501826 -0.13882902926155172 0.04535207789149111 0.15716470351372663 
0.12802645152513203 0.050567665065685115 0.18246590768724627 0.03539047661692502 -0.12009856647677614 -0.027785218371031022 -0.06448400788568441 0.1969746694473898 -0.04720554519409343 0.19728267043610487 0.007372827390302315 -0.13039338676814893 -0.16992289768380334 -0.05114495413047062 -0.15012948825538686 0.05306003350915206 -0.033871349604101327 0.19655523609797398 0.17176157264069347 -0.1396931036179067 -0.04140245913211821 -0.015080016847303824 0.02395117672502148 0.11132937847848126 
-0.06153261246307357 -0.08011325739268149 -0.094332592864817 0.17773623520019777 -0.19118417539659294 0.17231624904514775 -0.12386910227801279 0.032049165686216075 -0.08988429954063108 0.2548679379700159 -0.15039115480396759 -0.09646449744751506 0.13454666767343956 0.05894422267931755 -0.07544377055610665 -0.19994602296252578 -0.10047061091616516 -0.1412411723270512 -0.11784455199822193 0.18773399481570424 0.2010815559180113 0.11871908309527412 -0.03632233377957369 0.0994332077943341 
-0.032980304604830785 -0.05532289338211484 -0.08888662233423086 0.16426850834197704 -0.04452891347500454 -0.01290028259970071 -0.10105555599491811 0.17726118575624322 -0.04313658563526996 -0.08010318413244678 0.08082838006521888 -0.14334747578068793 -0.1522443356423394 0.13474987678435124 0.09679084920371668 0.01383557680277554 -0.12310551896020075 0.031777522355476005 0.05458360100582606 -0.06813836320123771 -0.17279892846953765 0.15460869677405192 -0.012203789148252918 0.10470643962766243 
-0.0975825745077593 0.06634031995014147 -0.027996568223295704 -0.046466470490526955 -0.1487967003458709 -0.10144061450758318 -0.16798824831453338 -0.08588052025341486 0.12705080411450323 0.04180911530225685 0.05851252200807033 -0.24152866789313832 0.060974497510906875 -0.019539174596539487 -0.10680150134670041 -0.17037654685745843 -0.15964480525789396 0.13706680381318528 0.1931636824486113 0.1677010410296387 -0.06025714829974488 0.10782446441853145 0.0443156349825738 0.11229894683251214 
-0.006379498250534354 -0.09568584771721188 0.11410291978922558 -0.15951671847703078 0.014524239041529614 -0.052860697014710765 0.020392677992176766 0.06756102986522347 -0.18400156197290674 -0.0421585101352452 0.056671824724332714 0.19955595753878358 -0.041797741526906615 0.21312321198362744 -0.03779318988626008 -0.14499566137819409 0.10898196575248541 -0.06541024904329278 -0.11199954643488569 0.2211351004260179 0.2195051429085329 0.03890994495434633 -0.025251793706871205 0.016476843690022776 
0.08965903189351816 0.17546092215251238 0.1356491874998346 -0.13234455770981232 -0.09387625244204294 -0.20694433943105645 0.19652197440349123 -0.10460336395797422 0.04614485122813682 -0.1638149093025005 -0.12700578729135686 0.016710961155565852 -0.2019693801931115 -0.019018931450766725 0.004045211382197721 -0.055660877412308435 0.02932967996996576 0.014430333059158536 -0.04309422801914403 0.059401090855680024 0.09419243755379651 0.08538835340268167 0.013045837862209688 -0.060537170223758346 
0.044569160770957905 0.17053876289977904 0.034444017095021796 0.2175926926243923 -0.023180379872246 0.09497819680084955 -0.18494457429068364 0.10208177803436305 0.017140692543518486 -0.19809060736486622 -0.10203923303654604 0.03042784434614734 0.10634833399259827 -0.20254230333835513 0.019264510506195737 0.14896357797020984 0.035934495535123255 0.1853763577464134 -0.16985902646810513 -0.0828853166298268 0.2006466753346764 0.10089297816352731 0.028596164253502317 0.1228945153332485 
0.1874717422276017 0.19620527980367108 0.19965451953714144 -0.1435663353568374 -0.17155953592127163 -0.1703723680481968 -0.19424967787481912 0.19771496451990062 -0.19087157821556647 0.16222740116311757 0.06514215328790822 0.005816043021823305 -0.060525416343366764 -0.06847988457299978 -0.09760251035829233 0.19449869576924947 0.12482853869630436 -0.1896965325668626 -0.015103009108494249 -0.0866071910265156 -0.1884590436910305 0.17893439690174007 0.10845134989727231 -0.06727568458345498 
0.14743014729194107 -0.11986910236751251 -0.07598802989065552 0.16096865632025875 0.25694024098607615 0.016306378830452283 0.1812001575352796 0.15290147146375105 -0.01001849982859852 -0.06453588774479217 0.064802095268361 -0.0018191985557116032 0.0033534395716177524 0.21564638134975292 0.1087390806545621 -0.07371364261836806 -0.20611996458482088 -0.12530432202073338 0.01053279886883723 -0.03261371253449962 0.14888948002917923 0.20036619691940713 -0.15843517135529747 0.17464797600943147 
0.1634947248400282 0.2415425629146104 -0.1848393395230292 -0.17682228621045146 -0.19789464120211697 -0.07220613067233354 -0.17758821184730683 -0.08158608381473528 -0.018639465690505216 0.16049373062032593 -0.009039253952916743 -0.1373013553313722 0.04158191185239705 0.07480854481514616 -0.1550566146274233 0.07322086529813027 0.11365501275540628 0.1478720811163446 0.15576626790123776 -0.046568849029947734 -0.022814098252280906 -0.15897100324324454 -0.0793556245271501 0.16794998435778172 
-0.04860921985935274 0.1200407220201107 0.15578467494707263 0.15856674367046883 -0.13690145889633662 0.21200816203145365 0.03665804353531202 -0.11495069992506676 -0.0806264081636989 -0.13538002662108203 -0.021863523659396908 -0.12422411986482466 -0.13320115016511816 -0.12035474511143097 0.07555299171108788 0.09389648314439185 0.2270970728859563 -0.09102152312136944 0.051110684893976785 -0.18623522573170637 0.006350231660877903 0.18001835009225872 0.1550979519375953 -0.19623392484726143 
-0.09800229722657748 -0.13592954056529963 -0.1809050154457091 -0.19611190784001617 -0.0038423436953899897 -0.1817406692908129 -0.087796401793202 0.05522678617602133 -0.11964111186485372 -0.09126727096831698 0.03563695851829212 -0.025354709789708017 0.05891025015375178 0.005493990899232308 0.0525401552408411 -0.05786171739476704 -0.0843110245665801 -0.1461705388645514 0.17465466704536617 0.10616488909742149 0.22329080239756888 -0.1251129813012066 0.16184562003107672 0.22145876060301617 
-0.09591961248370422 -0.07338577604187908 0.020201016994929488 -0.12514975764896333 -0.02274900587873941 -0.1283021955682759 0.22717632872208127 -0.00241955772730801 0.23484420948455423 0.03543601750846368 -0.0061484639691347645 0.17794190845040286 -0.14213562529669949 0.027834236282272204 0.06394042593881799 -0.026006234477319687 -0.22521522478004335 -0.0028515285216885195 -0.01368235280724709 0.16495971018240554 -0.09647149726281418 -0.04276947960864151 -0.08548866392061953 0.07372426500543375 
0.21203772425695833 -0.1378507379067773 0.12786416042696241 -0.10676933596829097 -0.1766629000310267 -0.16774857208138533 0.19824861505861344 0.17830576624128663 -0.09234768834613921 0.19088258256853255 0.1324834080140025 -0.035268878775787944 -0.012536212919919363 0.04721738019037147 -0.13614163844442553 -0.19423407932821068 -0.09279493061646954 -0.1939646261921879 0.06896241496457256 0.020215692644136196 -0.084963815719834 0.10876195417662768 -0.15015397209216053 -0.10119434751433598 
-0.08220487672541868 -0.101563119645708 -0.1645010168651207 0.1392652870965581 -0.1643996534098838 0.055693538948427615 -0.15135065704047382 -0.19589738281436153 0.034474724381512216 0.17004310515568502 0.16854905071850518 -0.080434452074214 -0.1891946402920512 0.12601651015401583 0.12163544841545676 0.15190391838205966 0.04436619509719401 0.11334239974623204 0.15859816308972446 -0.018129341144519386 0.022720005124581975 0.0024022284806674565 0.09415973129072487 0.07231386952105305 
0.07354518968317433 0.06475299055467197 0.002264368645794816 0.1286741674940532 -0.08638970422789027 -0.08820794831879569 0.12897294592919986 0.09045380181006947 -0.1683649246198829 0.09758132796702111 0.12173528042565768 -0.10962509771042715 -0.16628736393118201 0.045807886864358674 -0.10937788159086857 0.1932845960634384 0.07261624831068789 0.09598502705845327 -0.1564463400983215 -0.16598361616585364 0.13165615285929916 -0.03552712492779413 -0.1647792737620072 -0.05084403884309725 
0.06802436783882275 -0.12341840679892031 0.1578814362833253 0.21387432267773346 0.17905048597608322 0.09116209365962943 -0.045897761821837114 0.12481429803241643 -0.07623317243077908 -0.07338099869666267 0.04171077027194497 0.024918362148606824 0.18593600614757214 -0.12386055490855905 0.08890016652678129 0.17617676918626587 -0.2422488825672967 -0.009377673099387869 0.06201122223622189 0.17064134640146952 -0.1626593399381136 0.1405576798513938 -0.05350307929910069 0.15504509295961705 
-0.1889695965827384 -0.1771340607421184 0.19268341403766567 0.04313876136264959 -0.032404342238870856 -0.1370825739407034 0.06295501624896563 -0.18520036141726398 -0.08607221256627587 -0.06976815043672013 0.04232282147786931 0.06887894189799766 0.1492260672833376 0.1713869187658956 0.06337103848224585 0.029691247501470026 -0.041239513395306085 0.19905068183039473 -0.13773733274087122 0.1716287321501457 -0.07473889636578293 0.03173074592657089 0.07832730076997975 -0.10456902708667534 
-0.13222563067855156 0.0033237591467616514 0.11595292861428824 0.07610651389483403 -0.15192836807375018 0.15991255537527027 -0.007945191522343499 0.17855335217841342 0.02098963456204428 -0.16577319993078365 -0.1182351584102846 0.14109638506860253 0.08150212531366367 0.15756158500901435 -0.06751032694634469 0.010984392098381621 0.059369406329926544 0.0371177306817078 -0.10657886786803156 -0.02877559463026509 -0.09989864901195694 0.13761383884893957 0.19482859578935302 -0.1731719000556601 
0.12975503887382941 -0.10305551925509857 0.04945505327041412 -0.09588300336943997 0.05961174978499863 -0.05081100618962197 -0.11004188426769468 0.14820564423951177 0.1617051393344293 0.04474260175162292 -0.11340688947323095 0.22724176858210096 0.07734763051237374 0.13383953151346903 -0.11451112369547851 0.12881162091180817 -0.09958442341204986 0.05190956427368845 0.08342506787919883 0.07278617539579933 -0.01635270882435577 0.14814509640199394 0.14353235571528414 0.03440093326320693 
-0.1634990448186377 -0.07466492235533542 -0.15747974127158162 -0.13021283156049157 -0.14891097070617915 0.06360814870828893 -0.1842093193134472 -0.10252703742141026 0.2547821219059084 0.12152903862049515 0.041522938103436206 0.12270997344341132 -0.18256632363487663 0.11135458017650025 -0.07462598853628664 0.04431719242715812 0.048217072118711554 0.1263907128914795 -0.016271513221850522 0.2780732387962219 -0.0959778307193014 0.10429981229159486 0.13879084636345926 0.1943265414733296 
-0.18696246483796425 0.08919462952764928 0.02576723475687195 -0.002968561114006832 -0.09544689323006626 -0.06843268427950754 -0.09935704000890572 -0.11147749391240697 0.1190898163783109 0.000938188348305267 -0.16642703183936272 0.10997152028571201 0.01320390917421818 0.09488839147349964 0.006034473547917988 -0.03939796461724981 0.19465316720994302 -0.18875352662731787 0.17290175851561196 0.17212669202339684 -0.04297214191011914 -0.11340805922515462 0.046987392647136014 -0.1280983167887943 
0.12029949221341207 -0.12807586951383526 -0.08280731750757 0.19634183063163238 0.16079383078632847 0.03964083577557244 0.14626620012667338 -0.058204269724133145 0.22497522584174365 -0.026065435803394873 -0.08120673945505424 -0.18807943643236907 0.21542916580743207 -0.019678910517558736 0.0929647670483589 0.07736727777554153 0.10702494354736952 -0.17945251295867456 0.16773953085092402 0.18506861936539437 0.038922014386654005 0.21875100176155343 -0.12817857627299706 0.04022620128203597 
-0.04077672876882609 0.11367766829765218 -0.07888213919662958 0.19652921610474144 -0.17186647597167728 -0.18320637781991103 -0.18014940299800217 -0.13920078400390212 0.004653420287516618 0.14397555817336677 -0.15523892264616856 0.00847637244717963 0.06781567459375788 -0.11058636898062911 -0.11995107080714656 -0.11094456567116809 -0.18241588519429494 0.0843941408080112 0.06073823241705121 -0.02209141736790276 0.040405660610391754 -0.15557075451715133 0.2465454511643154 0.13842613267022114 
0.06280513389765006 -0.05941340075239787 -0.032825369833061176 -0.006696281959032812 0.17392501059368076 0.18220162798353828 -0.021307897468767493 0.01127192945374879 0.1571915789624457 0.20835460664913102 0.05491305091749863 0.12052590479417624 -0.06421316659553906 0.1689951694928871 0.13403655371196121 0.020446907241604254 0.1729838438474699 0.14116972521892 0.12261246430365744 -0.14718722030339534 -0.010980966045438417 0.1863228538422465 0.1116619942793892 -0.03118734110551039 
0.20262422974194227 -0.10188360168674959 -0.06573242811542995 0.2098184410871981 0.12273488059047694 0.14509256052186356 -0.19553455614973414 -0.047392723618700235 -0.10594238158957872 -0.08075811327103578 0.09433067064684 0.08985435778274387 -0.007681931538843728 -0.09141107645126104 0.033322600069151505 0.013226976638935956 0.015617134365377277 0.04550630397030219 -0.041099165120748925 0.09552144728028958 -0.09865904236622319 0.058979957524354795 0.21096330016669282 -0.19880863331087 
0.08106460793349178 -0.1596524924819728 0.01719160447454512 0.05004248063983486 -0.10196992351152404 0.17147305584488756 0.05856160333737347 -0.10648581743716509 0.12634197046199105 -0.15738068071346634 0.021695468590282263 -0.18398176027554478 0.04557263941576886 -0.11632504781138837 0.058999113569219504 0.08545879827592001 -0.0002371862431327427 0.058280561627248054 0.12457894820494082 0.1396074966133494 0.04499851063463906 -0.021391282777743246 -0.03710130720724469 0.15798983331010485 
0.07134517993084273 -0.12638152781330703 0.025837406713870255 0.1990339414672409 -0.13910589314608232 0.14019865130505524 0.16203121720637578 -0.0003898088014698183 -0.18495272078277208 -0.14039329888295976 0.2052286970573658 -0.22144200480161275 -0.05027468135381895 0.03824408345387846 -0.12045469689801339 0.19280806826144847 -0.19121564730758847 0.015575194083656969 0.046510858159201744 -0.10676877810128736 -0.03602428201600451 -0.0035234945572134033 0.13924465085173668 0.052965552557047164 
-0.01273254409048817 0.03816772819637403 -0.018307473688560862 0.01008488917578979 0.06261906321062595 -0.12679930739148465 0.12252980839221805 0.03986312366329294 0.2061649635288675 -0.1102256866215798 -0.013237107749685008 0.18141430256075108 0.03994388944712532 0.10697260376238359 -0.03397003132927242 0.08680391133393603 0.18019509154650926 -0.11915142844397143 0.12219122712476754 0.22049627641617195 -0.19432098287281369 -0.11310867814645177 -0.15257448616861533 0.1061317916655094 
-0.16722753262104093 0.19130295725490679 -0.04348976141135686 0.24743986954055083 -0.12382511708095723 -0.02323336270289375 0.1261233705547707 0.017355038747868236 0.0736379893256442 0.004958069865261168 0.029054623010744986 -0.001868625261925978 -0.12181909106977018 -0.19049080949945513 -0.13888865219748173 -0.17889162089751778 0.05343495968113033 0.11600836145656646 -0.055586738198521814 -0.16962386720166292 -0.051421350271859574 0.03364454006702457 -0.060496398217722167 0.12354271041244345 
0.17380969336320096 0.18406312193842136 0.0807319690016242 -0.011652218685540535 0.07223060231651013 -0.19478958980009028 0.2352439629151758 -0.13047499204378799 0.20199187585156572 0.11603703214482487 0.11751476622778 -0.12339945563395961 -0.1115233498372301 -0.06187172613292267 0.13343186783786556 -0.019487739913408398 0.22164987529770344 -0.05814593213512696 0.04705831114762374 0.1693441304658547 0.04280624923247031 -0.1817341353938494 0.004633934449652027 -0.06527808504151827 
0.003225873898741628 -0.09246856683765516 -0.15059787208468942 0.06648871567600309 0.07169700585707832 0.1348442528967878 -0.14650436893651017 0.14077895277512 0.15310481190821262 0.047531059609537296 -0.11724576509863935 -0.11352039800420599 -0.02762468030319387 -0.0018047690400014057 -0.008848016464600029 -0.01276798335065131 0.127122568655561 0.15135597501964965 0.12597297142774497 0.18942250743237676 0.02108808748857952 0.1976987189865608 0.05296245761768522 0.03213624512672275 
-0.07143487585839939 0.15426412144206897 -0.1791051008570056 -0.1456290445103794 -0.14736946652937127 0.017251260432429284 -0.12916245406397592 -0.06273252090655267 -0.12905357725682576 -0.10566695718872567 0.27828530115761646 -0.06921520610303657 -0.13895060438292348 -0.0579718142142227 0.2718072195422201 0.0878893152370355 -0.12994389308838983 -0.08558096423674051 0.10384644768969223 -0.1029579764350666 -0.09744480386253708 -0.16606339951859217 0.23350161789677473 -0.020464711606524688 
0.02428136319637139 0.12590220904215443 0.11781344735358798 -0.020618631977629625 -0.1256177890546021 0.12983118778816996 -0.1876322025339927 0.2196456827630995 0.05259171665792236 0.13567871008242 0.04276781603608371 -0.13185651989887984 -0.06621359451450093 -0.018337448990033506 0.22889014960724932 -0.12546950159266887 -0.03234862085772737 -0.06168164277491355 0.10705599053038756 0.15825466772301158 -0.056419505945090154 -0.11756747339182012 -0.17296129758525078 -0.11977033746721018 
-0.09016807546381933 0.0388972928722666 0.14871453884840896 -0.14818287678923014 0.1832333448684283 0.07241913007298352 0.09592062117265429 0.1932821931364957 -0.03300948398132457 0.012391976927185498 0.07084116877620998 0.005046476630740944 -0.07948909144213642 -0.157430263698775 -0.08515528757412442 0.10670565832634724 0.05554782274823864 0.11976187223448068 0.0067120487665068545 -0.1063230804084721 0.050457482808013994 -0.0775354092818052 -0.18823009748936867 0.16096175948231467 
-0.03132306384586799 -0.02904818573007004 0.09563514365996831 0.1792774636293777 -0.17075842899143356 -0.13022346691834613 -0.07021520319135846 -0.0997732272455364 -0.001764944889879391 0.12907867926771874 0.14098910449812715 0.037726550740722155 -0.10308259595338007 -0.12466494021212586 0.09649213556353729 -0.10427026640782548 0.015501122452962236 0.0988530677757863 -0.10786939592661358 -0.12949765200323532 -0.18407746973955272 -0.14036650483518823 0.13996571099156363 -0.1577335696197742 
-0.10971872266728616 -0.1869163504434755 0.06970272565114399 -0.10648242474856656 -0.03400103622885784 -0.14370704771092793 -0.04840283822110804 -0.005227413805072939 0.02594538359623329 -0.03034671108610813 -0.15849491489805995 0.08373838834175315 -0.14455389471576358 -0.07091756378738327 -0.09034607329555715 -0.07873214263648418 0.03668446853785411 0.006973482538866247 -0.12321717630495563 -0.016671510588204257 -0.06337159706972441 0.05409869826600423 -0.10873448058684684 0.10930439524304536 
0.010288384352806035 0.0002426793297224409 -0.09766386540202274 -0.12480070617416458 -0.011054930284716422 0.19285198837500567 -0.14629219253360823 -0.08574294068791401 0.11948435381178182 0.06509026455330108 -0.08762427956114117 -0.07328911387598065 -0.031489475614121167 0.04047960148280135 0.08686317281866875 0.1423336624901942 0.07159801766936211 -0.10436337292384433 0.1700424674573891 0.11166369006593878 -0.07618794724423732 -0.07715214422290277 0.15198569763501088 -0.1490535256491494 
0.05264002814639366 -0.07884426594952203 0.13018371355733538 -0.05344035323242153 0.09247667757965142 -0.13383500633699025 -0.007274648567656933 0.11244824236415635 -0.06746101411296247 -0.13471201630247095 0.05880645563457405 0.13451315291154042 -0.08705059524258237 0.001553452219369868 0.15457165698086167 0.18782022691419883 0.09827163774437384 0.03577696248100091 0.12622614219676423 0.16871108298208531 -0.1992354634677265 -0.040473850151460114 0.016715387975195516 0.0926997268169815 
-0.16468995969476327 -0.02145322865649683 -0.08727916708703179 -0.030082847106499267 -0.0007918075295878782 0.0438469200310715 0.024070565854204796 0.041538600382636647 0.06427979767927186 -0.028179198054955158 -0.19822924030946654 -0.1620211632631183 -0.0787310588729776 -0.140605119253803 0.038847814508048355 0.014879939503397693 -0.0047501865545627135 -0.07081651350676198 0.06050669715614066 -0.12313806665587287 -0.19786057669298487 0.07117395146605124 -0.0038641922142202646 0.07806348954306754 
-0.12692475474217374 -0.2568487183931679 -0.04804935083743104 0.09670013358644072 -0.15846987609644514 -0.0812942010117397 -0.04788358268528212 0.0351024394770384 0.09385968962846966 -0.13645298135784725 0.004672312517953148 -0.014012781504528251 0.0485112323359015 -0.12593451668293915 0.0360645049629902 -0.1235216213992644 -0.2364804329569082 -0.029215043827363073 -0.12559755492326852 0.07701708006334199 0.02335352066703298 0.15742090820248505 -0.05524784470194532 0.2403963683811822 
0.013108893321113774 -0.0372443109600542 0.09696119627443417 0.053764468214964986 -0.054257669740258446 0.015878737420439708 -0.11768036876649182 -0.09112417134130656 -0.2480241004367878 -0.03315793432382384 -0.09087937393388411 0.03318876815859573 -0.20148580485395925 0.04469145202401945 -0.08193152598061182 0.06350840851910622 0.10637713070245705 -0.02823318348046508 0.06444532446307875 -0.11881859332649165 0.24746482143709564 -0.13861698125826738 0.17969131056966792 -0.14289369703573068 
-0.021552018551935576 0.08085821725030977 0.14255571707672443 0.04035987447219987 -0.024283302767441516 0.04726875821425499 0.0800937561197135 -0.09606216815186186 -0.07838673768746542 -0.17338923459772104 -0.05966543536491761 0.08446313700518468 0.10986594614823071 -0.11524702319815483 0.06850538299518306 0.11142462560777358 0.09885931926789437 -0.18812664778171043 -0.14069833032564477 -0.12647214558511288 -0.14889237696106167 0.18436283340529383 0.10344695192796552 0.028616961028012977 
0.01694626537716013 0.07086042541722852 -0.07826357870945982 -0.05256347984608283 0.02947078875569581 0.13656966210314106 -0.11858378692280949 -0.09850391292319788 0.08580032592047743 -0.06282267869648282 -0.1808752028198285 -0.13003618777462939 -0.12169592571476626 0.02093401412562328 0.046895008277065935 0.19146782327869719 0.18466218176204166 -0.07627602850904891 0.10049677860526689 -0.09654491764750055 -0.05183112397383687 -0.08203993460466828 -0.04224617234987732 -0.11330722407177218 
0.02081060691022216 -0.23552148038570875 0.16495811522586823 0.013862107946565672 0.1585667827505892 0.19986984057447618 -0.12457591903193681 0.012750836715716054 -0.010661244852428059 -0.0832783151100704 8.715442435276092e-05 0.16715589451642282 -0.14593785348706415 -0.13833186551641236 -0.10095764186659065 0.21112551929983908 0.20410784325839507 -0.00804126789668096 -0.14633212204474982 0.04752621324030426 0.08729265971707126 0.19256892467458347 0.08392594295063671 0.23776537702842396 
0.11782565083540865 0.07337440399953918 0.07244119990952855 0.05708196473805895 0.13351567507217238 0.25931000401924187 0.13368125090847946 -0.12465938868895507 -0.25829142962575413 0.23908827129700236 -0.047609723384720554 0.09666653960994517 0.05163564629246393 -0.1637809411937846 0.14906235825846625 -0.13375495734570111 0.1463748412034112 0.06726317857578051 0.047371022477701724 -0.0060581810654563115 -0.029990233799874325 0.044981613342554023 0.10970777045671308 0.08905546610566259 
0.13604268650979878 0.04959750137328452 0.18890888209035228 0.0961442930347667 -0.057262294022126195 0.057907312491231294 0.016730771818551544 0.02255534891094269 -0.20810687375158726 -0.25891538183460117 -0.031824491211162244 0.019911498020910905 0.27198615620764083 0.012576127348471739 0.04982140273133075 0.05829738231539728 -0.00972664378703182 -0.22463107332500684 0.09707056074759386 -0.09967734132664444 0.06257403951093554 -0.12880283959434177 0.13161689864181017 -0.0836332824716947 
0.019593888325034316 -0.19397350926806137 0.19334662121496105 0.05904646712043328 -0.05408304633955974 -0.14069810775806751 0.07044330468042552 0.19622827104542703 -0.06296151423619996 0.10575788516799982 -0.08412947959278637 0.18460677288123364 0.10822909939926471 0.03927588981818214 0.15628782500988395 -0.11992005195810751 0.16420308632999422 0.07039074414289063 0.10771342023615503 0.05094320866121546 0.117826383515845 0.07100324915278744 -0.14075435071463022 0.03574241536982541 
-0.18001165257284543 -0.04939370437149677 -0.2579915870039072 -0.15350491643372616 -0.33021371483533873 0.334535242460747 0.019218698852520356 -0.004397558574725463 -0.32637103498968206 -0.031058973422343157 -0.03180718126101974 0.3765694381517173 -0.13973262114940094 0.034070658236682594 0.11178707375260588 -0.21463296427784825 0.01702079271429454 0.17274296851844273 
-0.27133824772722875 0.07144186651424245 -0.397747547875305 -0.376041920492633 -0.30312902931961583 -0.012437727653440356 0.3346918860916119 -0.05142280202681809 -0.3056589553453048 0.2635187839974832 0.012905349744596445 -0.1388519788393978 0.361964023570211 0.3452631791737419 -0.1632631026788458 -0.20389842776504924 0.07441063245636462 0.26510353705627887 
-0.1734913643202405 0.05813961958639603 -0.23879503257994356 -0.20862562968075515 0.17803579239068903 -0.23963959091120782 -0.2466657335158576 0.1402842561178429 -0.3344400744936885 -0.30100207302408477 -0.14428438240999536 -0.07804724611454648 -0.05184229119883375 0.17853230325170408 -0.3197080201789254 -0.0956713538305163 0.09340023835672348 -0.31744750118985543 
0.29765181157577825 0.09837596749202941 -0.316857869740732 -0.21653126010961385 0.16707673094487996 -0.06503081838293509 -0.05638283239248849 0.2775082586845236 -0.2484826100429484 0.3021154480017445 -0.31502408407283994 -0.3436477375677619 -0.25686760652572715 0.28008135941783796 -0.029576532593426068 0.10363039696991899 -0.2227404649930702 -0.19583428672612418 
-0.009077343987805901 0.16347912015176358 -0.013370352953029307 0.253418484317116 0.10853006354016682 -0.1708194680400255 -0.2802040724769292 -0.03553371303162969 0.16633632614715357 0.365144388054499 0.2676707953556624 -0.1463227212515345 -0.06057161656352204 0.047267680418481145 0.03139859450354481 -0.07462950001214036 -0.27443808076828147 0.0900313187205247 
-0.3561591160812231 0.250944699303954 0.25647048287746566 0.14480402467782197 -0.009073813989639296 0.13511022676439513 -0.14848030784077454 0.273882998626197 0.1866519344736926 -0.21833971005140115 -0.13467866854751617 -0.07676913642380125 0.005680005644770876 0.010757940897395063 -0.31568774575472125 0.10822735244007023 -0.19837915670433184 -0.10840708980320764 
-0.01991353051812458 -0.10227784517674587 -0.061878628742294724 -0.21857069886580463 -0.29708014760465035 0.03437664091348478 0.07592819691717644 -0.18463911752849094 -0.19632332508774678 -0.16043750195036272 0.23008095396537012 -0.26890881476585404 0.06397415711090587 0.05016278261498462 -0.10590748900003148 -0.10098545124500607 0.3574436942521664 0.03838279167674373 
0.15809092853994994 -0.006186808125455083 0.049072333807312685 0.04911366181612804 -0.2430800677855231 -0.11189058212958666 -0.031298106435347604 -0.26017243915296695 -0.0924778779031323 -0.23005336853184377 0.24878056720522645 -0.14014573365192726 -0.23728237777111727 -0.04722076021062354 0.12405884983054209 -0.2988435166308545 -0.21827596989039483 0.17378522722753903 
0.1832962511781153 0.0794113092816303 0.26290187238353535 -0.27694840935018755 0.1381382524617064 0.2868148716338489 -0.24756572371422075 -0.19629725535347614 0.021315740332857405 -0.12409476484211941 0.13620903548527444 -0.3247110593704503 -0.20872013798996714 0.17605986721312547 0.32435956858650505 0.29544959700294243 0.3082249682340178 -0.279145919802416 
-0.2788027225805298 -0.2941738370521032 0.03436329213744984 0.27393470724952307 0.021285242840061443 0.19216507241702557 -0.2709272037983466 0.23524039979191025 -0.2136139986096161 -0.28701477025464084 -0.05277694926772641 0.08989056864282134 0.415516668847962 -0.357904836082423 -0.15366599447503726 -0.2711212799173402 -0.07169675718106215 -0.2127982979152874 
0.03468050683538983 -0.10259927267927534 0.3165286114456382 0.1978807528084201 0.24740242325405087 -0.25403760809683534 0.12349772035127708 -0.1457161350860217 0.24486116822203416 -0.3866754160524428 -0.27067464098852934 -0.10903125425077181 -0.06517512614222797 -0.14920090659032173 -0.2774635987152971 -0.2615763110904162 -0.12084049807446479 0.3534108323756751 
-0.2264040393358597 0.16830894654811943 -0.18453333660546112 -0.36159341400374984 -0.33376060597170076 -0.2378187362861591 -0.07605952224653721 0.2040221354683558 0.14637974440487092 -0.09380490069816758 -0.01459866523781202 0.2632341364947484 0.3063757121025648 -0.14649762039140143 -0.34208123668546425 -0.31199514785718835 0.18797852752414274 -0.19359758558089274 
0.012277799379871586 -0.21040828265898562 0.19570684891200202 -0.006328864812433138 0.01817658579715146 -0.14390298956816736 -0.035177086245401994 -0.28443264124878215 -0.15133649477201225 -0.13756351728554356 -0.1467477197454084 -0.3249728506107583 -0.025575312149098924 0.23966782405825612 0.3046254408767074 -0.0018096525189031658 0.06310455291948111 -0.1357418155288366 
-0.2657691530143371 -0.2523791392532147 0.12572380802321803 0.14637029576836194 -0.21923663281614802 -0.05814652905850069 0.07703980436089826 -0.31506013120898446 0.19470117290165642 0.11169328077478667 0.08173677753920323 0.20273996776670053 0.4021062583309591 0.04937416488578248 0.24978301563537947 -0.05466003064895235 0.12564828443522977 0.2847422525717008 
0.16580212731364447 -0.133578471373684 0.05910395168048654 -0.10050620171294608 -0.12033190307656073 0.07427595133464007 -0.21515932989245679 -0.0043506190084393 0.30676161613721703 -0.12212099483623778 -0.21254365557366747 -0.05768417369401296 0.21659262907076854 0.32277845755831464 0.2242210899410735 -0.3369905329720076 -0.15875515832980536 0.41754755304704366 
-0.31241978160807554 -0.0066219114374217606 0.19308780219642424 -0.25913734395675714 0.1098974579812233 -0.007965798615994755 -0.28414916164676474 0.28039893239339797 -0.232971613051459 0.14171316517284338 0.17199709238651165 0.09918535163294927 0.09598603246368416 -0.30226561144889386 -0.13017128927067817 0.058500586563609715 -0.06376050123088091 0.07786828456881939 
0.22336638652258564 -0.21166714572428927 0.29955818701819015 -0.08896299125874445 0.3049954531109824 0.07915814923810398 0.15822483849593227 -0.0013543984417723602 0.010522325503436503 -0.0698406622637322 -0.2541329246854005 -0.022939581087695393 -0.1545835221052408 -0.4102521519473895 -0.1529976466951133 -0.2183826462734094 0.3042565616766875 -0.38219828460297045 
-0.2362272543850762 0.13847062888014658 0.3074189022161831 -0.1691812044352151 -0.33005750310214826 0.3172317823939943 0.08595270734664781 -0.14101730981712232 -0.02921012310624818 0.13867477452642238 -0.0851163075218087 0.33901410558148426 0.26778861087362915 0.2821139936603909 -0.1006789932367786 0.3008097799801894 -0.006969484245832723 0.04419559080492426 
0.15616526606946154 0.21136100541023253 -0.06988297291210575 -0.03491385192459363 0.21688745586318126 0.1477871471228116 0.2984532332165239 0.3306916534123884 -0.21954082251773724 -0.17948514073878855 0.14670453172733466 0.17897257323029503 0.07708671124991748 0.25347310174703835 -0.16881325488404506 -0.10859897855817466 -0.003575286767771993 -0.13534269674398636 
0.07585928159935679 0.12365659720317668 -0.20847905180524698 -0.02596710058172313 0.3401368520046046 -0.11910085118574694 -0.4854006862121896 0.19098366599323166 0.002208121409787789 -0.36901990602929596 0.2804080807210214 -0.10166915658817133 0.27350526988083207 -0.043330759745537566 -0.29096433592338217 -0.1734412389057633 -0.10275611864269735 0.22306458286037065 
-0.2776918732209189 -0.04636527953769832 0.24781073808089055 0.0076210444079171215 -0.272490016423843 -0.327785502746488 0.08277681309038258 0.35628944365440796 0.18507591459526976 0.20576296853378348 0.11883255104235822 0.24614045206063587 -0.27652265598885667 -0.17431662205123358 0.13253211452191288 0.25158177669101706 0.15306727100855894 -0.26450722702204 
0.3448444537933642 0.27707194901255017 -0.3466613554405063 -0.2500459172039681 -0.15278640860655118 0.1621788957986602 0.24828037383181717 0.07890481378381749 -0.20622085704825102 -0.06104151364527965 -0.2672220106575951 0.33630451721529764 0.21456032234929814 0.02512190045786744 -0.03112293690170902 -0.27621562947584793 -0.11775443359043171 -0.30080486384312977 
0.232325924372304 0.030085602959561936 -0.19903569004707766 -0.21438556318214516 -0.1630010604941332 -0.1295969470190672 -0.11668659705023691 -0.18481651339248734 0.11335543945903752 -0.34388554812680355 -0.11639293558610213 0.21249734511866264 0.3617550135465369 0.22838521925941413 -0.17653902356616016 -0.1820187692248208 -0.22539328938712028 0.27296190467747145 
-0.19463184912930356 0.1758513764225593 -0.20387565939420274 -0.3203998319220321 0.15875012792878052 0.1537487226186731 -0.3973295712298643 -0.15884193911248046 0.30868369037318 -0.257871584154749 -0.2840536305680705 0.07885573425150892 0.3305824416748148 -0.26976201488790524 0.008696959692391946 0.12470087797013103 -0.22447690708400278 -0.37175618173424624 
0.3183646371781598 0.08217074898444723 -0.31313394845855186 -0.30436136517221535 0.08445974510730365 -0.23572483843640404 -0.20687516962672706 -0.29480579087394576 -0.23405639091295596 -0.014816273054165715 0.007680468346166843 0.009009085423295959 0.45468220230382694 
-0.2965679516721327 0.20359764505124436 0.2340711358021274 0.06652916507662125 -0.029068309889578446 0.315424573388663 0.2620833777664733 -0.3616710979085086 0.3726076195639541 -0.39709432193949934 0.05725536830323393 0.05670241941090336 0.26713814317109197 
-0.1000268700543323 -0.3415903718045538 0.02858049772935652 -0.4129986576886003 -0.12384197218946973 0.43145693780482386 0.3539755026537915 -0.29925492932877 0.30475616585746246 0.18940785637104565 0.3439794032525042 -0.21934805066447854 -0.033044403631639 
0.27673097984470624 0.13210234132782506 0.07368741532438923 0.14814165708333035 -0.22654646027789935 -0.38769987571939013 0.1875045833554251 -0.13766813890884189 -0.11503367709917155 0.07848310804318545 0.12397111169856963 -0.23678840457450748 0.26052818527514243 
-0.09419099365344068 0.10369612661461126 0.3754332528061107 0.0506802375211731 -0.1111402309560964 0.09353685071009743 0.0013935404075448845 -0.03719106619985142 0.18428718802285138 0.3409403785273913 -0.01614258137944519 -0.3304744580744438 0.05451361048096394 
-0.2026909121405673 -0.37049633694393547 0.2295098235712139 -0.18022256421619107 0.22052768429253378 -0.009173582361828905 -0.14390142613038592 -0.1470376529671982 -0.3684800492542458 0.026827710148186378 0.2583112992851632 -0.33403423550546657 -0.3137970314809047 
0.08048740421168726 0.1190328297975474 0.12838231365251812 -0.19190149536396264 -0.38176484127675236 -0.1027869593841305 -0.20134990204476433 -0.44997713020349195 0.17960313175414536 0.42707122024939426 -0.08550149069132167 -0.15805965934585328 0.07456023010941744 
0.26410619521599027 0.2350586297874314 0.11719108502974052 -0.04428720253093874 0.14978852875791343 -0.23413124449647077 -0.17652402524369457 0.2592278348899687 0.3747032630977028 -0.3452590489601176 -0.1614641702756959 -0.39802739871067705 -0.10475181596660026 
-0.22567454737779838 0.10542872118242502 0.16601090160868845 -0.29803042783232464 -0.3496556465448035 0.34081761807398775 -0.08701915431670827 0.032589759838394114 0.37282012551977556 0.19771200569002884 -0.1378072926745563 -0.3324294829286586 0.018052578925891356 
-0.15198898768606078 -0.41102958287821617 0.19157018117265295 -0.07111657042536301 0.03197271078653209 0.2549925184259481 0.4221189226708898 0.1340096818887803 -0.1430674537623256 -0.34294798152707207 -0.34223161752049286 -0.14249451787924433 0.11117138232356098 
0.15440449223223404 -0.24105502121875452 -0.3349372788072406 -0.13616792027808014 0.015898888574896897 0.23710217342838757 0.041222057958055114 -0.15158377375960347 0.0976775784704604 -0.21179067346995137 0.12039877172540514 0.2732722178858407 0.09010300842642242 
0.09683737048695909 -0.16677484500308368 0.28030328699687 0.48127083369024815 0.19265432516805922 0.11583608157979292 -0.2811775720597532 -0.11588403989624141 -0.12639234911475572 -0.20697383883119158 -0.042234585968924314 0.08691701426617546 -0.3046672200727968 
-0.21050783954084934 -0.33030187355569773 -0.19985857012061525 0.02634308849216575 -0.038289332792070384 0.46440121826294967 0.44878469697195483 -0.030740887721888852 0.4306638298640679 -0.25340570056243517 0.03209152245097573 -0.03636010857378287 0.3826041266842034 
0.2707930961797412 -0.22811810729560864 -0.047276579980808496 -0.3176247789866088 0.050938923675075055 0.2321077066879984 -0.4183713972840043 -0.3038331896398288 0.4643879899140715 0.43343712715352783 0.044234141831411986 0.11512914556687871 -0.17436785131691632 
0.36363277501099345 0.1340559733976357 0.13168162031279756 -0.393986214626602 0.2823132487913895 0.22154607288625985 0.14619493508887113 0.19115802601760346 -0.27452068599172497 0.17340658026657232 -0.3234253391377597 0.16388713779758982 -0.4009837094624866 
0.2198264906575635 -0.00656621837482685 -0.23557932566073597 0.1818475266918573 -0.14573123001413568 0.3075497838986113 -0.25522793217163703 0.3524863854163714 0.37901093027779986 -0.15469580730673496 0.2900914734538933 0.27350165397489795 -0.059033665502357474 
-0.1321378834087463 -0.17370108747685753 0.3902652625193109 -0.26277518731740507 0.3847043380222259 -0.109653666982888 0.33998586176875273 0.2307419494608645 -0.27003243982974423 0.08687067677692552 0.1370410522812584 -0.07388005343872418 -0.40924644414592104 
-0.17214874739640224 0.28212704692112034 -0.35135542809189546 -0.3431058096387288 0.17199037867038994 0.01630246883544359 0.004189933687013021 -0.12247370821808726 0.11188107266945081 0.32478542501165025 -0.1768729707014351 0.27560949708104443 -0.07729494997079779 
0.2288995861045812 
0.054429605039834926 
0.4433571209261104 
0.6763197925171558 
-0.015849991442181535 
0.37574659963307694 
0.07070733259662974 
0.30645093599544476 
-0.3774551824088214 
-0.5413540732798037 
0.5801172616134878 
0.37734256785602643 
-0.26540764387545074 
