-0.10100204249947604
0.1889739951244052
-0.12781937298014912
-0.09592854128097901
-0.2568172701531479
-0.015212954078913616
0.003686661186395602
0.06500078221475515
0.15097523060840523
-0.07145960942510461
-0.026418975795763182
0.1603567376295781
0.05875683411961639
0.07393919557934313
-0.08583460885185822
0.01723436920756705
0.09115970079564951
-0.17489425497541328
-0.21772840738229302
-0.15016552509354755
-0.00416288246830856
-0.1578142555649378
0.07208387247469417
-0.10952025152589422
0.2904751784408446
-0.35133213571734223
-0.19817297210996562
0.10208737758309695
-0.16193288140754367
-0.37062621976205373
0.05740725055244508
-0.09884254616137862
-0.2751349297613132
0.3664680026219595
-0.25037747892244794
0.18534162328839876
0.31492622286533517
0.2628059470723022
-0.23867922243569092
-0.19895404772556527
-0.32388987513692524
0.31750393301776053
0.0027203229859357222
0.1802814309080041
-0.2643745680677387
0.3914631619981251
0.1570848171220656
0.1249877563361637
-0.1494977288830828
0.20488317266897407
-0.20916090773747656
0.2778134843705707
-0.42984693047613143
-0.29340775519553985
0.029181830649311513
0.1327043927094165
