-0.09105241085967344
0.19589377785688628
-0.146684177428711
-0.09076821346588686
-0.16615718702306198
-0.00552531852157526
-0.0040094274121138225
0.06452458851563121
0.1516521732999363
-0.07179908445189384
-0.018468861708114355
0.15943026422951762
0.05332615561705757
0.0703506360067938
-0.09846616824339459
0.017767249452984128
0.07032425809049823
-0.1428400396024744
-0.2184580531353547
-0.13112821429505406
-0.020363117054918962
-0.1320223201154744
0.06866235081693066
-0.09537808091698234
0.288796720429868
-0.35133213571734223
-0.22144132251626777
0.0977432878861806
-0.16193288140754367
-0.37062621976205373
0.052111847836738466
-0.17557830527306933
-0.24289125381389562
0.36530179032554533
-0.25113413927095846
0.18327478033186526
0.3192384391066689
0.26282285944440903
-0.23867922243569092
-0.19895404772556527
-0.3640836245517176
0.31597392517175915
-0.009375442152925233
0.20486096166842208
-0.2028106030093052
0.3920675811739818
0.1559368473167529
0.125529865317966
-0.1652027744414346
0.2092159695879795
-0.19973704529905636
0.27659082272877744
-0.42984693047613143
-0.29340775519553985
0.02991878384149709
0.13328763390107295
