-0.09422490347065147
0.1906969717838399
-0.12122194122740208
-0.09530587479727912
-0.1927766977700278
-0.008628215613060132
-0.0024850613437755924
0.07019669705273605
0.14726326393451458
-0.07199669386773007
-0.032198014437443113
0.15736021186555024
0.06820624492486392
0.07692203205523443
-0.12025438187660438
0.013575554786161481
0.06295677187365466
-0.16650724358450333
-0.21752745138182525
-0.15841925337362553
-0.019891645655449933
-0.1524462290878464
0.08092675488534176
-0.09864960114984397
0.2930510919809135
-0.35133213571734223
-0.22262440916731568
0.11572081195311387
-0.16193288140754367
-0.37062621976205373
0.05599341111335161
-0.15628928804439865
-0.24787608216941354
0.3616398345595749
-0.25325716041409796
0.18353020413293958
0.33143090519356433
0.27009953521029834
-0.23867922243569092
-0.19895404772556527
-0.3614402609745055
0.3183844175688537
-0.008655282430989083
0.18100611722565235
-0.1898669914195719
0.39522451252952023
0.1533037484980216
0.12869593710201657
-0.16982121688272483
0.19699034929095674
-0.19422907485879148
0.2776176737330345
-0.42984693047613143
-0.29340775519553985
0.02682711208528446
0.13643333377958927
