-0.09582371178089033
0.190911740320847
-0.1387905285411232
-0.09430060908189389
-0.2046136184318546
0.007168023422107278
-0.0071859743565636834
0.06318184843853465
0.13791652815497615
-0.07822969763178605
-0.017940781672693806
0.16021321351956438
0.026895810121004445
0.07225697308859033
-0.08115254841580294
0.03351941251727957
0.07454454425906076
-0.14205183500868065
-0.21661749015689347
-0.15982874329069716
-0.021442367730910124
-0.15474401371741434
0.07781742824444926
-0.09636779966577196
0.29014752637577756
-0.35133213571734223
-0.2289632723904239
0.12218980610677449
-0.16193288140754367
-0.37062621976205373
0.05394770418323783
-0.11590576089379473
-0.24082366823241705
0.3676269137048381
-0.25325716041409796
0.18477346264394334
0.32383094624090086
0.26450115549296943
-0.23867922243569092
-0.19895404772556527
-0.36271679712657917
0.318492366094654
-0.005797553842854081
0.18430666236641557
-0.19996989118579056
0.3908433482151194
0.157657904668109
0.12434383980087813
-0.1677263719234249
0.20383719995437527
-0.19952931057895246
0.2784372783683539
-0.42984693047613143
-0.29340775519553985
0.0311935753590436
0.1320635232434486
