98 24 18 13 1
-0.036142988502271864 0.10080182311171074 -0.21348428523107024 -0.10619991835009707 -0.16449835462874698 -0.17893782814255874 -0.11232603492972729 -0.0260814054289062 -0.06297670106771165 0.020064370999370716 -0.009253522771263668 0.09112685282511235 -0.15408946041307062 0.1702599611323266 -0.2211881216476931 0.08941811061122967 -0.076788072139635 0.0560083612001568 -0.14349110845651983 -0.18336009221568858 0.15728381324843896 0.26443767482809233 -0.05002994652109851 0.18411250083873062 
0.19905261044548098 0.10840617644844806 -0.1817444936151026 -0.24024102111387102 -0.13772641893207963 0.2237980858791922 -0.258314382643192 -0.11025286962276602 0.12165326745763132 0.018464746793958254 0.08913344812862664 -0.006929236153363628 0.05480311942085565 0.22264824848794984 -0.24627380718670397 0.16752363125496583 0.2668461752902737 0.14251609300994378 -0.09673794605014967 0.12709775579429308 -0.11182753848026838 0.020452190185879213 0.14301003756861297 -0.02278549948464969 
-0.10427162614515127 -0.19423060895048808 -0.23207615749026994 0.0463987859671028 -0.1444697978515497 -0.10204027841546166 -0.08751812301882893 -0.2770317392634706 0.04377630662984204 -0.10425650048338293 0.061329121350507596 0.10475498910016924 -0.22351607322713882 -0.03910160877153307 0.04508378069115771 -0.019192716154657192 -0.24149802030526724 0.050134384532547885 0.056460789453546996 0.007297918588466568 0.2146823201673412 0.0101819247268762 0.198349232683995 -0.1035032665375629 
-0.0693172396252943 0.04366932584845291 -0.05686342477211374 -0.2189894670093757 0.13425997669787695 0.044918203194308705 0.03962741993641627 0.0704208676239878 0.05850220696666864 0.12834618618580104 0.09073118611232082 0.05067425648046818 -0.18744152002024445 0.28652333599534335 -0.06785430643297395 0.3248542490040905 0.10467657729413646 0.15281623012381101 -0.1655639383756116 0.1633480267384378 0.10612304309365732 0.10701678496203164 -0.06469327543280887 -0.032178529148527334 
0.17976667586176487 0.0117814342885163 -0.21867821646796431 0.05769300720360004 -0.12159019569766404 0.035226242003848274 0.15641799358711808 -0.05894440885383494 0.188631322278857 0.07140159597402153 -0.24174618409494664 0.1889076882725056 0.10580239016416897 0.21343902135016637 -0.15620878259599238 -0.14857388693705045 0.2028632277427546 0.09330338988606762 -0.18490720051727821 0.14350427569855395 0.1414719157889204 0.26909887962363255 0.07086207415511264 -0.08925404473332248 
-0.08731965872777371 -0.32497591482440535 -0.21179269338153117 -0.2090806812810779 0.11178126738054898 0.14746358403583593 -0.05733756714777069 0.09532012631303831 -0.29923087932653436 -0.0171525480817653 -0.03720937926390956 0.3458599993802896 -0.08493579001875824 -0.07949657525472587 0.09508557634133803 0.022329902284579706 0.19039863539113838 0.060580797295427695 0.13799751920232703 0.09107150804821093 0.16767220964855653 -0.057837961961569276 -0.2750422651513538 -0.07647154425634778 
-0.13856931613406684 -0.27208978133348505 -0.11072555570668713 0.0548226347484405 0.009000772805094493 -0.1096148088522842 -0.23396462285859645 0.2390032685681345 -0.03820338881105253 -0.17993653971176432 -0.18960460208106605 0.18034076862372025 -0.12358482410179487 0.09443588958222611 0.17340978126044854 0.23017196649013624 -0.07053957879684648 0.029149771024765854 0.04732419790217526 0.11855423495712801 -0.10087173131367698 -0.10213359247424766 -0.2884555955299111 0.05370276719972156 
0.114173423344929 -0.057785284659327696 -0.07228543357418268 0.2136756376536563 0.033494834304453616 -0.027094797781295164 -0.06993443582960145 0.07563281676861718 -0.01938095351222211 -0.05458234832038594 -0.1735651090804701 -0.009135887555929279 -0.03141316210907794 -0.12318371512014069 0.10037575023529792 -0.14287703475292976 -0.008615930269843617 0.13858260386166937 -0.12204349554175536 0.04966956627895821 0.10130458764065822 0.3079346553036644 -0.1674739685520436 -0.13134622300809753 
0.12602697468263427 0.05893407429979066 0.23278625502817302 0.15963038960171874 -0.19492654795557335 -0.05454403307434745 -0.00651281780289985 0.14334337655725302 0.1649860239747007 0.022273221882876896 0.10302133531478143 0.12004557570525641 -0.08078609572037215 0.03211439880445921 0.041117579386609815 0.08086799874269472 0.2602935920629105 0.19775229656851834 -0.041440221721311905 0.1470349355374238 -0.1325858909092446 -0.17277521943422486 -0.14844422713866273 0.01812097668095485 
-0.19183397272152217 0.22106736350785017 0.13034205181131908 -0.1944905797788374 -0.12900382360426152 -0.06641791055381811 -0.14729619135145144 0.11593473845031893 -0.05094958147506145 0.17379757751954822 0.023539329211992636 0.14538089801741266 0.17475350219385055 0.1615641639479543 -0.015758240556159243 -0.004032899606861952 0.11767686007632705 -0.08494130061551983 -0.0038214425509989188 0.03754789331715403 -0.19428053308472668 0.03304188603431575 -0.00638944723287093 0.11189845330494985 
-0.10455241118207036 0.16423423840530552 0.030645873959784603 -0.10758787123315867 0.06727758331744922 0.0030417077505407756 -0.24886409363010034 -0.02270135093101308 0.10608977349674695 0.22261707186361368 -0.17933170037323798 0.18169150003003767 -0.1166913688000395 0.182671247582505 0.020501381446630187 0.11192629266740153 -0.003685389592004794 0.13832355344884958 -0.09231721619208737 0.054882512997743854 0.10982261902911301 0.1813349482032017 0.1607780790074702 0.19788650926418558 
0.13444565216467538 -0.037385328761968616 0.04642452463958895 -0.02555295804376607 -0.056523067176017926 -0.054196295180601164 0.021855006398743992 -0.04658903915151085 0.07531941034848685 -0.0817348368931106 0.2587686345402782 0.054298103143108234 -0.12125120477223258 -0.05072841374001648 -0.08730062510414366 0.11625538818917494 0.07736991110761594 0.15879722289908763 0.06433776571427008 -0.0760551206100943 -0.12896092568105294 0.12808169163032573 0.062387956179986374 0.1739711278610511 
0.1167487052108632 0.07209961041079277 -0.04117793492242241 0.1600591117737988 0.036122739318384584 -0.07893353198692271 -0.09146560894509549 -0.23529226392146876 -0.11157169356799461 -0.16815631440747203 0.22657903410701427 -0.09699669148420567 0.1396792769303778 0.20346525510852564 0.06538122156644967 0.07746441928303766 -0.1331137211375679 0.05098946564663881 -0.06119277819275924 -0.1404860840018187 0.13690197592096928 -0.0041435324030733535 0.15242360969382493 0.27140527862639885 
-0.06417629748028772 -0.23295857699503728 -0.12223377670839532 0.004087677592326439 0.08052860034969433 -0.17822371748231816 -0.16700810699917276 0.19645048982053193 -0.0989134066873378 0.03648361465594787 -0.10583460110104768 -0.17005162962860218 0.05142064475692882 -0.006994656220102013 -0.14878197544002486 0.08950083749155392 -0.025040659839057965 0.09559998470137865 -0.14180675354532887 0.07339373960468104 -0.030954274842537117 0.09665680535285613 0.08423432094730883 -0.14085135876785848 
-0.07298557337465203 0.15486820401053508 0.19416657649915028 -0.03585714459571338 0.12776074189737127 0.15777508765300208 0.07702394466947758 0.16517996614032399 -0.1814203402811712 0.059789335098519185 0.07518616429730246 0.049392776727913285 0.13839308596956848 -0.20323463415449217 0.09854445052974523 0.10164841400441199 -0.08793685088173665 -0.04286173745406665 0.05222943693647931 -0.12504770277533672 0.12461247665160682 -0.021975823176381165 0.11957473028865984 0.23098940717234426 
-0.15652358778393785 -0.11777823994704378 0.15494148562885787 0.016423754287404002 0.2069515704200299 -0.013169531004702785 0.319029063630465 0.0036846071375849568 0.007217190023898709 -0.1285233150877497 0.02248303520348956 -0.25965989046404836 -0.19388306405165054 0.09126875662489045 -0.1882116734734407 -0.06409567123949085 0.06547582855547045 0.09264942158948729 0.0756034056793323 -0.12071289749747256 0.011436543852752914 0.09826374234481254 0.2645855187219851 -0.08653811293143031 
-0.13338005381558124 -0.09507223289268428 0.09933794060348355 -0.016902059445324264 -0.1773953813838997 -0.045900561416092285 -0.12355002521046866 0.17509233631387666 -0.09267997212759146 -0.18935170567654086 0.03680795953128915 0.11298794856606613 -0.0063748135725330895 0.07072623592895201 0.00436876196583307 -0.0198558347391542 0.24326011181656135 0.08048105683640658 -0.18742690391784372 0.09733598085327963 0.00018897280488316384 0.18105660029370466 -0.11075787058908813 -0.09241545028092328 
-0.18334021687142898 -0.04659064062385342 -0.15470516652687696 0.017345723155748442 0.08229577615734338 0.1396542112880539 0.121155861675024 -0.08968720705437967 0.12508927452793145 -0.046110065418103134 0.15699896349609077 0.09983732564441063 -0.14968391725733554 -0.1420871083029205 -0.2249729691765626 -0.13454449581452027 -0.03953314204925648 -0.16466245175284466 -0.19790031532185962 0.05630399968114905 -0.00938394302695246 0.13147350063122878 -0.028152877997885857 0.041158244187467954 
0.03989584939418896 -0.0715896696961911 0.10273225753450294 -0.041860653914666215 0.1591275466808646 -0.10436546485181716 0.06685887134631699 -0.16840111388119025 -0.02517348169101087 -0.23841741660349175 -0.05704587639324708 -0.1428473168954895 0.16671517647698936 0.24914508729698062 0.10052751332145952 0.2646670493598605 -0.13241407288378626 -0.12072840177980482 -0.12438545101392491 0.0063751793240896856 0.2438089482279356 0.2989540675361957 0.007036023356127302 0.16739972435551825 
0.1543036041139035 -0.05676766432159592 -0.09932866347833644 -0.12702879327904806 -0.2268314505312126 0.12822043610754363 -0.17504121288455124 -0.17501606052640445 0.11438138446042066 -0.022762025984435115 0.20975261160767378 -0.0848514933971426 0.04509256449529695 -0.06222878920978766 0.14886506970466157 0.010161539367419287 -0.024717416870822403 0.039044220943572135 0.16955745208036044 -0.19531534448488463 0.12208080342101577 0.1675085305841729 -0.17199661403616034 0.05593196192473097 
-0.06894204370423347 0.11100867411616334 0.023008222467894992 0.09824699912171576 -0.07672902432033997 0.09692738582367072 -0.08026536943271767 -0.27998926524313156 -0.01076064318980633 -0.028573798245082216 0.007058720512853666 0.23399446229448745 -0.10316933642237501 -0.09111250169846513 -0.0765960824074572 0.24681960388119778 0.2369122033737609 0.16625788322137555 0.16401778133431574 -0.11473473865138696 -0.13466258908763892 -0.06824569722559101 -0.08650419601855074 -0.14372395025605264 
0.16249122266248223 -0.06058807358687318 0.11105333511533302 -0.13383256663031873 0.07442915299681614 -0.16999052140681403 0.006894334599969067 0.009214413315717967 -0.12552343005887184 -0.1711259199114187 -0.030356302606149438 -0.06453824371119735 0.020132989432262754 -0.20729973029479742 0.010767395755250162 0.15863897124865098 0.1122304944287505 0.021455405273059457 0.19081905789405726 0.20742252394849936 0.011367656017009061 -0.2242465848426847 -0.289413892619295 -0.1411871171715299 
-0.0025844928523462334 -0.0690080600802478 0.16615698013816776 -0.14269862659620583 0.218356683258509 0.09423390215854137 0.09894418874339096 0.02604431391720354 0.059854915594683256 -0.048564119131857986 -0.20528612897984053 -0.04975277085213805 -0.022705624425992405 0.13185601458996882 -0.012315948609655443 0.005102969785251602 -0.1239250012248528 -0.22619452143137617 0.10259530363365843 -0.08589541805944165 0.24645547106580512 -0.10804206739278588 -0.11317808111693826 0.035418208580587474 
0.14198791498263402 0.0644594880501631 -0.14979952533403912 -0.1270161135094889 -0.0029372889988760254 0.07657148415268486 0.05117682513658627 -0.1696923568344705 -0.23499403806758887 -0.040172331550001314 0.07998180989453246 -0.21223459142618112 0.11879942341260717 0.10994385753348941 -0.01994698971635898 0.17359616881482454 -0.008682088744866397 -0.22713973568566562 -0.0061074682179364185 0.08361655679580703 0.15715348835180226 0.0808547885224715 0.07523491569673392 0.05348141489936715 
-0.09234808339475503 -0.0032079455479820046 0.13308820892895237 -0.07022468218735667 0.13245135294408014 -0.13452540232930474 0.04808067812871614 -0.1329460391720256 0.030112602379570502 -0.028434952031487618 0.12313046218635984 0.013425456963351337 -0.10056981033043491 0.1779402944271317 -0.07576964210403757 0.1628248489095569 0.17193573781182853 -0.11077237911662163 -0.11370628817738568 -0.11345232886929786 -0.1426277674839849 0.04259524103123571 -0.1464731346214896 -0.12081817798681964 
0.0853350011080653 0.10582889280928115 -0.16778883073779222 -0.10662460974459048 -0.14993980179256403 0.16426102581258356 0.1244140159768697 0.05220841876946426 -0.0469204405582653 0.09413170506531346 -0.025445991853033072 0.1649379217898461 0.12714354719188364 -0.06637388941471754 -0.14923685336588383 0.1885963782660042 -0.17463813410165727 -0.18951804431822336 -0.02707439730706804 -0.10835819596189226 -0.07077852223148455 0.09508088024517602 -0.15372105566233485 0.14739570904206467 
0.05754911740504097 -0.2329120519073417 0.039787406129756855 0.1690052366857243 0.04788405423649575 0.1559960160974441 -0.1335012488249519 0.07954002286524918 0.20072699355972595 -0.11751197177335333 0.07070297345482425 -0.14732601772559303 0.11081291157162428 -0.16202016607152747 -0.04135251029875896 0.030244123790934944 -0.1968472976165605 0.2185432885369885 -0.0512526919445114 0.0054918175440336215 0.040084833006341886 -0.13124989694298603 -0.2565792648429929 -0.1695546432014154 
0.05757213477295515 -0.1489382464638556 -0.05645909348046468 -0.2082011896562079 0.06996385647384554 -0.15056055856792525 0.13463195883720822 -0.1568132615980116 0.007569378454617498 -0.18231989583818262 0.12398580480971692 -0.115393616545543 -0.06034475416008845 0.11005003284496163 -0.1396260304520406 0.038689415060099035 -0.08522879076005661 0.07070377108811637 0.08840057844775494 -0.13307563523632665 0.22772129454419918 -0.20517151373735887 0.15471567801534838 -0.0077700306951642 
-0.025715804412172874 0.12237800567107213 0.09434085854225982 0.16905222471580328 -0.09940790884434668 -0.11815166115502808 0.12781392237951825 0.1791378043480492 0.029210954664679618 -0.02602292689096248 0.13038702636394403 0.18058513631366319 -0.13751908741970306 0.16908602989276514 0.0715704876059466 0.09513622072332885 -0.008157873712830744 0.07814847679736521 -0.19935505582177052 0.07051774838009314 0.1612117960332048 -0.11464630525412857 -0.2058406670299869 -0.13184478269612468 
-0.08466222830274767 0.1200196843134707 0.016957886026139672 -0.16560319852622218 -0.14431440913128293 -0.11670002998965191 -0.029843442078297318 -0.06957997101929218 -0.07993174397047516 0.013971558403599886 0.07797322424611908 0.020757716823323738 -0.09827038343039465 0.09686652886021595 -0.11073801183805976 -0.028493339374192222 -0.01760740820253963 0.10649963949851561 0.15068487406300624 -0.01824578341935688 0.1606485499727974 0.035645616635547134 0.018672299771323172 -0.14695402757627324 
-0.026363691975894502 0.1868103032169531 0.04158080371125905 0.1633531381626046 -0.001404932753911788 -0.0029893670984205215 0.10032937895314979 -0.18200676852213107 0.009808129951466339 0.17923748745745052 -0.005671797951884968 -0.10176384821491116 0.19915257402605116 -0.06327248450681187 0.07951558976610147 0.07523591434868782 0.11161191590130315 0.11757513141711341 0.1347337448204769 -0.19738532662936195 0.26642537539263467 -0.10693880443048763 -0.02087701776742378 0.1970799109577608 
-0.19697419785052755 0.16654271660318232 0.13310203750923744 -0.026028009130407054 -0.09696129803468916 0.13120336443650027 -0.012851506754793504 -0.09135586349878157 0.22205418597193974 0.1832743372413066 -0.0033147613590584525 0.12869893653964937 -0.08068629454512251 0.022072351739321698 -0.0614957462323892 -0.06422149556492093 -0.08471077776911688 0.22239073771418727 -0.08153951637861973 -0.18827425425758573 -0.1620190841601376 -0.17129100263656838 0.023541145014877935 0.053730517078534906 
0.18951497742293483 -0.03954980839599791 0.11609715262272084 0.1008161610396423 0.09990247167061896 -0.03164716862356423 -0.0020762447550938218 -0.11331943016998049 -0.049432791816362016 -0.20473481393451892 -0.035988549716991204 -0.11777721676152594 -0.04669591344807247 0.18518058481025212 -0.07110463758940397 0.19137682983662646 0.030158033450988494 -0.06484734725079717 0.14262891648668724 0.1413998783132843 -0.08316931638938273 0.11292992389123035 -0.01235504326444039 -0.09896109013720811 
-0.06713057043835623 0.12318746791944529 -0.09178244482453603 0.1635637639710162 -0.08111006802226162 0.07265226509243264 -0.016307719358706393 0.11470743514675083 0.18092052587644167 -0.12569649363387242 0.011677754623260279 0.1688603547305375 0.005961823969693633 0.20838404729483678 -0.08763667485993154 0.018660131210898323 0.005166413593058868 -0.10803151965570137 -0.19500172776443028 -0.03278860132964234 0.17557028006097375 -0.11103596002063126 0.14858288216539522 -0.2387009908593361 
-0.06247538690310575 -0.2360072205371145 0.09427086925707252 0.038388401405046825 0.07462635175559987 0.012422849565882858 -0.011906776292885201 -0.12604246919494452 -0.13658843688289682 -0.05055015795982968 -0.0571569698142688 -0.0734799686939147 -0.025574664620869488 0.18650240741212512 0.012252719146475105 0.18807910266951133 -0.05579887775131047 -0.1398222412673351 0.005559271291422408 0.12222399964971144 -0.0363834482945041 0.02184970706807745 -0.08418923331922706 -0.0010624230274856215 
-0.13494053577618617 -0.16139114292934495 -0.09449849152416591 0.15919687559661283 0.11357100204857473 -0.025145568317714084 -0.02542362524409287 -0.14143416559041228 -0.009652762513292359 -0.08044651275798632 0.13625448778862123 0.09929191306686119 0.03791895447124488 -0.09350602592262591 -0.011545356603605967 0.24123889374667512 0.12234109327684303 0.05752393670420924 -0.13890009034783976 0.05694453671101757 0.04339154705688988 0.022175730305739647 -0.10429652903423592 0.03911996472474812 
0.17647539888059374 0.0987220858598948 0.031240200526907895 0.19074284403097067 -0.17421443693544264 0.22613199331353642 -0.2130101094777227 -0.12571972941092519 -0.06037531890591564 -0.18357158206416868 0.019132540499175583 -0.1816307324897741 -0.11299215581235568 -0.19533027219523683 0.08063313689246399 0.09725100710097362 -0.01845220491558203 -0.1241583436877507 0.09806562397471207 -0.10451929284090516 0.14943366699660102 -0.010513119927547727 -0.006167506964920142 -0.18899060378957847 
0.02571591089411714 -0.01319069822918081 -0.1076293958698997 -0.031140889310688494 -0.04636226326334152 -0.03102648306466328 0.2677175465509032 -0.02931161458581243 0.17757734106422704 0.002710483814745901 0.22958543783538637 -0.11782139732983818 -0.07097091942188374 0.1230573203783754 -0.18285440863523736 0.1349624679592989 0.014529613289695415 -0.048785923011002374 0.1986051790442087 -0.17681157036655334 -0.03507464427945811 -0.1879271178851113 0.0797575658378498 -0.12727794475733178 
0.09941353378673944 0.17056615492472585 0.131549951874835 -0.018926479908118864 0.07390262467238345 0.19920405131318697 -0.034542355911647435 -0.023277194772221385 -0.20602146975061736 -0.05155244861642373 -0.14274809628134513 0.14294845130264974 -0.032569684645936826 0.017549177715681367 0.1466501555689985 0.06705593662062932 -0.05254596230648055 -0.09168542259078231 -0.17125423445998308 -0.032230078274669 -0.137019692054295 -0.09058706314942352 -0.03346564830100402 0.25847639396150407 
-0.15606410864373982 0.13727771657392757 -2.6500945995684162e-05 0.11016641160637226 -0.1421868470451618 -0.16670165441090878 -0.04698426789134005 0.19749736181300015 -0.07076510277999139 0.07382723168358843 -0.08310768652375905 -0.19045327754901803 -0.19379768099331454 -0.10992979392081248 -0.04691242556523677 0.003904261770393119 -0.20363214640809776 -0.18237719831900134 -0.19385473463646433 -0.15427269037549352 0.0318298165956819 -0.03835673192853347 -0.07664234668467268 0.022769739602321284 
0.2577970997002418 0.05627656668427103 0.07907443332104662 0.15837491259975625 -0.1844061509015697 -0.21881357591753717 -0.020254189137245332 -0.027635895030071845 0.12212466927865061 -0.018148900488384394 -0.023715798836973643 0.24126984434500537 -0.09487487802059309 0.16103504182425935 -0.09783005077518403 -0.04806780901504078 0.01801940677587799 0.0052128054840042196 -0.11128296491304934 0.09515619419186713 -0.06853629460279531 -0.10387487394731114 0.09888914109971408 -0.06742416822035473 
-0.0847587536039069 0.10088971351737766 0.01012610946351513 -0.18607274908287252 0.14937311625093572 0.1467149448948767 0.2075157404470506 -0.05580689529668517 0.08203506803645287 -0.06348610488867512 0.0151405945499516 0.14241274307052287 -0.024331585809251273 0.013720872577588552 -0.06885013191962232 0.04103743387539157 -0.1514775818358936 0.15319881335468372 0.0999547435225794 0.05922666880734289 -0.08785487122434495 -0.14559816797911093 -0.15226447231897114 -0.07050197616253744 
-0.18547307348600134 0.12791021767189104 0.06738068549819637 -0.034557621189845934 0.10641995329478668 -0.03307808751138391 -0.18435263892953774 -0.14575755105452742 -0.09534135542718475 -0.0427473323609722 -0.1792762508315219 0.008843178527534724 0.04556577545960093 0.01439611531783524 -0.026610843304795927 0.08967631238845439 -0.01880296666154862 -0.19433352691513534 0.14894419769216463 0.0774884122329129 0.10346454280976228 0.16742574929595438 -0.21278918674758815 -0.10526918291293441 
-0.17478307904372342 -0.07623043946032884 0.13417288658515916 -0.16734368326805454 -0.010553013769583187 -0.18187301271480272 0.07820098264956106 0.10804175415292956 -0.22066651106844334 0.002171241012808686 -0.10352425875454106 0.24311997487383324 0.15446823990722575 0.07272285215413511 0.17859204044980226 -0.03365036546136446 0.21365252890042782 -0.021112229829341637 -0.10497044658056773 0.24254608513604115 0.11430742667432885 -0.17414456771937584 0.12323281065178189 0.09313659020142016 
0.06728231965497306 0.05810864197725516 -0.0978873616105709 0.07296876247825665 0.12529418080007015 -0.18546303721224963 -0.14749326840039476 0.13083598627410653 0.05739109889558251 0.030918860766554715 -0.09995536630096627 -0.0732581033556674 0.14847192166258655 -0.07937800565135918 -0.17434054729705628 0.19429591114764477 -0.16382677202805088 0.15515485623407116 0.15247386960291667 0.028785977127621022 0.05916159978010667 0.040843222675002004 0.05035578722134686 0.18363841944671272 
-0.08637509672929855 0.172415402478201 0.02662897812686314 -0.15374241012684706 -0.10851628999335394 0.036931237111703104 -0.10351010911053557 -0.14712642405697446 -0.14247760190485537 0.14868289481347866 0.04202707777342666 0.20122193393775728 -0.06854592609435567 0.029913664900881546 0.030646643291512395 0.03189164040763635 -0.18291110743810218 0.09228501475817054 0.17272942900908597 0.013616980779601676 -0.12807120224773713 0.112105801688908 -0.19763617183544877 -0.06793678831520732 
0.25520153499958714 -0.027291112307810155 0.14169977139220608 0.04126090697891134 0.1285086603077794 0.22000972655495116 -0.021897952894485213 -0.15055701394298973 0.02732187623158734 -0.056831762253933486 -0.14902372843668374 0.10735709460644444 -0.18589904792112405 -0.08652801324987208 0.10968413547046035 -0.12482177211667395 -0.0317586414282244 -0.19189474046477842 0.19959941043392238 0.03229577159378347 -0.13805385845300347 0.2583461303935972 -0.06204060827623931 -0.017801290532907035 
0.06754557733716406 -0.145652028083357 -0.07711029721858717 -0.05065646539025753 -0.10149950591509484 0.05414070401164275 0.12835546208236684 -0.17128061227951782 0.2528214415639526 0.08767612077924175 0.1713116454521865 0.0742472554989043 -0.12778060725779136 -0.09846401116803558 -0.02135588815275158 0.03244184039221525 0.002111627162843026 0.031246703375463883 0.07188915832944485 0.1264739561363302 0.016173573803699402 -0.15575440627908646 0.14712310587922328 0.04640420754255942 
0.19185509874218715 -0.1263228331988536 -0.128808823152921 -0.0429376205970087 -0.07100668405481629 0.15117410738322984 0.023322910385617308 0.10653788064583276 -0.04540136263814097 -0.16010167947544707 -0.15377001653107042 -0.043670062575511155 -0.12187665079865823 0.15717555649693862 0.03926507417006261 0.09639227724508083 -0.023940557370557523 -0.16468039663988 -0.10526686116059235 -0.012239085034932555 -0.11996288849083726 -0.19022094684500457 0.08920210799092364 0.07465005457085425 
-0.06708477118532793 0.1355526042213997 -0.028156376932943948 0.14125219453918555 0.05630382233190815 0.039919107186921855 -0.11910139605578157 -0.016268303321363 0.1708243168279495 -0.07722797515943908 0.15344022732135348 0.19191682730143292 -0.0673030547760235 0.0690569573963939 0.159557964352656 -0.20416203651750545 0.16221962324561043 -0.12309068768466712 0.13950474759381343 0.08752965335972152 -0.07605475092784464 -0.13904147567497013 0.055276328832633566 0.1730875485254208 
0.12106698550389981 0.09903090634808968 0.17717627615352607 0.03541867894664044 -0.12026893121015847 0.025289259758045537 -0.07332301932597166 0.22182219032623207 -0.04771391790385219 0.19764427992831773 0.007376798147482038 -0.14956962826284845 -0.17021164925104085 -0.059733973506814114 -0.1503687903529491 0.053936371585965925 -0.03865407329059459 0.1969148467749 0.17205506363261844 -0.1399075660442617 -0.05295459233094327 -0.05071539198122649 0.03427313239889099 0.11955733971057343 
-0.005021979364067009 -0.05975458466957763 -0.09445061415055657 0.13568230977748555 -0.19152912764069313 0.17032456922462264 -0.12404768144416572 0.039748600004759896 -0.10904091818613937 0.2582344921335189 -0.15063109106286074 -0.09135043202171808 0.12434418690992191 0.076627572405768 -0.07552805490855785 -0.20031497779568536 -0.09840468147937333 -0.1414592624165825 -0.11801007062619577 0.18617157252467292 0.21312662955758382 0.12646196231826373 -0.06041864251754214 0.131182115135427 
-0.03541487321055342 -0.0403323127970123 -0.08899448854882266 0.20614076593380476 -0.044567862995547276 -0.02737130490537243 -0.09654537959614957 0.1917986019507817 -0.030299381461191766 -0.0801953958085256 0.07884391499266723 -0.1567554377626528 -0.16196845524657008 0.12072197976205346 0.09691356315489583 0.017209580147499702 -0.13589453139007054 0.02123529533535901 0.054635835332028836 -0.06821076750564865 -0.1730951038424012 0.14565847887903524 0.001922922941150577 0.07561027531230087 
-0.09770681396649032 0.06301899076688228 -0.028017053377336364 -0.04650786380009482 -0.14903278084317015 -0.10157238493952785 -0.1682720389106531 -0.08825163572982633 0.12497410930320176 0.03719048644248175 0.05986345071164877 -0.2405245933497711 0.10101212604594369 -0.016621638257079466 -0.10694399889545306 -0.16871969709042087 -0.1541008978847888 0.13727515842848662 0.19351401641170446 0.17655719539672005 -0.06031751949907378 0.11568551008631786 0.04359867598212095 0.1159251961860713 
-0.00638287185795004 -0.07717044163950709 0.11426050253830827 -0.15977910545200866 0.01453306249351095 0.0006268723048268156 0.01642051155519759 0.0865969295282518 -0.16476871283332215 -0.04219454738309519 0.043172516768591254 0.18077698945203127 -0.04183334308275955 0.19964494228384905 -0.037824091067683564 -0.1452226327037623 0.08255025069543054 -0.06547839411567653 -0.1121527284822011 0.20182633136566447 0.2007704657327917 0.03894213170448498 -0.006828820810413854 0.01648715736482602 
0.08994162880578319 0.17257124581090294 0.13165392051058908 -0.13254208000001783 -0.09399340997091649 -0.23019293995055073 0.19308610730892004 -0.10474142662908154 0.05111226193779153 -0.1640880899706763 -0.12914436493300072 0.018903692594726886 -0.19279054666024784 -0.0037854689305186805 0.005019724693243283 -0.0530988215082751 0.03660836793454378 0.01443908660144663 -0.043131404632978244 0.07084455845078522 0.0961955095261338 0.0856672459890839 0.01065694860091057 -0.05682715017544336 
0.04297702362276598 0.18398512566549335 0.028791673250945112 0.21534104345738378 -0.02319633085191514 0.09175207632786835 -0.18527272424894536 0.10608796678656483 0.02513491116052748 -0.1984544406083718 -0.10393844381894535 0.027438587266403185 0.10648991314754222 -0.21040243626251878 0.01927707141499091 0.14539207051710104 0.07127734649240088 0.17777988121149443 -0.17014761382749982 -0.078541595079435 0.19794428625643168 0.093411183113991 0.05018134092252926 0.11474857977418304 
0.15826742603824964 0.1894848999844394 0.20002266836303773 -0.1437899118383011 -0.17185250497495724 -0.17066227598412503 -0.19460297463996998 0.1891174889066829 -0.16200057236397894 0.13625426194029375 0.07329815807410016 -0.00487942075604075 -0.060586183352468084 -0.05781771721668147 -0.09772678831810389 0.164351781236113 0.08949383877916824 -0.19003745641460068 -0.015112267008715473 -0.08671090743544171 -0.18879662714897194 0.15365513685528104 0.10771405389195299 -0.06734673144644217 
0.15292769869417588 -0.12260234447673127 -0.07607322638023489 0.16116795630676214 0.2571652090991616 0.05995699931698779 0.17300111666776188 0.14259919344326744 -0.017494312016527038 -0.05022169892472476 0.08090386128299971 0.008378503611316068 -0.0018746616156881746 0.2227052210596342 0.1088855287448507 -0.06364101679834946 -0.22260445155147632 -0.12548606287367073 0.010538795091557808 -0.03263891146412824 0.15864142855916233 0.21244600079204753 -0.17014896161197135 0.18689789364866413 
0.17067359086039344 0.24754867085623847 -0.18516720823660363 -0.17712894331378987 -0.1982579347117716 -0.09055205849309467 -0.17789687689860173 -0.08168087408197838 -0.01646050685455713 0.1555474888133542 -0.009044269128529146 -0.14334088527085628 0.046088983880512926 0.05053485932548075 -0.15530794839509615 0.06844877525773757 0.11357961602677226 0.13165698119265534 0.15601935017821517 -0.04661037303621543 -0.03752787476579669 -0.1592320296846536 -0.0752311242120559 0.1636249919319548 
-0.08537982912794452 0.16287961935630552 0.15603780262867697 0.16902302501597663 -0.13710943095564354 0.15164282741302845 0.05210686192040828 -0.11511006878965499 -0.06121514087747769 -0.1355844896449373 -0.021878304530569975 -0.16646891285616722 -0.1334006228981106 -0.12052566369980451 0.07563745881345245 0.02904349554348488 0.1490475880563397 -0.10142472694926422 0.05115816334606154 -0.18656683083506065 0.006353587963937906 0.14495505201660847 0.19414160117532353 -0.19659265365594056 
-0.09812734818863458 -0.1385417113140632 -0.1812224213890841 -0.19647030192561768 -0.0038442792086778167 -0.18206028902791374 -0.0879022757046077 0.04470335904827894 -0.11622758073638632 -0.09137953505562402 0.03566543346471077 -0.028170277017341806 0.061989597662231825 0.003539096592132569 0.05258957021837201 -0.05791859830479911 -0.08441062198281177 -0.1364057519719925 0.1749556631901264 0.11977486262697429 0.21913667905424788 -0.1252942995423178 0.1653597642048859 0.21770262408884894 
-0.10036885125338843 -0.06929405623786901 0.020214364058058976 -0.12533115709127982 -0.02276457022489301 -0.13570295473075905 0.22738374814956597 -0.0024207421990504454 0.23496752908731208 0.034273612779570285 -0.0061517014259171755 0.1771374520126653 -0.14235582057848106 0.02698895402232512 0.06400631717786724 -0.02602479777737835 -0.22514399581966468 -0.0028529367741548426 -0.013690555303836404 0.16605174553068627 -0.09659359782506777 -0.042806259275043834 -0.08485012394326066 0.07380569197197288 
0.21066633878157062 -0.1362264567859988 0.1280515875077695 -0.10691176826042544 -0.17696913978859524 -0.16791068086012445 0.20004200458842172 0.18001257551988747 -0.0924642872291536 0.18849110732613678 0.1326689129898758 -0.03762647725119594 -0.012543591121606835 0.04876783567760981 -0.1363478555489678 -0.1945873334862706 -0.09188503154346642 -0.19431714458043825 0.06903612501506201 0.020229052150684063 -0.08688051402186897 0.12423724093600025 -0.14970301278326156 -0.10132563244911973 
-0.08230075083818597 -0.1228895532715504 -0.16477593313695246 0.1390826281970946 -0.16467431305194347 0.045157024753631696 -0.15159292334784227 -0.19625518862323632 0.03215872693117697 0.17501801278789328 0.16639310941917845 -0.07758145870169147 -0.189534208200881 0.12982922998695262 0.12180914520564042 0.15672516292789157 0.04321249451250551 0.11291618388100828 0.15885826128866348 -0.018140970095627786 0.01466119249780915 -0.015791340141666423 0.09247399185951231 0.06826079844284659 
0.08082297580670317 0.0676840283961538 0.0022654736287952754 0.12536167427410852 -0.08649302784644061 -0.06586153244163868 0.12912712167128804 0.09158434215823724 -0.1702345242751907 0.10196633627942493 0.12323259713280277 -0.10758847860806088 -0.16656681511950086 0.050012147063259044 -0.109525640548459 0.19598408803192513 0.075299022081741 0.14342857662101507 -0.15670110163753923 -0.16626229460866782 0.1331074790624802 0.003097267242845379 -0.16505489490443317 -0.0508911593453237 
0.06809659221042684 -0.12359599706342755 0.15813975303885902 0.21425217699828744 0.18054375003310413 0.09127416208491744 -0.04472250607436769 0.12438485219428701 -0.07803076967189886 -0.07346185969857556 0.04174626709466864 0.026576360453516523 0.1846505341500188 -0.12345420986313761 0.09881322601681798 0.17934950262457544 -0.24045368813465623 -0.009382906859013546 0.06207419925699352 0.1698309040995954 -0.14855240445345794 0.14247382185726523 -0.053553815377346874 0.15736740003568062 
-0.18930855701784574 -0.1658121205554629 0.19303244005496467 0.04317599253644401 -0.03242931979311977 -0.1318255758087214 0.05923058443817268 -0.18552919527717227 -0.0745819041262035 -0.06984314574914323 0.04235905782473602 0.05960094648027257 0.13800137759529846 0.17108859079959565 0.06343606439448223 0.03077107194509473 -0.03991825704508499 0.1869926344503333 -0.13794724115696885 0.15787891931127615 -0.07482200490470352 0.01905467864302696 0.07205725676484317 -0.10470702087998235 
-0.13242288268696092 0.007360408780521318 0.15841311173700046 0.08913401380246531 -0.15217204080168342 0.19712646337599193 -0.007949515001718584 0.20384590051884185 0.03130503233829568 -0.1660513434587819 -0.11840151334358476 0.15173170781875825 0.09283446093039022 0.155046814249358 -0.06758174205754108 0.010990693259639734 0.059930043312043664 0.02119565052554164 -0.10672091396029423 -0.028796850223520225 -0.10002739025720386 0.1535577315418004 0.2214260146577858 -0.17346904240514988 
0.12343728728112721 -0.10146050934743296 0.04950032596107206 -0.09600397652925902 0.0596711727970975 -0.05085808242034016 -0.10983622166853145 0.15435885212095515 0.16803945129873532 0.044781818012680885 -0.1135630111176043 0.22178596018805163 0.08315106415601238 0.12926054322632513 -0.11466956557105236 0.13157119360972774 -0.09965096149545676 0.08447467220118092 0.08352309264432817 0.0789029306290759 -0.021986924713821087 0.1417870017990739 0.15033322182374936 0.03442805096581851 
-0.163771427624495 -0.08416175332460085 -0.15773706130995477 -0.13040552821085202 -0.1491473268596231 0.07024739292875426 -0.18453550577201513 -0.10266095735741768 0.24677005035655766 0.14603962520674638 0.04155820913188328 0.1321540415499785 -0.18288813520216232 0.1199444264721557 -0.07470890931017514 0.05351220142469749 0.05821407117747529 0.09283066880728555 -0.016281666918126252 0.2697037233995837 -0.0960989852862066 0.11374325614858981 0.13013722371070677 0.19048308520344617 
-0.18729602152189698 0.14284695503333278 0.025785571808237158 -0.002970030632817587 -0.09556703337732633 -0.0685055539319477 -0.09948472332208073 -0.11162959054509673 0.18373596418649712 0.0009386336775210729 -0.166706838571998 0.07265942742895845 0.06671905301552697 0.05969640301041105 0.006037644210891043 -0.03943071931676822 0.17042148368194612 -0.18909190411347807 0.17319820039198552 0.23742785436600014 -0.06180302943778074 -0.1135641833210444 0.10339668153496809 -0.12828626699341286 
0.11371433803843338 -0.10617800344230821 -0.08290425123287927 0.20047273652893471 0.16105941050514078 0.03083930101410951 0.14080986518475522 -0.05826164488189591 0.21806085316579799 -0.026084055296942677 -0.08130086755872254 -0.18287830305729696 0.20987669635715983 -0.014382433434174778 0.09308020628844246 0.07998241879763655 0.08932517884103507 -0.1797660820041611 0.16802268560482084 0.183944375759398 0.04361042234712288 0.2228629791956219 -0.11314391456806942 0.04025992839852828 
-0.04081110816387509 0.11398812187166589 -0.07897224764648637 0.19368098928520203 -0.17216023808183253 -0.1835298915944783 -0.18046481117849741 -0.13941409699889454 0.004563352700848445 0.1451995563639164 -0.15549070523028033 0.010027371290566309 0.06782751832094865 -0.11487647061224657 -0.12012111694014896 -0.11109555709657212 -0.18697647539407505 0.08449388624009878 0.06079931412229271 -0.022106398569602243 0.04295389955749185 -0.15582335468263556 0.24748143615278562 0.13863764123711222 
0.0628693041012945 -0.07277978529179437 -0.03285079328474539 -0.007527321100854584 0.1742241084207227 0.15752275606236055 -0.027796723171202 0.03192955609377783 0.17222306486665412 0.19585878249656985 0.05496574536689614 0.10867324754158655 -0.06427947387403161 0.1576493114272703 0.13423793486299807 0.020460463297253546 0.17873439952496284 0.13635443452534501 0.12278829092485935 -0.14741942938852512 -0.01601806711635692 0.18488741989524637 0.11915388946121933 -0.03121104611841381 
0.20244977522390378 -0.10297756211135209 -0.06580107106552663 0.2137350083205211 0.12291097470346339 0.15016657659503124 -0.19589136764089196 -0.047435305085257624 -0.10189156618264797 -0.08085146051613207 0.09444868828935915 0.0882002513150012 -0.005467378260188099 -0.09358907028152115 0.03334855384927797 0.013234848715441248 0.014434092636589055 0.033137174776281565 -0.04113392873176777 0.11092188359752467 -0.09878536694178479 0.05359992565932298 0.21432502754569063 -0.1991744461199501 
0.06897572170134655 -0.1597374880404386 0.017202480999799676 0.050088531359376756 -0.10210273962315752 0.1594859777058629 0.0700190568390315 -0.10662767499331174 0.13834890765700175 -0.15763775514387945 0.021710102315184197 -0.19438723246577336 0.058072117403598016 -0.11974847679270478 0.05905764183815306 0.08556044689135484 -0.010303310146744241 0.048846130703935176 0.12475908872474084 0.15047096182766453 0.03456317911236012 -0.02189904141111293 -0.02644456594864508 0.14781225532677675 
0.06534993428949405 -0.12281362718335677 0.025855810092256827 0.20316750666885672 -0.13931898483338048 0.1270081476650233 0.1674549397230801 0.0026744394820640595 -0.18528089251589477 -0.1406093996075804 0.21103076968877071 -0.22524559909038314 -0.05032104100969411 0.025956722256207626 -0.1206258317501564 0.1870362301704497 -0.19444514974611607 0.015584810969642968 0.04655230811491639 -0.10691120926172415 -0.04053250614319919 -0.003525258276889052 0.14567942657296315 0.05301554952340469 
-0.012740061760845857 0.06602151845082344 -0.01831924735787941 0.010090586748162777 0.06268295299992213 -0.12698436180289863 0.11457724553052785 0.04054477053595888 0.19259244048344332 -0.1103751917364624 -0.013244987135537345 0.15810429801430642 0.03997728390357519 0.089620644362331 -0.03399668166637048 0.07295327167995035 0.1786112623708594 -0.11931975091041361 0.12236613437536135 0.18818625341302858 -0.19467447442500643 -0.11326417525492442 -0.15281973496497167 0.1062729327231868 
-0.16750937985667966 0.20830514745510728 -0.04352742367301398 0.25190704370190553 -0.12400359965284732 -0.0232493613933404 0.14481843723170706 0.036663710302715424 0.056252380357545664 0.0049606222767368075 0.029076157033146494 -0.020472371725403192 -0.12199318750329222 -0.18933086255752832 -0.13910123751623304 -0.17920371207419258 0.03564340922189128 0.0911094545179175 -0.0556403783402336 -0.16991185023422747 -0.041973068197416426 0.01962325801922806 -0.04079494520446083 0.12372057323084379 
0.1810972225235781 0.17572289029502053 0.08082527081615476 -0.011658977825452539 0.0723095774772722 -0.19514436224128973 0.22749935859570597 -0.13066827996737387 0.19501388243383627 0.12269081886921994 0.11591080467187578 -0.11601690588082265 -0.1116755417009366 -0.056423739296491346 0.13934371480143223 -0.019500486797790664 0.22888226139369602 -0.05820322300578663 0.047100462167706685 0.17924063671365562 0.04945037805468365 -0.18205373780360218 -0.0024882006051632913 -0.06534602627395766 
0.012634490367322485 -0.08533086697148434 -0.150838309717497 0.06655853275699286 0.07177511201315971 0.14654071436047064 -0.14673494183160457 0.11883837527622579 0.13020192596172692 0.05789642000574808 -0.11741000455801527 -0.09468297731018435 -0.03208743875844794 0.01641943435705792 -0.008852909085115471 -0.012775526272563821 0.13548720254668462 0.14774178071562363 0.12615619176915174 0.1508637203473853 0.02793959760563952 0.18594165214951397 0.042003176891106664 0.04097379234179563 
-0.07151255644744392 0.07171298668758501 -0.17941775427371337 -0.1458575255759393 -0.14760211293642742 0.06134150481191595 -0.129352787894472 -0.06279658162445893 -0.18253746698615328 -0.10580715945844259 0.1860184160294295 0.0035832888464045697 -0.1391633340655757 0.00902833788693687 0.1775741444165959 0.1459517220022816 -0.042554246069508764 -0.08568283208948042 0.10398299489354237 -0.10309275245626376 -0.09756877737046551 -0.1663422808685152 0.14532687383145987 -0.020478282836393285 
0.024298315605076497 0.12937751304884829 0.1179788994484202 -0.020632334623654762 -0.1258002229882412 0.10439476789654101 -0.1879675594850043 0.23971784780494437 0.0718906819807643 0.13860453020061214 0.042804593673221314 -0.1514056436917199 -0.04988647754875051 -0.020239118412560236 0.24834132077029142 -0.12565160754740087 -0.03051373727713113 -0.0617441269768557 0.10719900475894878 0.17752584613860825 -0.06011418396722035 -0.11773239967502849 -0.17325789380200038 -0.11993999348696849 
-0.09027830091951264 0.005677967430997044 0.1728190706033292 -0.148417478344967 0.21377112923862965 0.04717929264095806 0.12668567878716566 0.2334068588048205 -0.01794573638833727 0.012399253124608019 0.06521906866119362 -0.013564542951816071 -0.07958024308455096 -0.15768746105449782 -0.08525639227267459 0.09825149018083527 0.021265061537000886 0.10430026694383696 0.006715620165713764 -0.10646460844666913 0.03792529097637532 -0.07762321916949111 -0.20034703680309118 0.15782824579905896 
-0.03134690956817547 -0.029099405568546257 0.13626324677479396 0.20236696350325725 -0.17104933129901378 -0.12386241743606018 -0.07029091524225198 -0.10546436135313539 0.005641476601173278 0.1292688250747617 0.14120660252959993 0.03722765652101069 -0.11215060503964942 -0.1581223161397552 0.09661427573256658 -0.10440766142487316 0.010814942366615985 0.08982787528177093 -0.10801406605012322 -0.1296887387821319 -0.18440330446500539 -0.1421947049789434 0.1615275370982883 -0.1579915193341468 
-0.10986718275298425 -0.18724978327658393 0.06977761628786414 -0.10662427543223543 -0.034027720094147694 -0.1439309576554531 -0.04844672997175133 -0.014585880689497675 0.01597781214590082 -0.03036955136483012 -0.15875475623079344 0.09357935450695613 -0.1447798149887122 -0.06054711932654101 -0.09045662794302016 -0.07882199397510291 0.04627240037480025 0.006977210934111002 -0.1233943256478794 -0.017056987570888103 -0.06343662382873778 0.06483932316361746 -0.10888091925252193 0.11806389756114674 
0.010294217138638173 -0.07073179465766308 -0.09778826188086774 -0.12498133542387695 -0.011061279423633127 0.23615752842532203 -0.15694398002909885 -0.08584509949140373 0.058260587801652775 0.14805975051958803 -0.08772984018668707 -0.007687033878441978 -0.06419227670823989 0.09243349773527079 0.08696735224838467 0.14255432477817187 0.1561346221088853 -0.04793417818434074 0.1703315265066713 0.10998141680107688 -0.08790623249706707 -0.052985819718280446 0.0938983282369366 -0.14929022583681714 
0.052689579526734344 -0.06573558354365391 0.13037634457333055 -0.05349100284732038 0.09259120052587126 -0.11900868608749039 -0.00727855945510718 0.10249585584610332 -0.07704176949434183 -0.1349149449692518 0.0588647036027893 0.1431334110338561 -0.08715511416665707 0.010666476373994122 0.15526159244070697 0.19634091907351975 0.09605583257202675 0.035805592710179746 0.12640992379050603 0.15710590770042399 -0.19960245448740646 -0.04050787010530341 0.011507247420983899 0.09281466816297078 
-0.16496535452832017 -0.012088281980268565 -0.08738410059596952 -0.030105418369770216 -0.0007921822085665827 0.03884157472605448 0.02849497733533075 0.04157389265590195 0.06809437536787763 -0.028199862910320596 -0.19859345551755622 -0.16384202113642762 -0.0788210022649164 -0.14082171640549576 0.03887992921996577 0.010162837163436939 -0.02030578004689622 -0.06911349541822417 0.06056743651442737 -0.12331504276310568 -0.198223776404999 0.06971494066962951 0.007098723565560869 0.060637856040441925 
-0.10559151313343176 -0.2620808025546192 -0.04809278233577988 0.10178961259907002 -0.15872965514851128 -0.0721902289447108 -0.038972381091932067 0.010029130040898952 0.09165740056287064 -0.09600954257660446 0.06708186357040172 -0.018747936930597776 0.06432114337623833 -0.11541493996061024 0.05530362672007536 -0.12834905343020941 -0.2256875730860443 0.06627887556530677 -0.12577994409156854 0.0763250446535586 0.038504773876275704 0.14598785725937094 -0.06802227936518548 0.2406820510434253 
0.010117394386780307 -0.042134866772049306 0.09188535329719356 0.04481812477262324 -0.054309450376804395 0.022114619000321366 -0.11570998507161073 -0.08747571255458148 -0.23687577042443292 -0.006016962693618205 -0.08015366948061642 0.029624188401885222 -0.18672331132497544 0.033877230171999936 -0.08202692073957582 0.0544632852819581 0.11617363123014937 -0.03998918552962138 0.06451198666095155 -0.10328643107374218 0.2468081293133247 -0.1309565001353807 0.18388932850814224 -0.16342101434859566 
-9.56555462248087e-06 0.08321641588519413 0.10050284253631643 0.03713391124186388 -0.03491530243042928 0.20309556601797127 0.08879326554237145 -0.07202251251668812 -0.09948256661828271 -0.17368694086038758 -0.06177036838641305 0.09275775619420513 0.08361640233740673 -0.07084337780356739 0.06293535802945723 0.1247925365042168 0.12526841857466717 -0.18846333564586185 -0.14091514604870933 -0.13552142616170199 -0.1155353665456335 0.16285177232001738 0.10976107970336403 0.062017057062525006 
0.016956947663637336 0.0834229948878145 -0.07835262865130345 -0.0526129266666582 0.02949274046933697 0.15160101638221352 -0.11875088952582837 -0.10766636324683626 0.07565567034449541 -0.06288687536483142 -0.18119252986976167 -0.12041581548251372 -0.12186975408059261 0.029974080899253328 0.047368149851529415 0.19997623205711737 0.18221208241345463 -0.07636170915535453 0.10062669185113532 -0.10501843314668916 -0.05187957471924473 -0.08213551936411086 -0.050559507696559466 -0.11346313689143724 
4.360342779831611e-06 -0.2111426195044417 0.18041503715211035 -0.03722460342940758 0.1596034790542334 0.16899251167272825 -0.11356409474967485 0.01641602791431334 -0.010586432403362423 -0.1328844274706823 -0.01850686139649042 0.1720960698339784 -0.17318566318773623 -0.1236459979193337 -0.10269339828019075 0.21360018120525365 0.18560407063424395 0.0032085832889475717 -0.146562282814865 0.05213454765121882 0.10289941569823124 0.16165437357939863 0.07646765287624513 0.25609228630301384 
0.11913106966384965 0.06871801600055569 0.07081861651091936 0.07698272298996339 0.13766129878263203 0.26445103193365016 0.12434949343922787 -0.11958257679445296 -0.27718181745317666 0.22743656683914593 0.01051956025730533 0.11098960038141042 0.03838382248506254 -0.1296567339441888 0.13386973589053555 -0.12070649102463009 0.1538871175314615 0.07207151399042043 0.048549756495713726 -0.011146560100544187 -0.008039388629243615 0.07826032232383572 0.08847422345297651 0.09327371224378933 
0.07192558862451799 0.056715915699540445 0.18924767869010511 0.09626576628777618 -0.05731831399734445 0.025336525560503 0.016741284393738638 0.03959646669246039 -0.062035514262544514 -0.23280625579317873 -0.06528861836719145 -0.09473227592292036 0.19059292856324103 -0.11821279145167188 0.04986716004646978 0.024052739296722074 -0.11964367555100733 -0.2621109718875654 0.09719381286768357 -0.09885816062282511 -0.07743283247672758 -0.16246866586487718 0.14059312390599987 -0.15716620250373312 
0.01960672395434511 -0.19432605190537144 0.19369745376143668 0.05861569516370249 -0.052944159346746 -0.1409149229591446 0.07172389367384531 0.19620663101250435 -0.06468074841356103 0.10589827090109862 -0.08422875399263148 0.18720560927002217 0.10649922164112298 0.04061941504709475 0.16610053193266933 -0.11851037714086596 0.1682497634209193 0.07046673833578602 0.10785777230465585 0.04945401870406134 0.1351606683141249 0.07253392663908172 -0.14097129783553422 0.03700234345926316 
-0.1593752524299826 -0.04943889609953017 -0.26224855664431074 -0.15624251461083394 -0.33098244050693715 0.3353182635413463 0.038964277372652435 -0.03893598072040877 -0.32410515836035025 -0.05403031390582814 -0.0318315313597592 0.35497437202531795 -0.1647309906271853 0.055452177054509236 0.11193981371248118 -0.21504316240691002 0.01852031313397715 0.19137283210977044 
-0.26834481293475143 0.07151955844117511 -0.37787707009486204 -0.37434342385271424 -0.30380936121452906 -0.012445036163982777 0.3359114938017451 -0.05263712909035728 -0.3193356916835956 0.2625005314825989 0.012912990764892177 -0.13983800676845343 0.3551724950621066 0.34352352266039726 -0.16353488998188837 -0.20427836035763405 0.06743354667306511 0.26648777782591354 
-0.19098881930610462 0.0581969013394202 -0.24290766251884424 -0.20901881064362393 0.17834563265572853 -0.24012265743003716 -0.24496755077033003 0.12501175602377051 -0.33522278023218055 -0.2767887211442808 -0.14450966224672687 -0.04920762193160753 -0.03790350237074913 0.15143513800138578 -0.32044220573387955 -0.0957919224570682 0.09351649736678871 -0.34450471863315074 
0.23301821419940824 0.09850174253150346 -0.259743277939067 -0.2240832995354636 0.167358193429079 -0.06509837887394243 -0.056707674721052884 0.24632821379331782 -0.2489921694360757 0.38562443031464033 -0.31574297102734045 -0.29457990169208986 -0.19111085895306856 0.1946601727313655 -0.029598590899211744 0.10376651270837728 -0.2249719032196667 -0.2784552306684319 
-0.023805909702738187 0.1637514526532101 -0.017105254131867805 0.2539429834596962 0.10867608361434537 -0.17111052766117738 -0.23540139759708376 -0.07806185019288173 0.1833771469158709 0.3512001296836821 0.27115748293052916 -0.15928196137873418 -0.005891869082101124 0.05133827508349459 0.0314225186631725 -0.07471242662318059 -0.2742927874690043 0.09996900508295652 
-0.36961799632315534 0.2514616975359914 0.2704046395930167 0.12744887898294407 -0.009078851387521238 0.13531406961561782 -0.1462793511739445 0.2933838286968548 0.21182530364343155 -0.21943299922860807 -0.13240791913538982 -0.08075459850840776 0.004145136014113875 -0.0029063155352223717 -0.3164087964456268 0.10837275342656028 -0.2360136329136813 -0.11089166827921068 
-0.03841073989726769 -0.1024112709748044 -0.13464060907835187 -0.21899215839232852 -0.2977410444442651 0.03440373218817927 0.07923555465405412 -0.20783049597792674 -0.2085024590376124 -0.15315224357494037 0.2299110783633523 -0.26647468227579496 0.07094777567644331 0.046582747089248484 -0.10604817677225474 -0.10111632486359551 0.3464481658320781 0.03469087405987651 
0.1538603752864073 -0.0061900681071011465 0.100312274359604 0.06363331653537103 -0.243573399165755 -0.11204353740074857 -0.033317594009942886 -0.3313387075551067 -0.09259240309944275 -0.24021542955932437 0.25246370154243486 -0.1460260342921812 -0.2359459497627022 -0.03575922310788718 0.12423784590063482 -0.2995100668674116 -0.23477591778674536 0.17945062953578872 
0.19554287802580708 0.0795023269856713 0.26348539908931917 -0.25790721350760615 0.13834909176083832 0.28744306576502915 -0.2381116779094006 -0.16287923926666997 0.029119690148517445 -0.13438684154015365 0.13962786199994887 -0.3475221342233855 -0.23786207699172582 0.18129665777273404 0.32510900937245785 0.2961052754202748 0.2983313021784124 -0.26531822164980934 
-0.28860161264759376 -0.29482543871465566 0.011366609441529917 0.25251894568953515 0.0212995194599052 0.19251268840277036 -0.3197900544397178 0.22994593372535935 -0.21402129627772085 -0.2929794900271964 -0.05282668788340468 0.08780368390482832 0.3869371384869974 -0.3493290401789348 -0.15391391320732214 -0.27170020445331255 -0.07063037682111677 -0.19605824351694728 
0.04685026524174992 -0.10273333597776874 0.31889856186750576 0.19824400807512815 0.2479087275012406 -0.25456398866784463 0.07395532885773203 -0.164695418592912 0.2614402960417405 -0.394212735864299 -0.2712521768728929 -0.13159237936289533 -0.08441456058158033 -0.12890823056486997 -0.2780623247628123 -0.2621257310743984 -0.13872451311382838 0.37877006870963126 
-0.22328631897385384 0.1685935576577588 -0.1972700353762217 -0.35426810316744484 -0.33454106095905467 -0.238296392549185 -0.07984306214793112 0.23368524504362398 0.1623083898770987 -0.09565865319535936 -0.011473482186525592 0.2517076463938756 0.2959751873931159 -0.15175140223193495 -0.34288933586950343 -0.31270417620699476 0.17045283263424674 -0.18752328793114645 
0.015917867214873184 -0.21080649251761793 0.25124765066981075 -0.017106946174565645 0.01818825307521483 -0.1441273641324714 -0.037464930810264654 -0.3958114187958075 -0.1521576472549935 -0.13623903174930882 -0.14697887530280684 -0.3261139967880786 -0.018936864391380783 0.2408264668358782 0.3053105989121418 -0.00181052735854486 0.06028359453528429 -0.1451803571860495 
-0.2737407794476646 -0.2529004836968854 0.12136488477779622 0.1459926261015979 -0.2196600050164834 -0.05820382079136533 0.06943768971062109 -0.28175940416103645 0.20991310550717324 0.11983715125544751 0.0849892149329064 0.1921413990383321 0.4337729767610097 0.03479354187521365 0.25029650068021553 -0.054712371582490864 0.11112774277999991 0.28866312073492056 
0.10770743217115221 -0.13377880531030562 0.07632358001555048 -0.10063613345357016 -0.12050277225539135 0.074358291016665 -0.26963487640795053 -0.008868337275286815 0.3074536758823689 -0.07030184264034639 -0.21294791265025856 -0.027223408900822282 0.25476176758221414 0.2388270098854646 0.2246588521771699 -0.3377816978839917 -0.15867279630654416 0.36439884486517027 
-0.3106857483630205 -0.006625429013873328 0.19850341786793088 -0.25967928402190993 0.11004628620571115 -0.007970134911989678 -0.2751694923061699 0.26454526437961 -0.22729741506210882 0.1429649966711096 0.17553235337536455 0.08520129175421229 0.12007237083846835 -0.3176215255668009 -0.13036389228362605 0.05855839057509783 -0.08659739372298499 0.08327376301904572 
0.23682711713813723 -0.21206891753630058 0.28488848788735843 -0.09887900887245613 0.3056818055819113 0.07924873151960148 0.16471530395203152 0.05302256600422293 0.027001170909497416 -0.07768343792007903 -0.25465959505638036 -0.032742262277285536 -0.14960149923522678 -0.40816835385472144 -0.15324392947751883 -0.21880356610731463 0.2860321828229449 -0.3759710949624002 
-0.26398202097474954 0.13868224095555146 0.29197294841917565 -0.1694680509498027 -0.3308257129648 0.3179578721232841 0.07940004335284803 -0.11011318665133682 -0.029740967013879592 0.13443450974996535 -0.08521734244332071 0.341572382013243 0.24415466686998302 0.2768333719771224 -0.10080926428439484 0.3014826460972892 -0.013987070284971667 0.03292809243113872 
0.15440118163719468 0.21176191018909393 -0.06995815206743712 -0.03494152986186922 0.21730409135208253 0.14802079681830405 0.29900939937077586 0.3314619576376374 -0.219965069182686 -0.17939470879191005 0.14693558384321762 0.17934290667040167 0.06696837378515626 0.2535762441751591 -0.1690991577637304 -0.10874513970425724 -0.003577078256172164 -0.1355283238424063 
0.041123824186719275 0.12383470986156833 -0.21017397867130205 -0.030082460182981732 0.34093847543904315 -0.11926906483612904 -0.47302304770306336 0.17147808928995767 0.002209197701089032 -0.3407635655141468 0.28447604031761886 -0.07511612621923584 0.3148845159047752 -0.06695247981037876 -0.2916057058156692 -0.17373908015144915 -0.09962350458351414 0.1974579860721563 
-0.26659256098572104 -0.04640654382083828 0.26206740847537013 0.002913920228068437 -0.2730732013281216 -0.3285462179537847 0.12774394544495285 0.40444502067834315 0.2034965903059095 0.1992437229249618 0.11900018785976349 0.2550079883782261 -0.31234724757167964 -0.1780602286350685 0.13273006332098264 0.2521007040970761 0.1445347340857521 -0.2647418398388653 
0.34454563699624047 0.27766944787185005 -0.3502996605772746 -0.24142295090260807 -0.15303217505667296 0.1624479519110614 0.2205105066819777 0.07329760098361349 -0.2077706877247286 -0.06927748002204961 -0.2657271762996772 0.33389311537761995 0.21379229094365915 0.02427287362933796 -0.031146575250423872 -0.27681044715959885 -0.12304125511550323 -0.30664874644166795 
0.22592600370756816 0.030108177026513295 -0.25371259494764414 -0.2167827337553544 -0.1632721868999304 -0.12978825703660496 -0.11673250263774447 -0.1520934059380628 0.1214148705761595 -0.34860317592538015 -0.11655535917301989 0.19441750843863156 0.3611767648549089 0.23830621870045476 -0.17684493907792231 -0.18233912672078 -0.23065261806657114 0.28684374497323417 
-0.24821564464578497 0.1761554939238471 -0.15987307758846897 -0.3224919826793002 0.15901060434048656 0.15399684409137837 -0.4060783066715963 -0.12146156411611587 0.3238046422022145 -0.24067385912469932 -0.2846730904942684 0.09335328711118852 0.3356986618814921 -0.2877106517920114 0.008701756000916697 0.12488128715320482 -0.2249154113333334 -0.3913509061705998 
0.322853559174482 0.08780233776768032 -0.31384668016630984 -0.30673979078707775 0.08659846897866758 -0.23809403326895476 -0.20519202403193748 -0.30280457498121677 -0.23644011512304244 -0.011456376938994024 0.007684627905670733 0.009014081219002807 0.457088602652908 
-0.2972272083251483 0.2039767390164073 0.23453770652775496 0.06659904516811592 -0.029089857602995033 0.3161447659029587 0.2626343559227584 -0.3625449467415065 0.3735185475906453 -0.3980891256439808 0.05731137836057226 0.05675763979318305 0.2677047112409719 
-0.13868137831849095 -0.3423367526296728 0.020855030792159952 -0.4195867885126128 -0.12219119606691323 0.42518688988775133 0.34560055825585717 -0.30730006561981543 0.29473954846196276 0.21469237344424097 0.34479383334269365 -0.21977174310479503 -0.029204615015774097 
0.27517243198681984 0.1322993132725428 0.07376878146321392 0.14520303501928142 -0.2259810228499434 -0.3773922032718458 0.18783959704290795 -0.12791305824430074 -0.09705587683273657 0.07378470521792718 0.12414991495314401 -0.23726300638638725 0.2522267058844466 
-0.09430874667326773 0.10383237356692934 0.3763538011435252 0.050727138647220296 -0.11129162782827796 0.09365336732898522 0.0013942082630512824 -0.03722128241483525 0.18461358226371782 0.3417446769477662 -0.01615263501295934 -0.3312440448626796 0.05456574725427513 
-0.2030674811775678 -0.3714000873600701 0.22996299369175807 -0.18053816566148526 0.22095477128133628 -0.009178684038884126 -0.14412579698619127 -0.1472695033483278 -0.36937695359196393 0.026847058518738795 0.2588507116086016 -0.3348155967497014 -0.31451192131340744 
0.05010376096935462 0.11880037664074719 0.12446004681747125 -0.1922599020420533 -0.38059695290979445 -0.10313346331385459 -0.2159725266827295 -0.47353186102267303 0.16279591692643924 0.43492583126134005 -0.08560321590203948 -0.1583184187154047 0.07507312881746349 
0.26351961340265867 0.23655542332965693 0.10963797362149565 0.020480892371432254 0.09266927155140962 -0.1696144322739784 -0.11179214720378239 0.32415822445644044 0.33054597785776435 -0.3627068685350334 -0.16173143070626844 -0.39902542004091257 -0.16411241640998425 
-0.2347498237635129 0.10553219013360206 0.15741321446482145 -0.32183474527788936 -0.34880593827051304 0.3417381907307609 -0.09763859457536052 0.02282683277636444 0.3920998838773851 0.19819249427930646 -0.13801736342934895 -0.33320553207028347 0.017913995560958722 
-0.17403956384563193 -0.4164210242316691 0.18558357882681795 -0.06928305398703856 0.031050031342795034 0.25690060618730615 0.4329131704789086 0.12881636718562603 -0.16017798723043258 -0.3461414715931785 -0.3430402179399538 -0.14271555973290068 0.10863333264863781 
0.15465422267220272 -0.24052646309347328 -0.33572163230937857 -0.13683125144154928 0.016051818512320078 0.23717952764003583 0.03612278529428618 -0.15231236949414664 0.09780200144433976 -0.2134731435100836 0.12056978556162055 0.27385784073236763 0.09060837839880868 
0.07226346873568336 -0.18788455734609946 0.27457254481425286 0.47732545147272953 0.19726873347072818 0.1119588358234583 -0.25274534687128913 -0.12186649966827334 -0.12798550951684579 -0.20175812297840287 -0.042270715347622875 0.08702129118167566 -0.3031735769295839 
-0.2121835269366602 -0.3253729593437032 -0.2104149009860845 0.022149481054248507 -0.03321208515452472 0.4602886867288033 0.4652586595725321 -0.03548194089950244 0.4267836245321821 -0.25276646508595724 0.032116170586219364 -0.03638938896381366 0.38599223506909774 
0.2838098043405632 -0.24771198217935622 -0.04731901176165833 -0.3095290323886684 0.042580638735231706 0.24022478707437864 -0.40140179085163347 -0.30834564156155464 0.45017939610403224 0.4259723433376602 0.04427272453351731 0.11528889128380944 -0.18244318747286795 
0.36451325598855544 0.13425739898434125 0.13187763756367596 -0.39497031114128006 0.2829272176541777 0.22197609629569326 0.14642476779262198 0.19150290733201564 -0.2751102048747947 0.17370433154978535 -0.3241717111184583 0.16416050101524884 -0.40199193508754666 
0.22025155898732038 -0.006569702774477164 -0.2360503495730189 0.18216742984582798 -0.14595995495789488 0.30824439371568807 -0.2557579345909578 0.35332929597747675 0.3799436821886608 -0.15494625357565836 0.2907300667873276 0.2740879923657887 -0.059092244095711274 
-0.10791925650164505 -0.17399872123613286 0.39856709715088384 -0.23123947567994663 0.38107729122149026 -0.08096318344302891 0.35013587235724186 0.25227757344303475 -0.29402062694961456 0.08280356748362462 0.13724934730016825 -0.07396173775442218 -0.41284747564537705 
-0.16943515152742933 0.2732036344312992 -0.35219454241400433 -0.33880510167203637 0.16832803139018637 0.02065373139912574 0.033804307460718774 -0.10695941429720833 0.10966034732744556 0.3191888096850254 -0.1771797605560881 0.2762024186025348 -0.08152434079371734 
0.25448906098916774 
-0.0084821995963343 
0.4405938790502939 
0.6686779836063831 
-0.02309152614425247 
0.37423558133197177 
0.08015296158409373 
0.3188356246369425 
-0.35566586476618606 
-0.5396357295584716 
0.5817615438925566 
0.37826962579129103 
-0.2731913928642873 
