98 24 18 13 1
-0.061322952491523045 0.071441379529039 -0.22217949381768579 -0.11853568894863324 -0.1699975012488532 -0.20032496829428753 -0.11090122493526829 -0.043259939915889466 -0.08076172970568093 0.03970514048208749 -0.029604352210037845 0.10317210795383228 -0.16725093965597965 0.17030645944206182 -0.22124634491713396 0.11125249487954676 -0.05266790015049762 0.08031591760281992 -0.143338204483904 -0.19226121276799335 0.15497720551808924 0.2765218351472847 -0.0702306778614291 0.19626913497697648 
0.21783385448442288 0.12816161484889124 -0.19150142313448673 -0.2538349651953475 -0.1458428963770052 0.19279760629336382 -0.2672764078815187 -0.09843420050254176 0.12972947871514454 0.016842148349350296 0.07632758811884864 -0.017258534428873703 0.006763075442345388 0.26223499932576216 -0.25406587603281666 0.17870720224473388 0.24847178359187358 0.12414019933986731 -0.09632264134181741 0.12735684719439394 -0.14281691159304702 0.011510615475572028 0.14584037247548282 -0.011541697301992802 
-0.07364235866462811 -0.20420347820094623 -0.23323836510740084 0.059249735034852875 -0.10959487461741017 -0.11457866989423467 -0.09114737085419912 -0.2207693490007912 0.05303598303300677 -0.1439946648163093 0.08593395801383726 0.0785600326478775 -0.22333465671336583 -0.054779517527189535 0.04487220241935698 -0.02454939573663498 -0.25804433206624544 0.05640795309366641 0.05724220094487201 -0.0006525942524340756 0.20947007315041724 -0.002961482859086013 0.202099300872819 -0.11438956654634752 
-0.07469240575769147 0.021586550410922934 -0.05129447677427005 -0.2607988245397108 0.14741427186692535 0.06542469089002312 0.10064594793786866 0.04542868315386657 0.07056016172759182 0.16217354337621556 0.06748890603642838 0.043997007354126066 -0.198687841216863 0.27204020792280664 -0.06665662268664373 0.3171141984926847 0.11110601281098205 0.16294659119432936 -0.164053094862398 0.15205264667997737 0.08778846092621999 0.10769463300931881 -0.09049109112700225 -0.01546287259879526 
0.2027036597350831 0.010686303159414722 -0.24214674699172017 0.06773142652285474 -0.09134783728826812 0.030606283809737542 0.1582754260716009 -0.03821482825654421 0.2026482698152439 0.06431879284741437 -0.20749643660844408 0.17721002121121154 0.09831651890563392 0.19731361154983496 -0.16723833099523194 -0.15831880199564535 0.19080189082911075 0.07160662860469065 -0.184173103560436 0.12879351349123735 0.13360994972597484 0.23098038649780878 0.07275311086883449 -0.09572758995082195 
-0.1016405536701482 -0.33894520549592033 -0.20420707426928733 -0.21001656640285576 0.14010349991170554 0.1581501924196873 -0.006858308534533284 0.08259519286989389 -0.32132025710270706 0.02765683740542727 -0.09456512404426037 0.36110039800043736 -0.12256040924378026 -0.08252432816598188 0.09472534678164624 0.026266594851732245 0.20424148964086755 0.09210296410425117 0.13754082785258226 0.10591214951607923 0.18005317954602912 -0.0665982153328277 -0.27786194302379325 -0.07847222827960203 
-0.14863074513372596 -0.24933094139014722 -0.12541515492628214 0.049473862679733256 0.014202235532739515 -0.10574701939584838 -0.2526862514569243 0.22962270896314357 -0.030089823873432175 -0.18459076760826376 -0.17653840606607565 0.16251856066596568 -0.1272374587383853 0.10036999272462202 0.17358371075230805 0.21141116858071107 -0.10578243147743512 0.04868222466189338 0.04730550461447455 0.086120836738147 -0.10932116845285995 -0.11848895603208906 -0.25186814129140767 0.05091103363103314 
0.12226535412635761 -0.053589107556609956 -0.07224249471785778 0.18124376397889516 -0.005136877221693728 -0.02048991791762714 -0.06722287481198386 0.04962603913042139 -0.03574927428429748 -0.17005176763167693 -0.17335161508394933 -0.009739957953739865 -0.03818478733054833 -0.12972931729324824 0.10029589611688275 -0.1359067164679703 -0.14749331292879952 0.11797849997244916 -0.12192917325662699 0.03166965582679284 0.10534273427884569 0.30541999209448906 -0.0733677264797348 -0.13613628077707218 
0.10883971510009574 0.032027957804170705 0.21194998233159118 0.17210687820842213 -0.19466601687300067 -0.10546701675305105 -0.005012049191603885 0.16091130066880072 0.18688844165647722 0.02226935525527997 0.12343946559504605 0.10849887417048967 -0.03813103189241231 0.05606923652833019 0.04110350525936474 0.1027676535974761 0.21448119576104918 0.1857346669156596 -0.041425922208898576 0.18189595890149718 -0.13684786762362974 -0.16062309514079956 -0.14468975600375555 0.031085111758630185 
-0.19158043863129504 0.22138608883445643 0.13021329765145667 -0.1942310387674015 -0.12887744029355766 -0.06638144551316552 -0.14713601958884942 0.1099486222179653 -0.050397676653843294 0.17549851902741057 0.022319590639086086 0.1441578972044352 0.17611640677898527 0.15445509594599383 -0.015756474510054675 -0.004869646618052999 0.11880314916782195 -0.08488289769964796 -0.0038214626329143046 0.043325012624260396 -0.19402146865326675 0.014426654713071621 -0.0066991702784923975 0.11100447853920961 
-0.06532078662553996 0.16919149805450195 0.030638206226711918 -0.1343485592403486 0.08296881651819626 0.01388342158749595 -0.19395110015898706 -0.016432841309450424 0.12248613114321526 0.2344317918045645 -0.1682704260816064 0.16161650766025618 -0.1378398319014653 0.15113830361475172 0.019504034927363946 0.10350251031986507 -0.017066855355695885 0.17576732029164593 -0.09282523940514904 0.11192981268216297 0.10304646608517673 0.1831153399294816 0.17820269542170014 0.1669691329799598 
0.12335148875225956 -0.039954539094322124 0.04187175587883175 -0.04471152532780671 -0.06203753710120754 -0.11339439863447948 0.004120412753953982 -0.00976978300936159 0.09934799456304443 -0.12575402436456004 0.2647719244212688 0.03723063574763846 -0.10851816026988963 -0.09396622032700601 -0.0878133512871342 0.10923632067556395 0.07269955231817414 0.16242903829893326 0.06430348544207683 -0.06158257198975866 -0.13891111463193687 0.0901861836571019 0.05435117023260215 0.1744113481386609 
0.1061147064319132 0.003666699870904922 -0.03675177376807887 0.08047493645078778 0.033169293155677876 -0.0006469555286419662 -0.09455113931537154 -0.2429328245293273 -0.11448259915943294 -0.15082203940512515 0.19618495624048185 -0.09599852408694783 0.1507795116807631 0.23568304245895666 0.06473948273276885 0.08475122352825468 -0.08209665708027637 0.048721867857442445 -0.06116168892142184 -0.1566243956360032 0.10262304007797021 0.0014793250134036966 0.0976280449775512 0.26521456303085256 
-0.061019547299057765 -0.2515838597162754 -0.12211913081995247 -0.030809596654044345 0.054860848821761184 -0.1779472295349195 -0.1685396265250525 0.20550441510918024 -0.07955642482250644 0.004354646142762049 -0.10574652270626515 -0.19663402146518458 0.049400439466977177 -0.027665284415084156 -0.14862722045296708 0.0705138797482408 -0.009821087583583141 0.1291406637516427 -0.14165702758355622 0.05962378815195581 -0.041248473145973505 0.0864889407388486 0.048122506002540415 -0.15630945653713949 
-0.10366741905675272 0.14739311708793448 0.16766009004355875 -0.019377532523501346 0.12916658371400558 0.1346797129641893 0.09937190434477006 0.171089036042576 -0.1804628504800325 0.05975962563522355 0.08054772474004457 0.043737492325993436 0.11801479669723679 -0.15647508263320392 0.09785630442215328 0.09399506416353788 -0.08762324738691955 -0.07263866756541829 0.05220667934004293 -0.08319695918327652 0.12358118531339705 -0.020159679460250626 0.11536037022684442 0.2307103450153891 
-0.18679635984786544 -0.10857108760959318 0.15466123416373662 0.0024465278023410872 0.15857404529294875 -0.0229593436051494 0.3000256254291393 0.011508600822632612 0.011290194687413905 -0.15115677350388598 0.012929537131795092 -0.26889915191275093 -0.14286859454329767 0.07359683136405018 -0.18796625651135046 -0.07236794065696885 0.10203641115931103 0.08166640866771543 0.07555660724642863 -0.11972060929146541 0.005468673175925802 0.10564325943917603 0.2749266116662083 -0.08317901692564729 
-0.1299987934790042 -0.12006716121831915 0.09925961343862572 -0.016899980516196258 -0.17717368204416337 -0.05028301680005057 -0.12369811578236886 0.1525660300310001 -0.1073548196776151 -0.18910374325738155 0.03679673752893127 0.13290899593381048 -0.020388451145701238 0.09612084955330924 0.004368760833751463 -0.0044648838927278615 0.2121356796320472 0.08316461833931492 -0.18718323422417218 0.07078797480201318 0.012915904781555671 0.20609539490412473 -0.11066210351352675 -0.09234700106733511 
-0.22038907674623193 -0.07605560069376863 -0.16815824925868736 0.018677913061006315 0.07727069602824949 0.11556357331214975 0.11738858449747475 -0.10167181472523264 0.12102696460403899 -0.08094243340561254 0.14157645264736748 0.09856755735416539 -0.15337296928113023 -0.13819074297603384 -0.2250677306187938 -0.11434310716751536 -0.029456187510193743 -0.1660147100598115 -0.1981979782024229 0.057350606353738745 -0.012316304939387668 0.143457915594989 -0.03715142250315665 0.06914792656922888 
0.06476287738570387 -0.04704348767534349 0.1042849416769332 -0.05307155443744361 0.13572593846613193 -0.10106903638570515 0.08000181180881254 -0.17564879768131622 -0.012675766880941472 -0.296766321730411 -0.042470546764616895 -0.15722599850496852 0.21303426833558317 0.25885013375284865 0.10001400827386894 0.24995190534713146 -0.16043285029409304 -0.08841050503866252 -0.12426712170397503 -0.014768080857420174 0.24164143850326453 0.304217823343563 0.03605656999477663 0.16150526480422112 
0.19927285761543814 -0.06541302035830261 -0.09925034990970698 -0.11649974078086972 -0.17773707340477263 0.14941988634831332 -0.15012626608458368 -0.17087692529954976 0.10303220126027088 -0.031507444039575054 0.21426767926745485 -0.0731015255183217 0.03567261089808114 -0.051599162359455705 0.14796243972105794 0.010158079230826312 -0.04443558890468852 0.041522177667284096 0.170074190854169 -0.1950539294424645 0.14234268559679597 0.1791417818498402 -0.17953319659279915 0.07452199563669894 
-0.0714307225593383 0.11320602863363174 0.0230040709965885 0.05787963434150765 -0.0597642458901498 0.09182642253712205 -0.07312542026592388 -0.30266282560836055 -0.015741760594777776 0.015707672003002788 0.014660788122376488 0.2276144562747869 -0.04384241440837244 -0.07278914166951829 -0.07758566221548371 0.241877762125757 0.19243991182749468 0.19002373984584187 0.16327558024509217 -0.1617910458745379 -0.1444029841651038 -0.11818770461086121 -0.07376779076987956 -0.13373634418684688 
0.11974673179868084 -0.08237677057088139 0.0950108244522777 -0.15141656998529873 0.08415896904779822 -0.12651660724052657 -0.006722201310981895 0.003983972523579069 -0.13095725905745764 -0.15095641817834274 0.09674417976941894 -0.06450116107463813 0.010064703892884143 -0.21245284365279604 0.008870331744332674 0.15614524026354817 0.13312106699397938 0.017385965161513417 0.19056780669672943 0.180630722243677 0.0033896738930098438 -0.2129867956588171 -0.2573342272573054 -0.17604404364998172 
-0.010362872282567335 -0.09368257863959581 0.16817402713276142 -0.18476369712468033 0.2125944161183931 0.08099075218496142 0.09720721821034896 0.051560594097811156 0.0693919628545891 -0.003261616229440906 -0.22169454125729868 -0.05670157373427541 -0.0031558593981720153 0.10039728841645233 -0.01231497738932963 -0.005559882455263818 -0.1397580394122684 -0.2567391958821199 0.10251214433014882 -0.04831470042779035 0.2369032697660086 -0.15928355919965945 -0.07054216352772492 0.016422631032475345 
0.11860534444516271 0.06499545879759717 -0.14963450631968234 -0.11223424366516009 0.001771391606477555 0.07286069741651656 0.008110615951443224 -0.18167862040477706 -0.2521704174014363 -0.008057736368303415 0.06845850892705224 -0.2224027622826753 0.05126219796789036 0.09228114323114155 -0.01994396121642391 0.16647597782463988 -0.019395964383025727 -0.22488665977267577 -0.006107360183119176 0.10434293774285583 0.15301010547465385 0.0717134692727199 0.07381044239846768 0.021822972812814125 
-0.11397006444264372 -0.047412216876129065 0.11043165227259634 -0.06255845707404674 0.13630075916561696 -0.18217750265684163 0.04455068455977771 -0.13393152038241685 0.03367487726724536 -0.02842840519291469 0.1274524731564589 0.02722905729213059 -0.17040764079518847 0.19110707383033407 -0.0757226465934019 0.16979083461834305 0.19134250450505055 -0.11067658901056192 -0.1136057965677531 -0.11303711987199913 -0.1424764954756431 0.044430861179165164 -0.24500393864341033 -0.12919755962191834 
0.07342379872994308 0.13114849359416714 -0.16758751183373935 -0.10653531470953385 -0.11621541535408637 0.19565613561013373 0.09799111365665052 0.0651532991589706 -0.04703167992154029 0.047190002324177686 -0.025440827605132832 0.14429201109725728 0.14364931901198352 -0.07948187681942874 -0.14907292836516153 0.17181583276728277 -0.2137872081061229 -0.19134550909171358 -0.02706849888273417 -0.06921653601770131 -0.08339910745849263 0.0636672225457412 -0.12381844496605325 0.05681311374721992 
0.06262447590119416 -0.24018748109112842 0.03977424387317104 0.19101173761438225 0.04498491876891949 0.13031023342424292 -0.13936472755416557 0.10430538685540505 0.1724960725770139 -0.021157144271127575 0.06501547027331321 -0.15111375417126338 0.14722070760637537 -0.17264613756725766 -0.041338272220024 0.02783936448894572 -0.1530622637353984 0.19780259529058095 -0.051230772156182464 -0.02671639931403556 0.01107247792189363 -0.06767667081982923 -0.2712653232330873 -0.16934962814924703 
0.037513845159253455 -0.15155473690740906 -0.0564325473171796 -0.17628112540256086 0.1090512412791978 -0.10910753454661347 0.17922045640897966 -0.16845096284525504 -0.0035924430266831803 -0.18151108380022893 0.11979912783184514 -0.09741497060821917 -0.07401797844916368 0.12136395188834262 -0.13948038282403752 0.052103625113469804 -0.050374433974378185 0.06205845327398542 0.08833760741366788 -0.16274786820801368 0.2402073360813748 -0.20723247059108912 0.14323440826265954 -0.037775896960886894 
-0.040837363618370405 0.07942514068842049 0.08802616013714293 0.17684904565668502 -0.099350003385164 -0.18185076963768493 0.1190561429086113 0.1858505304823091 0.037244153339287114 -0.03564672240925596 0.11891534125691945 0.18610387866517794 -0.10159187310551308 0.12921995023337074 0.07157551945936305 0.11169460938265452 0.011484087785000114 0.07809862283493695 -0.19908440011477893 0.07106864773306575 0.14251902278812972 -0.1389759577816275 -0.20233077107575306 -0.12571356631850217 
-0.05316989347713114 0.12948661749173257 0.016955791209586804 -0.13766353994828034 -0.1441599429790119 -0.07255206103837446 -0.012866326877149064 -0.06954007365816901 -0.05421576129875202 0.006422826605667651 0.14317386022390996 0.00024343513772817822 -0.09847259705478498 0.08456659600592797 -0.11064227628230244 0.035010575605959306 -0.021876059595209853 0.10713221882408383 0.15051812839804307 -0.028592274876184997 0.16012695647029906 0.018309755904820153 0.03478588693847711 -0.14679451432024007 
0.021342924461855643 0.16168775675618485 0.04156640548227131 0.08081409094121669 -0.03879027346217165 0.018029671383296295 0.10336989502300628 -0.18177466530924652 0.018506815156550553 0.1997871454262347 -0.005377294553093229 -0.12047811190188783 0.17332741249257888 -0.07236456528133793 0.07946406093126751 0.06621922445457543 0.12019495111182689 0.10035675791508257 0.13459709539195297 -0.19711918930936861 0.2599121169750958 -0.10925194945351846 -0.027080491395764534 0.20385246627577894 
-0.19670900058080343 0.08899223044080627 0.13338577245519959 -0.023655814762631656 -0.09688642283995398 0.08096467658825898 -0.04565256862857606 -0.10475139898474038 0.21420589018676472 0.18311917455592286 -0.009657228808779495 0.1331421862515471 -0.08498797111981114 0.016202887574613592 -0.06195318504634422 -0.04517738494514885 -0.14465034180886968 0.1873625949862493 -0.08148546544563658 -0.16892427445424224 -0.13839790492286944 -0.1946086701993471 0.039782022493956425 0.06174105894684448 
0.16180559637814387 -0.07108331508160899 0.1159927652296809 0.11373550570833219 0.11037315729545336 -0.025493070117245123 -0.011462755317699663 -0.11155986318005941 -0.03387409111246609 -0.16282038175891425 -0.035977836270646366 -0.1149449459586298 -0.08039765709525253 0.16582526006971535 -0.07106303796208524 0.20388223122303725 0.06436702452986524 -0.06506837760902814 0.13750360586079668 0.13543260945608893 -0.07531459307689313 0.11101448211274376 0.0035443777237917423 -0.10743711475104875 
-0.06709334347253196 0.1457274191241771 -0.09171487174002951 0.16741011042550707 -0.08105655646268646 0.0661875535118973 -0.017213248083595423 0.12132133542287717 0.17752667016167745 -0.12557589835907418 0.0063780601485173725 0.1742974548475717 0.00421279954063448 0.22078220420642514 -0.08757472481022677 -0.02155801665489069 0.006827865930681591 -0.10794004164063724 -0.1947410258290757 -0.03277976882922245 0.17580790676064229 -0.08872015341092228 0.14152722133801798 -0.21624672028933617 
-0.06244301269445206 -0.2217216443801562 0.08842805589381206 0.05294694005143562 0.07458070453290755 -0.09216687082670764 -0.017010405637425806 -0.14053589740504563 -0.10015671687368638 -0.050528832066364826 -0.05712977378480544 -0.09473336215958558 -0.00035134952981594626 0.15806443067356207 0.01183386636396195 0.16893325392886022 -0.04291042714973915 -0.13967622837577304 0.005559203424808884 0.11551395590927067 -0.06108991242375463 -0.017060436511183292 -0.09994346452885397 -0.0010624583580324187 
-0.134803510296062 -0.13353842059576712 -0.09442712681612818 0.13716288648182018 0.11055391298955879 -0.06731343088945034 0.008392670774452403 -0.14128513933951242 -0.02413293241551182 -0.08039383014111379 0.13234614540698902 0.10160728656221081 0.031234757774149198 -0.1496633414205304 -0.01154453277527071 0.23672321389296372 0.13080270104865857 0.05924248425220053 -0.13875579120749496 0.0549175536381885 0.05044637835505673 -0.012300233743717116 -0.09654765419996922 0.039107249453213 
0.16082095660562254 0.12352560765347755 0.031232217415776902 0.24515214071731556 -0.1739995592444159 0.20624949782579569 -0.23267833589674652 -0.13455918124694613 -0.04739928018774482 -0.1723005812880588 -0.007023897372150716 -0.1955907567240769 -0.0727372267039976 -0.1715215635058141 0.08058022168496423 0.09094110315306433 -0.045490890144171396 -0.12404040524644949 0.09798915259394238 -0.09866950251344307 0.13454256732481365 0.009074998794180144 0.011708227366108782 -0.18874344855745717 
0.01897896915266877 -0.01460515669588268 -0.10753854391744387 -0.038319978696604126 -0.04634432463575501 -0.04444190638090004 0.26666505804706514 -0.017713704117016553 0.1736690815580222 0.012131403842517235 0.2294241104087416 -0.11679389614904484 -0.07566876383530437 0.12339878846405718 -0.18262083803440465 0.13767002637929038 0.03079775518378795 -0.04876605618217781 0.1983362463243408 -0.17659112836935795 -0.016536842693114673 -0.1876823349471137 0.08675936162118424 -0.12715459459218692 
0.10105289266895406 0.1967593235884724 0.13411944814221602 -0.018923788423760274 0.07020496097841471 0.18267824746020025 -0.03682756267156377 -0.022033104263078994 -0.1965139978143729 -0.05153027320490119 -0.14259659719798154 0.13182933433879987 -0.033834913472289715 0.01767666309025611 0.1461753095774255 0.0481449112295507 -0.07549728180387322 -0.09161798338470316 -0.17104564033106465 -0.032221556763125464 -0.15014570122300752 -0.05413374797843042 -0.0011214921917385209 0.23332620945054428 
-0.15588673591757557 0.03744447390759256 -2.650210821524621e-05 0.11007158155136088 -0.142036406049254 -0.1665025997098725 -0.04576545229755817 0.1849981245835291 -0.08725882405032756 0.10332881084563957 -0.08305164685203342 -0.17481773023296793 -0.1935397110540379 -0.10218797146456711 -0.04689405704191402 0.022926552891013214 -0.2015215970036128 -0.17281697637246168 -0.1935966354495964 -0.1540988824801891 0.03914772867734707 -0.03834451909101022 -0.11255518923220462 0.022765681600785185 
0.24111491533530735 0.034517899569046266 0.07902344749948734 0.15309386366460323 -0.18416916872616604 -0.22686756243134296 -0.02469490536987952 -0.026542473556894323 0.1358948609973 -0.017824771576801353 -0.022525889707186084 0.229952890282894 -0.07399367839175626 0.13529062185630042 -0.09775392102994115 -0.05689799841241446 0.014805634080342479 0.022709484801772515 -0.11118636293590027 0.11043268877816247 -0.047920470563240135 -0.08816879885542196 0.10976920989579564 -0.05885136393277828 
-0.05967195758104938 0.10060923937036184 0.010125527501829098 -0.20727947174712605 0.14920892655030632 0.15509849114784807 0.2082073038741536 -0.04606813406071516 0.07843992962489149 -0.06345270214953988 0.005307595154866274 0.14115956889110567 -0.017004572671534452 0.020761659893788975 -0.06881103857768579 0.02999887861396803 -0.1409497182200809 0.15243320540945673 0.09987551026751754 0.12945733992468544 -0.09578516310367896 -0.10644671688455597 -0.14384190681868028 -0.07046105304374443 
-0.18523373624198824 0.11930384319784436 0.06734318951345852 -0.03454892968436008 0.10633097407105906 -0.027501943832209327 -0.18411577467266899 -0.14560033277840123 -0.09196328254841604 -0.04512124331891048 -0.1790504845331708 0.0078439473260259 0.04067658665678214 -0.01188660505297815 -0.026605158541982185 0.08392027486558788 0.04877734712800411 -0.1940743422711081 0.14878084067871092 0.045973057312008264 0.10636214546802335 0.1529155728884184 -0.22149192149615082 -0.10518197122003496 
-0.17456698713042068 -0.07224436609440173 0.1344547518834256 -0.16714329250731777 -0.010552363104735049 -0.14934286984383544 0.07634252872852391 0.10798234432921751 -0.24291838906977734 0.031649173219506235 -0.10343970027478619 0.24736102465517837 0.15186345918575903 0.08008446679319307 0.1787087547016739 -0.031448642550452 0.18284919024324453 0.00863067543006143 -0.10488369143341231 0.24603883791702907 0.1190042637110363 -0.17392983906149984 0.12383216612368764 0.09516752654403084 
0.061877850011877 0.07772496298783159 -0.09781114880816158 0.05057075867037367 0.1251742825999402 -0.1839585556812479 -0.1473327169138814 0.12935085975917326 0.05356568220178257 0.012282007477330185 -0.09987613212892227 -0.07493521449686054 0.15087116834862607 -0.06462058365926703 -0.17412540052083067 0.19242862563765623 -0.16517696769371226 0.15258503474724738 0.1523036154781234 0.014818816590726435 0.05506657938409706 0.02203432779398186 0.05105458967831935 0.18181035360014544 
-0.1138639899877246 0.1994096525948016 0.026623285074954064 -0.15356965255754826 -0.10842405499448926 0.052954133587460726 -0.12314122762067212 -0.1469665791394874 -0.1339715639935199 0.1246637449640064 0.08497745048639754 0.18004267401763013 -0.07832092765569117 0.05821416098890376 0.030389674632427737 0.04368402566452178 -0.1624348810852756 0.1015021283377094 0.17184307745274427 -0.013660777171317568 -0.09656956112743979 0.07843441633427316 -0.20827832208315733 -0.06789869120188152 
0.21150037765206522 0.01799796826003032 0.1415502464623313 0.04124673293070977 0.12838315005263845 0.1633818381288851 -0.108414150050465 -0.15039051803277217 0.06614439110189015 -0.00283646092142113 -0.14886021713940947 0.06459261583387195 -0.1856587682783093 -0.13297196536515826 0.10939859936028572 -0.1954219332366327 -0.06287600933654618 -0.19164106947619183 0.19932819252505563 0.032287213772939305 -0.08182099499967666 0.21979463478514763 -0.01975939390351799 -0.01779894874525424 
0.059170357835772514 -0.13794777134539413 -0.07706169952532002 -0.055543045561319525 -0.10141798508732727 0.04562641915328899 0.12044142819548735 -0.17107196243758577 0.24480590232616573 0.10042232036195774 0.1700185324570202 0.07605163923368448 -0.13260714772501944 -0.07844507768543145 -0.021352363579814758 0.10973798721617735 -0.00039511142466193395 0.065457253160724 0.07184667094178847 0.1318528165277762 0.01956264669466209 -0.13905643849039162 0.14616453829467174 0.050653766457434184 
0.19138465166694088 -0.11358002586275706 -0.1286827839316584 -0.04292225371288128 -0.07096519470726359 0.1526194190034862 0.026294167885575103 0.10465065823074846 -0.04555657256456689 -0.15991617957068466 -0.15359720433729834 -0.04352926141310274 -0.12176261197242969 0.1553108041987943 0.03925226232174784 0.09664116296251184 -0.021163075811944737 -0.1644855281046994 -0.10517965301958913 -0.015078860293310114 -0.11985208175993416 -0.18997103788444142 0.08900660277862865 0.07844907858167272 
-0.06704759338959598 0.13130014256834827 -0.028149965437086658 0.13725692774378473 0.05811919590705947 0.03581884373143265 -0.1189920326367516 -0.010988463346836126 0.17987662349643968 -0.077179235748506 0.15625309813884694 0.18769781726357024 -0.06726564237895596 0.06290312391493502 0.15937356628581253 -0.19729959387185594 0.1914755592842826 -0.12297458017028291 0.1393593255770606 0.06992277682924246 -0.07040417516163056 -0.1388969142610897 0.05624937131870452 0.17338220572016044 
0.14371262375009605 0.07221964970879903 0.17783912683393896 0.035408312752022456 -0.12015761000225966 0.024304277713095963 -0.07419377194159613 0.21690922775864 -0.055025855107139365 0.22616481548062417 0.007376574408726292 -0.14351141157305708 -0.17000525313920048 -0.056993016920883426 -0.15020266186529901 0.06024275795292181 -0.044082674304261 0.19616307596903326 0.17184477581721525 -0.13976139420884529 -0.04446366567748573 -0.044134405556074105 0.024522085129272495 0.11833304893697584 
-0.005021945099394731 -0.03148746312163137 -0.09437931700837858 0.1640716539223772 -0.19127627995050211 0.12779588760908567 -0.12392993328301853 0.0734870490066228 -0.057168947064576946 0.189844329158405 -0.15046445047082524 -0.12429201903960414 0.1554108597467798 0.032831269454730534 -0.07548134569030115 -0.20004211142327843 -0.1081843375668617 -0.14131018907195714 -0.1179025251209752 0.15819873819573987 0.1487914555108325 0.0792896256591824 -0.011579995111295413 0.13022158031473402 
-0.01906203411232898 -0.034695287380444174 -0.08893071898613525 0.19749730680895392 -0.044551294393795966 -0.027483829845130033 -0.1435698003689647 0.19542582940016973 -0.038737902535624764 -0.08014302548132088 0.08554879235118093 -0.16133663858222658 -0.1617785732103554 0.16505301043516643 0.09683875664912267 0.01328664360200797 -0.1405067904561342 0.05168141703619182 0.05461095405395025 -0.06817237271397689 -0.17288260953087944 0.1409633981967004 0.003897329446901534 0.07945028656591033 
-0.09763086269724316 0.06330090486506976 -0.02801070907311699 -0.04648981184836779 -0.14886925198158857 -0.10149075554507889 -0.16806971084875133 -0.09439687405516671 0.12556053749819238 0.03904896641137338 0.058614383429968886 -0.2418186803035905 0.10236019062256196 -0.023744881843198982 -0.10685421011865712 -0.16958772702463237 -0.15309164445234627 0.13713386101356237 0.19325668876980817 0.1823957946447578 -0.06028729397160798 0.09673724208647876 0.043301494864082545 0.11503194157893584 
-0.006382741407135542 0.035419456498387195 0.1141591129877525 -0.15959425951894662 0.014531604727884517 -0.05288720016735318 0.041102063676270825 0.18357153954758232 -0.04223916946827559 -0.04217971455512453 0.11551632975843643 0.057283376130071534 -0.04181876674208773 0.074763401814881 -0.03781222334238443 -0.14506643658223908 -0.019393748033225956 -0.06544292309639022 -0.112054737354743 0.17014691312267496 0.07503656503376271 0.0389295343310819 0.09784985310440482 0.016485194715751345 
0.0877297706725991 0.17590770068856404 0.13491806611388688 -0.13240939253394843 -0.09392275673640986 -0.22120318757710755 0.1965718567766831 -0.10465502083913539 0.05098687753830354 -0.16389444233798753 -0.15744877498559645 0.016421682602146947 -0.1913611387433783 -0.018416943198845435 0.0044205881800229285 -0.05613552904727197 0.031186847091425798 0.014437651328858154 -0.04311589705992371 0.07080340885524493 0.09438029930915649 0.08349010921907607 0.012911157004233686 -0.05960501214371857 
0.03816498190645478 0.18676684939990393 0.029605847981909073 0.21336047898866203 -0.023192104945813297 0.09502523187474704 -0.18503382982619154 0.1106058897234751 0.023530014260695873 -0.19818585381933587 -0.10139180591264342 0.02306554951966262 0.10640082601648855 -0.2076211261132144 0.019274266273040193 0.14117782281003888 0.062077928524548694 0.18103592583509115 -0.1699413524598549 -0.08389563513641655 0.19350676940191375 0.0998095703999042 0.05255649843673268 0.107561148850208 
0.22046568177577563 0.16278255562887536 0.19975047576850366 -0.14363644156312222 -0.17164264599179066 -0.17045493081320143 -0.1943431784982266 0.16480882196111973 -0.22266351708465712 0.11338469657545737 0.012248729064434834 0.038252620394103584 -0.06055569383075728 -0.024228626811203264 -0.09765080813275412 0.22769448547472335 0.07111844898706472 -0.18978795876422075 -0.015110666978706602 -0.08665018545751293 -0.16621526378808382 0.20306041150336276 0.07292782252453081 -0.06730927203111617 
0.16498413306184836 -0.1172701096384628 -0.07602587005670997 0.1616219648575731 0.24559516514839805 0.06359009525617608 0.1661882654335984 0.13522689577742147 -0.030471225396925396 -0.05020064818792473 0.07050163653409765 0.015210910390825077 -0.0012017780984428597 0.2449345980384096 0.10879271552248038 -0.05539551656981498 -0.2201456170660291 -0.12536583239620455 0.010538146771182144 -0.0326301628202302 0.16645210976423805 0.21161011522833284 -0.17940920355020024 0.19117561024812724 
0.1532357091948876 0.2550595165942265 -0.1849285469224464 -0.17690781809269185 -0.1979897986741731 -0.09243875833208487 -0.17767409559456906 -0.08162664511312073 -0.008979431801533367 0.14856858633206305 -0.009043845583883908 -0.1504224448671443 0.053234856273331924 0.0481301425541175 -0.15513208349838206 0.06135524469500087 0.10470170019150017 0.13171430732600084 0.1558420668291901 -0.04659224110578193 -0.03208021774485386 -0.15904829102648585 -0.0678506123669065 0.1564291482816059 
-0.057286688004766134 0.13129375656334452 0.1558604824343013 0.15630934480351202 -0.1369684383837265 0.20526452639277834 0.03435384860024883 -0.11500729675572778 -0.08302967260341597 -0.13544629068224848 -0.03865972968162073 -0.13378128592698083 -0.13326638856356834 -0.12041391020503037 0.07559062003825173 0.08402129642117305 0.21472879562055527 -0.0876086401105442 0.05113632389366527 -0.18632507140076368 0.006353459967568969 0.18103914486058134 0.16406067395459872 -0.19632832784576046 
-0.09805078719157218 -0.1284218698147128 -0.18099242117705572 -0.19620625537780342 -0.003844298525102411 -0.18182845803143843 -0.0878399714506198 0.04834001395089411 -0.12424776409042383 -0.09131251722440946 0.03565491755902518 -0.020550386844928336 0.05629628944826833 0.003526285041297391 0.05256650017729482 -0.05789068513024151 -0.08435290720329365 -0.15974911511772413 0.17473920230334816 0.13206206665983128 0.22692580018199388 -0.12517440113667236 0.15917633036166812 0.22635110881157813 
-0.08575267957835556 -0.08931858022596893 0.020211244154073927 -0.12521119488730345 -0.022760514238284974 -0.1251997452146392 0.17892397805148283 -0.0024207892279528567 0.18565310372189248 0.057229011190458416 -0.006151589891497749 0.18719068900796879 -0.14220506131102748 0.052217226808737534 0.06397237960032354 -0.02601937782687356 -0.17618689319346414 -0.002852979697109399 -0.013689293298371881 0.12200212343430562 -0.0965192510809836 -0.04279098742819262 -0.10313413713476256 0.07376100225642795 
0.21835178251446502 -0.13787119650576796 0.12792688112949857 -0.10682202935755321 -0.1767483586724225 -0.15836819532151555 0.19083967558609446 0.16869959500501927 -0.09471374149289201 0.19807740395747905 0.13096161708568949 -0.02679038700136598 -0.012542574207354001 0.05764111428629628 -0.13620826071769968 -0.1943275728539034 -0.11578737059366581 -0.19405799710042373 0.06899682744475141 0.020225927188196158 -0.07832367485902826 0.12320457750699144 -0.15276361275358777 -0.1012443704043338 
-0.08224573826420581 -0.13474439530642904 -0.1645808674281209 0.13870907897686857 -0.1644794570700927 0.05927685264459707 -0.15142440012119837 -0.19599163283434368 0.03503005732929528 0.17070511537863345 0.1688674968165269 -0.08010851247568847 -0.1892858375017469 0.12562573258512322 0.12169522099096089 0.15288835647838392 0.039389760370412544 0.1066364317311595 0.15867527779808374 -0.01813852516769299 0.02273149891270213 0.002403451167491586 0.09516852302157458 0.06243307092232726 
0.09333143890130685 0.05643566081972315 0.0022655212125122716 0.12524165429906367 -0.08643259341646267 -0.09973394686297306 0.11723894679583448 0.09151674625098644 -0.17658686683723634 0.11497715181708103 0.1110777770191274 -0.09548707593040752 -0.16636804062951593 0.09677456368915313 -0.10943182155632963 0.20895140715851873 0.06991220222841608 0.13125741507862626 -0.15652245520045702 -0.16606415244828476 0.14552862930761667 -0.0355450292033735 -0.16485925306591545 -0.05086954609500897 
0.06805832159164005 -0.12347902434873766 0.15795821817950031 0.21447997059181695 0.18031217558580903 0.09120728915970103 -0.04470802931967504 0.1245688325248976 -0.07804540492280351 -0.07341756857932277 0.04173175228013577 0.02613541544923567 0.1841229717968956 -0.12421055548150045 0.09872745347760821 0.17933431495389426 -0.23675139852091512 -0.009382436151678313 0.06204222940891594 0.1683049741740326 -0.15071507233585038 0.14316201300814904 -0.05352989943507716 0.15639506111891943 
-0.1890606910956178 -0.17714060876130486 0.1927762016637685 0.04316045250957271 -0.032420687937610826 -0.1261590291449422 0.052516254067406856 -0.18528973394209206 -0.09693056499853205 -0.06980295673923637 0.04234410750347139 0.08016751931348849 0.1389943019990608 0.18281036328691266 0.06340271290758205 0.04066636313391225 -0.030887484618840447 0.20860788118328596 -0.13780470501810874 0.16100863596844303 -0.0747761281298329 0.03765640658858041 0.06662736289668043 -0.10462066752574782 
-0.13229040945584417 0.0033254504053938116 0.11601000235640092 0.07614441174652925 -0.15200238042217537 0.15999028007042762 -0.007949228733427374 0.1786396790935174 0.02100025846870213 -0.16585363892827734 -0.118293317126544 0.14116533392522476 0.08154264586674564 0.1576382183385331 -0.06754402921382122 0.010989968536039481 0.05939911565464211 0.037136427715362616 -0.10663147016241657 -0.028790125584480766 -0.0999480500079972 0.13768115310633244 0.19492235979053868 -0.17325575286766196 
0.13240495312329015 -0.10144172362169183 0.049479873899431676 -0.0959304740125097 0.05964157825014888 -0.05083649711890738 -0.1071685760872185 0.1450127350850582 0.1588743622297 0.04476508864886967 -0.11346275114089523 0.23129605385895127 0.07443478472734376 0.1378800149673871 -0.11456751126644499 0.12469635362895155 -0.0668716963933894 0.05193559786940135 0.08346652114123268 0.06975715178545973 -0.012183713758562089 0.15119298150763263 0.14098895498123912 0.03441827579154256 
-0.16357843163199198 -0.09846349419115256 -0.15755633658144216 -0.13027666118477016 -0.14898357568711595 0.07534882360940139 -0.18429823847186913 -0.1025776994731375 0.23793520655300476 0.1382810019554464 0.04154382678971577 0.14217405734365843 -0.1826544906249185 0.12788554422222606 -0.07466316528561635 0.0621769447225302 0.06649929088924847 0.10744738122558674 -0.016279760686229498 0.2632348446371621 -0.09602534699851598 0.12384093821742323 0.12348602839649911 0.19131931327506593 
-0.18705264283928846 0.1315600938445731 0.025780258246741294 -0.0029700717954446866 -0.0954941539605563 -0.06846683773980855 -0.09940618091143039 -0.11153243588048047 0.18582785025743104 0.0009386660781590315 -0.1665077730949989 0.06957807757779236 0.06868476720057123 0.05878148704592597 0.006037541621870787 -0.03941779681448615 0.1669429231351095 -0.18884452252627948 0.17298548693303897 0.24101392349826972 -0.06176615342170907 -0.11346392145010294 0.10624794049799215 -0.1281611481149722 
0.11380092775192338 -0.10875089878424811 -0.08284847124849576 0.20357141407138601 0.1608719642117264 0.02400233872953302 0.14627185931080217 -0.0582334060091569 0.22215736295267424 -0.02607860884010182 -0.08124711664064943 -0.1888740756428914 0.20798942872462745 -0.018761034161736967 0.09301083204570812 0.07399566641696921 0.09294268209240869 -0.17953925252885197 0.16782087852084834 0.19136901163780562 0.0369948996063509 0.21460725657507324 -0.10632796478876051 0.040246445418273546 
-0.04079724660826758 0.0505071371482524 -0.07892138725845867 0.12708479803123907 -0.17194972748735138 -0.1832948379112838 -0.18023646225078588 -0.13926884352746 -0.041237809556486864 0.18218322288311872 -0.1553144763205782 0.058267431702833376 0.010840646458707758 -0.05795110868371335 -0.12001004433126931 -0.11099925342374917 -0.18250398327844286 0.08443606371523191 0.060768614458423575 -0.022102595260155893 0.08674652190593776 -0.15564646252585837 0.1754051372712855 0.138493828484021 
0.06283653070224447 -0.047786781245266904 -0.03284192583497212 -0.007000332073717708 0.1740092100973862 0.14494757718484433 -0.008661634517721116 0.02142782883732828 0.14972614271681964 0.17969187751289514 0.05494056638240507 0.09859694956713574 -0.058594403248170716 0.1670021745925655 0.13410218551119718 0.020457258126329706 0.14657937047535413 0.1394009315269625 0.12267270001086782 -0.14725902021127935 0.01413638556742732 0.16000686141666964 0.10755335217584557 -0.031203078616200648 
0.19739187728568097 -0.09921859306169462 -0.06576525999224597 0.21545225921604202 0.12279517430795076 0.142794983969226 -0.1956286412109885 -0.04741652372750035 -0.09891146928814756 -0.08079827266563436 0.094377393864465 0.08568131645742325 -0.0024409845285945976 -0.0969607922763949 0.03333940436961401 0.013233687052599757 0.009610024969011264 0.04552916951522054 -0.04111984322289195 0.12909388900583016 -0.09870784795319551 0.04786185092714617 0.21600862125881024 -0.19890420571631404 
0.07073082561097513 -0.14557600270913673 0.01720031590081145 0.05006759172298192 -0.10202031842991797 0.15912901576423963 0.06801327268882332 -0.10653837522481928 0.13552556962708284 -0.1574572300034115 0.0217064474381581 -0.19099219946550808 0.05616229376164903 -0.1260543552932651 0.05902864081846806 0.089748276177834 -0.0112795619440105 0.05090442506324551 0.12464011529006636 0.1495396698732634 0.03570925385414728 -0.03960409291783453 -0.02748874369494867 0.14795894036365173 
0.08034540400414776 -0.12535396904637522 0.0258504653971368 0.16326112421622185 -0.13917390812569133 0.137641855524508 0.12742514024876395 -0.00025821478054119027 -0.185041980044499 -0.1404619179946227 0.16887360580623237 -0.18236840133256876 -0.05029990722107256 0.04694210410111964 -0.12051390941830648 0.19264146830630718 -0.13703884920287007 0.015583090254741467 0.04653422150692562 -0.10682147122375409 -0.013227101442494605 -0.003525287341291497 0.10595879483805089 0.05299210745883103 
-0.012739004622451611 0.06576081693286791 -0.01831674745632277 0.010090010345751852 0.0626503687127214 -0.126861524832748 0.11147278551436324 0.02625688737161151 0.19232208442985227 -0.11028003133314691 -0.013243823282745532 0.19451334294986927 0.0399639931930253 0.12110490481811577 -0.03398715882315061 0.10011248510330167 0.19763308229730098 -0.11921002235484623 0.12225126318617079 0.20445067183683627 -0.19441451594092507 -0.11316439773034832 -0.15264879956410882 0.08782349133964575 
-0.16730864378581217 0.19970686096914944 -0.04351162677265034 0.16179891176895 -0.1238859272564407 -0.023245114390170362 0.13735674265554149 0.037523846077409474 -0.01486006848969645 0.004960591485171212 0.02906929364686636 -0.02346319735245232 -0.12187895071666781 -0.15403026796503214 -0.1389565651901052 -0.17897810308000558 0.023067109670525814 0.13853192706768597 -0.05561458568889357 -0.16970608470581283 -0.029223349691461724 0.04019148006868076 -0.029350113129026186 0.12360338683957517 
0.17429220144832758 0.17618538038410028 0.08077211570241215 -0.011658132973086687 0.07226661104836923 -0.19488333605824504 0.23349770376267226 -0.13053894535415017 0.20405304446910125 0.11361636681931186 0.11230943577864608 -0.12342319042815623 -0.11157831367567624 -0.06720316919125578 0.13919859214125171 -0.01949760806715418 0.24708729359568107 -0.05817503971810897 0.04708194565894113 0.15619756683912364 0.04430697451589372 -0.18182192114046047 -2.44750361977742e-05 -0.06531069434367594 
0.00734682303748981 -0.0885439857028556 -0.1506712641640175 0.06652191791306984 0.07173275417799205 0.1428252470548332 -0.14657584970185294 0.13724784899686798 0.14937488264641774 0.05073302560854597 -0.1173034536315338 -0.10985060108223324 -0.030872892044367415 0.0061281421921733515 -0.008852511211581506 -0.012774461795757737 0.12754751490894775 0.15688658531734107 0.12603479812153903 0.1886424073459206 0.0194392475894017 0.20175765192449566 0.051208932793820744 0.03739077043898278 
-0.0714704962222486 0.0716706993533238 -0.17919168101286537 -0.1457001159958938 -0.14744135159223523 0.06131026771150653 -0.12922578793861392 -0.06276388208207244 -0.18230459119360073 -0.10571912320597418 0.1857778720873031 0.0035833162892910304 -0.13901854646120954 0.009027916506506035 0.1773520596014218 0.14579413209816836 -0.04253915579676931 -0.085623461956893 0.10389774204838993 -0.1030088450607793 -0.09749302581010097 -0.16614397268544645 0.14517047870832672 -0.020475071449237818 
0.02360057080304698 0.08850539412993479 0.11787140569542416 -0.02062906925899545 -0.1256794477372072 0.1114157070997715 -0.18772268647072948 0.23076234281323163 0.0624971552743962 0.12528165681027484 0.04278932302967498 -0.14230263778969357 -0.07304687505164074 -0.05505938584202231 0.2395392617715272 -0.1255310901210212 -0.052459943862516636 -0.0617124881448408 0.10710882099856336 0.16832390212702275 -0.05753833637665183 -0.11762531483758325 -0.173045053420813 -0.11982922520729246 
-0.09021279112139657 0.038916875952859774 0.14878705212625215 -0.14825514181222446 0.18332181730656208 0.07245523079253413 0.095968109919784 0.1933752534136884 -0.03302613193165276 0.012398265296526843 0.07087649925309145 0.005049043145131619 -0.07952863446567587 -0.15750683602348658 -0.08519757917249383 0.10675832126172079 0.05557565106279574 0.11982075595637019 0.006715460641379331 -0.10637556035200678 0.050482799028690586 -0.07757400249703321 -0.1883208544467074 0.16103997076887772 
-0.03133886920489987 -0.029062853143943457 0.09568249500742303 0.17936412287991307 -0.1708411697776574 -0.13028730156069826 -0.07025022792126516 -0.09982256801833027 -0.0017658433842972622 0.12914197359007198 0.14105800304909463 0.03774555101223075 -0.10313352430682435 -0.1247261480012936 0.09653989931081498 -0.10432176377261922 0.015508981246258413 0.09890196658548825 -0.10792261524357177 -0.12956114411462868 -0.18416632856247017 -0.14043511137791795 0.1400341295012576 -0.15781028283720466 
-0.10977282537570304 -0.1870065073755649 0.06973749998268498 -0.10653498091342666 -0.034018179197055846 -0.1437772198019995 -0.04842713832903639 -0.019857630888432138 0.015681360767381376 -0.0303620282403464 -0.1585719816714498 0.09403251629984219 -0.14462446320860364 -0.06093034033569198 -0.09039087489844208 -0.07877131778808341 0.04770091003643468 0.0069770270275242895 -0.12327769853156421 -0.016587761589708958 -0.06340327176904612 0.06393128205119981 -0.10878811325731963 0.11972491425308057 
0.010293608539806143 0.00024280292905002484 -0.09771219267474289 -0.1248619782236246 -0.011060542413657377 0.19294485276984424 -0.14636357410931003 -0.08578551682711051 0.11954310579313755 0.06512278182815921 -0.0876677659869478 -0.07332563895212035 -0.03150536415558337 0.04049997161194444 0.08690629110283288 0.14240319130432408 0.07163371767214163 -0.10441491487931333 0.17012487806719498 0.11171872083419124 -0.07622588474061102 -0.0771905509814683 0.15205973669958184 -0.1491261971746285 
0.05266642238231749 -0.06657692111518637 0.13024752944273013 -0.05346714242153412 0.09252250724303054 -0.11985102552824603 -0.007278345798697842 0.10488996359573981 -0.07245171266764483 -0.13477796604701392 0.05883588813690475 0.13884405762833996 -0.08709380419672094 0.005431888479333785 0.15508506557341364 0.1921235240044938 0.1000790894571223 0.03579499132523787 0.1262880886264961 0.16752467128817858 -0.19933122957257635 -0.04049421742119847 0.01706324864930555 0.09274566403258148 
-0.16476989767800881 -0.012797172937748862 -0.08732248660473983 -0.03009803227235263 -0.00079221073942499 0.03705992874477909 0.02942093837918613 0.041559444251744924 0.06894005304247046 -0.028193430374537847 -0.19832454970715094 -0.16429175689393746 -0.07877022160521187 -0.14301584951158916 0.03886737296592981 0.00908314570008744 -0.019957105386556376 -0.07085183194313249 0.0605369654463927 -0.12319855140509463 -0.1979557186963646 0.06846304974476088 0.007557744425763327 0.05906758650373329 
-0.10481410404462199 -0.26508995335975694 -0.048073476005734035 0.10598060557374156 -0.15854693124466426 -0.06071848133679845 -0.04455337195950477 0.01995908982238757 0.10156673206867332 -0.1677483127749531 0.05892832559019455 -0.028609829128711173 0.06881858563567889 -0.09964581201763946 0.045938374616539344 -0.07702676439040532 -0.2469408776315459 0.036214046846129805 -0.12565920403353242 0.0819851814347783 0.03903334906802886 0.16502894658270437 -0.05684915109439955 0.213622438452399 
0.03899656211319964 -0.014440400517418671 0.09234200091822946 0.029779631311138026 -0.05428486207521065 0.029848096488219483 -0.1438150054802182 -0.05112103563809149 -0.19512977686947747 0.005407067367789282 -0.10599685929802281 0.02175645235840082 -0.18602782189531164 0.0373958071373975 -0.08197225490206979 0.03267237294785958 0.11561687726487571 -0.03528484061508841 0.06447752565625393 -0.1231041583758552 0.24846471877813012 -0.12845539727366678 0.1951284867391392 -0.16345057287783907 
-0.023570530742773845 0.06498749476559734 0.12596647758422116 0.05584174699609575 -0.03712274778857029 0.03592044814117849 0.05367504339167981 -0.07529790699904872 -0.09339611461069446 -0.17347318747401003 -0.05744506864766265 0.0978677195881129 0.10543078269213675 -0.08849394044836693 0.06185600383138549 0.11223214946075709 0.1577826550894803 -0.1882173575066995 -0.14076709251224298 -0.14175702885573382 -0.13976151700578338 0.17682580930106173 0.08303435920542367 0.05391745459818139 
0.01695485311460156 0.08225311711916782 -0.07830252606063852 -0.05258983629633654 0.02948566768170198 0.14985098325249896 -0.11864211125186402 -0.10483315691238626 0.0799254155293493 -0.0628540841095696 -0.18096259488368335 -0.12416225758283903 -0.1217557269656847 0.024698131493254123 0.047348681016183475 0.1957518367216361 0.18605682297935283 -0.07631400888441897 0.10054646674247285 -0.09835082645785023 -0.05185711883323032 -0.08208071612358396 -0.04192604473926866 -0.11336303825624726 
0.005584155119441774 -0.23840742039489465 0.1594963845006984 -0.05837178428897635 0.1828176061992815 0.1828626927865304 -0.10639252188049315 0.020128710300058597 -0.014594249972151157 -0.10317828221539524 -0.03718728940906555 0.17378501479547379 -0.16914841860694393 -0.1263695144645404 -0.10292384715826429 0.22039383878464897 0.18183822809353434 -0.006944248999116777 -0.14640352228788195 0.07345337275187347 0.0988388832249722 0.16653568900405788 0.0868335545470781 0.2688319658743038 
0.13834699421871685 0.07572612101369737 0.07676178242172406 0.06459250845874637 0.15724736520031835 0.27112680655391097 0.12345182857547538 -0.12216939934415251 -0.27547003053101604 0.2354096429925684 0.028001691004437952 0.10796175414469318 0.04649441408108187 -0.12301203260915622 0.1338332003231728 -0.12341186561047299 0.12137359376054493 0.0776893437593898 0.048886369808608846 -0.01677252165980842 -0.008180376420788733 0.06155081741084305 0.09572810330992879 0.09144880988373037 
0.1175659975833919 -0.008163872462388738 0.1889999488944599 0.09619188941874163 -0.057290966735298224 0.0023385624183020265 0.016739250898949145 0.017329381835773382 -0.0638497043169405 -0.2399446000321906 -0.08683207655900069 -0.08340500887514082 0.13203945446324455 -0.0912842405725137 0.049846404514087346 0.05171966907793943 -0.10689751550346942 -0.24384767134464652 0.09711860272746092 -0.1358765817848716 -0.08008554627711179 -0.17629753622425512 0.12827383447592092 -0.18231784133949924 
0.019603809914913468 -0.1940668842189283 0.19343971082371128 0.0588386560360973 -0.0529237715622268 -0.14076686984027953 0.07167937432564027 0.19640231866997376 -0.06469380018220425 0.10581009469742444 -0.0841712742626685 0.18678016177725712 0.10596921940779769 0.039921588048879714 0.1658944278474698 -0.11855063682386487 0.1717986420838085 0.07042585462543731 0.10776656500303886 0.047913350050786264 0.1337691841437462 0.07321420340987425 -0.14082313917487196 0.036020559709070595 
-0.1968810171478399 -0.04941849466066608 -0.294318831038291 -0.15606478547262645 -0.3303668218997263 0.33469017300860543 0.019275648355577404 -0.04910011449278813 -0.3059189836416374 -0.045095035933253626 -0.0318232285876534 0.365196368209027 -0.14555308376465312 0.04815817872794367 0.11184216335942401 -0.2147356871582006 0.03273922630140077 0.18269654750230002 
-0.28215170197219785 0.07147749029079024 -0.36731177867438225 -0.34027430461419206 -0.30327061140476164 -0.01244403915261328 0.3419714946968147 -0.050522112083739815 -0.30939264922306847 0.2671639814350037 0.012911897619380408 -0.13754608550676756 0.3483602248519908 0.3365057989714771 -0.1633423802511991 -0.20399630696035576 0.07558137635287245 0.2646854693609236 
-0.18520656908800143 0.05816872406355055 -0.2370729042918803 -0.20872564547307618 0.17812188168548015 -0.23975348615043143 -0.22554898018161468 0.12706022310050744 -0.33459496493030816 -0.28532807000708726 -0.14435482476721825 -0.05900230496117041 -0.04640490550584278 0.15388526906915218 -0.31985667674336477 -0.0957187226071047 0.09344651326166947 -0.33436103261554845 
0.23646445521644777 0.09842463705215806 -0.26366383064117027 -0.1993343746739848 0.16715777243742522 -0.06506330652855431 -0.0554678200460553 0.21110269979423474 -0.24727984876454895 0.38831095813970373 -0.31517074831530517 -0.27224247436797916 -0.20020684332196612 0.1925541185268191 -0.029591464435725443 0.10368158782271951 -0.22284682706452558 -0.28126296891226393 
-0.028466224759635138 0.16355849774057893 -0.011849719153489901 0.25353847011136094 0.10858359855502399 -0.17090223696914855 -0.22317242288297898 -0.07223972614927716 0.19385225789071417 0.3119292894662119 0.24814546251274006 -0.2031160797369881 0.00382596707757254 0.043767888850424846 0.0314144376182814 -0.07466667847250327 -0.27383468217501755 0.1462808976680605 
-0.3710123189505833 0.2510635950254907 0.2665311154784423 0.1415825613398111 -0.00907842312808987 0.1351763638920142 -0.16000241308268487 0.3044990934065899 0.22814746841486833 -0.22676161515302956 -0.12351430002916648 -0.07205314742262478 -0.005589020402931112 0.01338852383772916 -0.3158346925913075 0.1082807428203618 -0.23718384951454 -0.10309877867863172 
-0.03177963866864741 -0.10232838775269379 -0.10242820862681574 -0.21867519131099006 -0.29721913280150863 0.03439397132059165 0.09215133816407907 -0.18798856106058143 -0.1805457686443269 -0.16086278320151395 0.2263842588000305 -0.27465046583044983 0.07781975612934625 0.05561831309140234 -0.1059597701150724 -0.1010353739030314 0.3363923999405988 0.036327601784720755 
0.16205904392210982 -0.006189953506005109 0.070491650300833 0.07094420815129024 -0.24319548810992123 -0.11194572109370514 0.009431127872157517 -0.29079903328080997 -0.09791609137917417 -0.25344341354167266 0.23807749627502142 -0.16727063822059812 -0.24503486545123118 -0.02506547281426187 0.12411977068590131 -0.29898325974704815 -0.20974296174651494 0.19797742859754508 
0.19673556919475663 0.07945081451107223 0.2671235178031726 -0.22669706896049943 0.13820581307063967 0.2869494303148085 -0.26267938128783574 -0.16104827677452718 0.032479439949280355 -0.12600100870967665 0.1293248834755201 -0.33976181858548676 -0.23135641067590784 0.17731331996651756 0.3245101987576691 0.29558788072544795 0.2995610682183534 -0.26653545446662197 
-0.34720330154191315 -0.2943115715028672 0.01789527652315069 0.26255220231879833 0.02129601541682709 0.19225762394498683 -0.2706657887800845 0.3154539489251667 -0.19813042090399957 -0.26458761172656414 -0.05280341108621387 0.11859393602530913 0.4116896674009989 -0.3791236018552671 -0.15374081618804114 -0.2712490235393032 -0.05352824687482146 -0.22971925529457218 
0.023158082053425424 -0.10264996936113492 0.32693484019435903 0.19797590397379922 0.24751975549446825 -0.2541578664766108 0.04758212457348226 -0.1681406583962247 0.281344692916972 -0.3748169170077046 -0.2708021898019645 -0.11136624949495419 -0.07404529337027596 -0.1550615078771142 -0.27759410353382136 -0.261699881180952 -0.11302068983442967 0.3553355381228026 
-0.22274188962552927 0.16839055716541954 -0.19214382073561045 -0.3189689781884427 -0.3339152099679371 -0.23793182321195727 -0.05427504030052864 0.2514901184689224 0.16651815028896924 -0.10349935295019479 -0.01395979044888796 0.24788724846186214 0.28230237901730376 -0.14243259310179426 -0.34223934124745836 -0.31214052106849083 0.1673162518508705 -0.17693596788340124 
0.0015548441462403676 -0.21050910271342846 0.23537224109095212 0.002256579023200691 0.018185793623487573 -0.14397325339495262 -0.05298655907226997 -0.3875856030443163 -0.14399927561320836 -0.13061496431180186 -0.14681931425925016 -0.3201097701055182 -0.004687970010901769 0.23363002102183356 0.30476766409197936 -0.0018105737605869433 0.053089681425745626 -0.1420276084726668 
-0.26223171602723905 -0.2524986672404275 0.14888818237160975 0.159533204522722 -0.21934142414084248 -0.05817563693517346 0.07381297321912945 -0.2957712016778241 0.21711831572273707 0.10425500739170021 0.07772656498568857 0.1865892842177654 0.43172623768667057 0.043852333064486416 0.24990139895075866 -0.05468742137923258 0.10374203689602673 0.29788670321981275 
0.10648816300553586 -0.1336438874801697 0.07626803634110317 -0.100555894373061 -0.1203910573313298 0.07431295750405302 -0.2630768150042843 -0.013217202565921914 0.3069047536919385 -0.06645988702520068 -0.21264543797365862 -0.028479000673284655 0.23438716686467165 0.23103003585713383 0.2243281148514475 -0.3371464976691549 -0.15849018712912782 0.3585148195826974 
-0.3085358636130931 -0.006625277584785448 0.19919968449281228 -0.25925984411681524 0.10995164601840689 -0.007969846273160197 -0.2896431368238971 0.26257505737049547 -0.21231402212053926 0.15000851124036102 0.163927166034887 0.10105255535598553 0.1470108563861615 -0.3164196226887801 -0.13023509929379376 0.0585298686210281 -0.09825718819222547 0.07766566360313859 
0.23897798003627785 -0.211768533247124 0.28195712784394056 -0.07881748650314793 0.30513783477653655 0.07919753144601484 0.16096325062214173 0.038277571558639624 0.039893617245974115 -0.07994330373980166 -0.2542532250225974 -0.02950375291706653 -0.14626878588491674 -0.4050818702110741 -0.15307215719470418 -0.21848705429823312 0.2995802676942443 -0.3716972190067485 
-0.23433413807771622 0.1385383455899046 0.2850673898547045 -0.16926321768368316 -0.33021054417372797 0.31737938630862955 0.06470667335409937 -0.08642420255479753 -0.00334199542678759 0.12523440764886207 -0.08515858024264299 0.34641965581898143 0.2615167143604218 0.29248548619526954 -0.10072876882909508 0.3009503673727961 -0.013985740897304184 0.05163211103526522 
0.15591990385569626 0.2114622549681748 -0.06991783532168418 -0.034931450344678434 0.21699119235512954 0.14785922731458226 0.3000170672397896 0.3308449623513288 -0.21964575032984732 -0.18086063267967534 0.1467761060551242 0.17765179864155328 0.06590146339040875 0.25493836357870014 -0.1688950983124965 -0.10865254649691021 -0.003577105875822321 -0.13400919801122124 
0.07030852270380432 0.1237173275699271 -0.2128773809724031 -0.00980641427743836 0.3402941399329316 -0.11915942108026654 -0.3659821972789556 0.21953938808555193 -0.0001855612399654801 -0.3810746259424471 0.26803201019976275 -0.11554020415893039 0.2900887049008217 -0.027126045572613097 -0.29110068686457574 -0.17352521572384563 -0.08156269456241771 0.2346726842484146 
-0.2604954032844874 -0.046388570762853146 0.27856818384568394 0.022619102512871893 -0.27261835674654555 -0.3279375833724503 0.12262255182486911 0.38791827876817636 0.2111327673683023 0.19755772981371403 0.11889099352421964 0.25679098604817885 -0.32019124838714125 -0.1715638941282495 0.13259703772835052 0.2517009532819168 0.15146992431080605 -0.2611718302305443 
0.343270430558004 0.27720228359794075 -0.35642975317958303 -0.20983479521366571 -0.15286082071940119 0.1622576711965143 0.21501677430326008 0.04004303867965015 -0.18393167707454217 -0.06596677666707573 -0.248309690372966 0.33758255437519896 0.20344261160506638 0.02292524820667477 -0.03113864221456224 -0.27634559173003026 -0.1229252321093116 -0.30187389389075314 
0.22282349151075193 0.030100789504037998 -0.2245034166394378 -0.18814978416416855 -0.16308021672408177 -0.1296604859987801 -0.12939546117575004 -0.16801550429542592 0.12739362442153804 -0.3442080507666492 -0.1164502186189435 0.19472050787349574 0.33574166092948193 0.2312740961589037 -0.17662442527952754 -0.1821066853884207 -0.22190453226786475 0.2841867744669605 
-0.26706786303741487 0.17593646205209096 -0.16566816836148426 -0.3219006282023098 0.15882731318464854 0.15382358284547887 -0.41168932260338487 -0.14813516481353908 0.3330497060583871 -0.2266391253239385 -0.28418699436437306 0.1106814190748491 0.3655928106738189 -0.2894107536867607 0.00870137790372019 0.12476210276972617 -0.2242612640172479 -0.40544195919292525 
0.32535411316799157 0.058306597266206836 -0.3132798073099124 -0.3086115811392589 0.08816479792353633 -0.23996568528454873 -0.17202896952764812 -0.295005025204235 -0.2458589163859509 -0.011905365708366677 0.007684371353130878 0.009013661771140052 0.45895943327954053 
-0.2967067165852051 0.20369538810835577 0.23418255653835762 0.06656238711745949 -0.02908298737676864 0.3155714081757227 0.26220717011888545 -0.36183738332596194 0.37277843544983597 -0.3972751876367538 0.05728403760711858 0.056730816472625185 0.2672641478107668 
-0.11687988246921316 -0.3419143032881484 0.01575495718937677 -0.4213788955151268 -0.11902752292212997 0.4237026241710954 0.3525938753283537 -0.30702400931067425 0.318770895822871 0.21947634668492383 0.34413830422329095 -0.2194528919841178 -0.06277241563006607 
0.2616068966113133 0.13216706199840966 0.07372413460998374 0.11988508428388839 -0.20799822220422678 -0.3822455579109058 0.18759500900473552 -0.13687186018755262 -0.09698086546691449 0.08853499987884486 0.12403199100888093 -0.2369010337562102 0.26045515073952463 
-0.09423764958558664 0.10374734895863699 0.3756052349811455 0.050705663829813404 -0.1111950120533067 0.0935831914545219 0.001394249907485985 -0.03720979976587797 0.18437614281256823 0.341098004035922 -0.016150763808704158 -0.3306276752794998 0.05454092902012454 
-0.20278824466020448 -0.370666280259411 0.22961921168485774 -0.1803096570227641 0.22063305474288197 -0.009178242039076826 -0.14397168922524423 -0.1471093829827864 -0.3686491583542393 0.026841265342096254 0.2584334367508436 -0.3341889548669042 -0.3139431729664667 
0.1273074298237453 0.11979534260734702 0.13654412128748689 -0.19771551895348305 -0.3760506595542418 -0.10856047063269768 -0.268711347721519 -0.4826831990544917 0.17147099150815073 0.4383948711930324 -0.08554394993255955 -0.15813652401257114 0.07847886895948458 
0.2544347289404425 0.2350392748962757 0.10442548579601191 0.031712546966520413 0.0790089358081445 -0.15802626619149202 -0.12589996409637375 0.33394478869225946 0.3389236098360944 -0.3336025614760971 -0.16154261446385168 -0.39820864482125706 -0.16355010602267087 
-0.22600604813724953 0.10619133949879027 0.14968846516524284 -0.33814117431685065 -0.34336400007207446 0.33020278887578436 -0.11307007236889552 0.010891223561252949 0.40735909453085944 0.21140666856974638 -0.13787469781852116 -0.33258352546882647 0.027803733833945 
-0.1639850062888095 -0.39951810932029475 0.1809705035252247 -0.06677773994137397 0.02788557886008143 0.2593481577371672 0.43194990448316356 0.13258978591645695 -0.1604101925244745 -0.3465162638116383 -0.3423897852066765 -0.14256412206214494 0.10613297520602634 
0.15447965768628139 -0.2329840615438313 -0.3350923787822801 -0.15394714099735382 0.03717117980654404 0.2024811224160694 0.023129392835315826 -0.16885090661529756 0.09772591233600163 -0.18671159357004571 0.12045795770977995 0.27340089900970255 0.10948765319528433 
0.0960629943677338 -0.14408949368271134 0.268400840487888 0.4766945201152383 0.19703512763444672 0.11129974718597554 -0.2585773294994512 -0.11330651345031997 -0.1232195318390116 -0.19108386509607847 -0.04225582817308327 0.08696015859841073 -0.3022478793575421 
-0.22110039551275676 -0.3236517550391666 -0.2143614553796687 0.022340411681269344 -0.03435596845762082 0.4604236856216252 0.4581398649187145 -0.02539514218417205 0.42073698573491003 -0.24783272272144155 0.032107711862203465 -0.03637842810191718 0.38550415028605156 
0.27989317175848893 -0.2670352832029828 -0.04730032258023273 -0.31447268544229656 0.04724349568562535 0.2352441160768822 -0.40477110776001113 -0.3083715051016925 0.4327703050172495 0.43069414195886396 0.04425637653653596 0.1151858273312245 -0.17747328995131526 
0.3637998749788167 0.13412161433957956 0.1317461426651791 -0.3941658118189626 0.2824458585447591 0.22165189986171002 0.1462662711940054 0.19125011865243036 -0.2746499107662629 0.17349054112855508 -0.32357557331848325 0.16396670426590954 -0.40116615963340246 
0.21993154662564768 -0.0065695562673417805 -0.23569141735485644 0.18193536439597344 -0.14580234928956398 0.3076932585446839 -0.2553487143631874 0.3526488458029429 0.37918438666928184 -0.15477110831658927 0.29022744771754644 0.2736304350353686 -0.059063209742705736 
-0.09394035661418527 -0.17378535216508895 0.39775171097564627 -0.23697813704367127 0.38411961454828536 -0.08594439116748669 0.344953377340366 0.2531836950929106 -0.30289164939391305 0.08847150843852274 0.13710809737876198 -0.07391686663728571 -0.40761188738668297 
-0.1614918744538688 0.2934108428203217 -0.351517416197881 -0.34305327390959534 0.1725049777352592 0.016358211438270574 0.020797983067761806 -0.11465194618837352 0.106428807219587 0.3198264871008511 -0.1769585258727415 0.2757391956816153 -0.07725839631258433 
0.21939705320575997 
0.014822911178900326 
0.43620272458017667 
0.6719282156404588 
-0.017173700391589837 
0.37371363617949366 
0.0632846767858912 
0.31009204796041595 
-0.3492990826188339 
-0.543021512840795 
0.5803693782115934 
0.3775153371272664 
-0.2709501127794815 
