0.11536159457715281
-0.11062039287959786
0.15149727948863434
0.09951302303236495
-0.09593179873443398
0.05510940611930751
0.15575305461271466
0.27459883075653935
0.44930954519712407
0.1381187535229638
0.12320173689671768
0.04668157940701913
-0.22974734465144597
0.1111144230989438
0.15654396950614985
1.208953259931765
-0.027329133666198744
-0.07281036952433512
-0.09618120254630066
-0.05159381339338252
0.16266244331624483
0.2727616252434363
0.2883509773760195
-0.06843576201678644
0.35180153766745675
0.13495469406231195
0.91983957719927
0.03440519159926534
0.4766027214752495
0.3429418378083059
0.7292602669789654
