-0.05149658693606849
0.01663814719695153
0.23036716850964467
0.19049873695159988
0.050364278150311644
-0.030204843753761507
0.3726724772997162
0.09073452132040846
0.03071975395475728
0.016274921185470533
-0.006369461022448112
0.1982650539260918
-0.1262988406666197
0.0009760727875844355
-0.15526562976765812
-0.04762549003530567
0.12742744161763575
-0.04197090103520191
0.028099664414988016
0.1047759249622874
0.2694568733715017
0.0783495866109222
0.3141468724384718
-0.296234115648604
0.2306284506595671
0.3131427833077844
-0.22979249757977194
-0.24449986247873784
0.018079804294694028
-0.1820429601767563
0.10945090921154212
