0.28842830731074637
0.5303138803584111
0.15907816057742694
0.4087006258709936
0.2460448728942397
0.24412700199971601
0.4891040857625129
0.07555918731098439
0.20979724564762262
0.14485747229376508
0.3916511368934322
0.4140093215503881
-0.08024702781848236
0.324292986886834
0.08493659344581532
0.27503567775948407
0.26733128546599566
0.14027150988871281
0.006704084602797721
0.3244909160988793
0.14544486829270228
0.17314992965054724
0.27279948249677727
0.4990720824646236
0.2932455063192941
0.3576505990121618
0.1587644897184565
0.11243600635508788
0.09872535701947582
0.13367848169112023
0.11727592430372011
0.2640817198702262
0.33970537434179077
0.3486498420665012
0.25462066718179766
0.19426243029425685
0.08015054894121683
-0.25046273291033977
0.3182745651265096
-0.4902600853624412
0.3672573094615687
-0.24314203810787424
0.24101194110171648
0.11809956944947324
0.730969905973085
0.3855809278933895
0.15898648781979352
0.21892336671303697
0.024083308640563624
0.6150010649990891
0.3613809559301012
