128 30 20 1
-0.0058322590578801115 -0.21700097128689125 0.2766684009040217 0.38006985112897357 0.52271851165768 0.5295405526508219 -0.3937715940522846 0.27722197492283723 0.16252055383218902 0.34612346840793906 0.20887184944381348 0.3584217970757378 0.2776842194137398 0.2075389302455742 0.2669565199918715 0.31142146240883517 0.18712681122579197 0.37939566640003913 0.09409926688619996 0.3216212796588328 0.30597665221546905 0.4633791286293565 0.3563641424526015 -0.41800691859538297 -0.2463704549516326 0.5112727638975677 -0.08028378933499183 0.2702527821565411 0.23866021643344687 0.550107894348521 
0.25734243208273655 -0.0992982960684962 0.4972979149624926 0.5004845583612425 0.3125254847770546 0.20272032186794794 -0.07306075759678234 0.3983265279978244 0.2716046694188743 0.2482097949225427 0.3413106155956095 0.34803198440183136 0.09609846097006135 0.20101866870885585 0.13455309715978436 0.40091635950683363 0.3922071961639685 0.2559869495853578 0.06714091094921189 0.32340039981037194 0.26280642803536297 0.23028458374065958 0.3712286333394893 -0.26783786059791104 -0.10846816066519811 0.3326493193017536 0.08237888175778615 0.45876210549992325 0.3439654283765495 0.4435597649893549 
-0.06548485087554697 0.011081438154376629 0.4299364829108986 0.519706394312408 0.4314717808227635 0.4705987805894491 -0.10029996609385086 0.4017131604392083 0.6282909146529853 0.3784557870443043 0.5681873101643238 0.5593463513700161 0.45702849764136655 0.400908633456546 0.401623864872444 0.23269884477340694 0.3310498825130394 0.3562134547897664 0.24379641914442757 0.31690347127486457 0.3744881359213025 0.46604217531980885 0.38930149054371677 0.13768406233551536 0.15016274218321476 0.5247431467959757 -0.0926025268358537 0.40951877817707694 0.5667550843569731 0.629250468354457 
0.01690964886721741 -0.0010698207050355035 0.02973658922004835 0.01875838799745538 0.01088748451330494 0.03914183259368127 0.008716212676534675 -0.008747207620950928 0.00302620246510816 -0.02515296026935737 -0.025650287080839093 0.016845803265489387 0.02304257021265235 0.04753742639704876 0.03083782355047863 0.002458024299800764 -0.03862196313380135 -0.0005934884178412807 0.041094785812160986 0.023340847466728966 -0.0008002771460299098 -0.0025263185038222682 -0.02271925345079522 -0.027396148045496418 -0.04087455037214347 0.03620296174982981 0.009232760888159905 -0.031554022495498775 -0.005192197107837408 -0.04439360714722958 
-0.09136922992286098 -0.15119915498508718 0.4126907923160698 0.36922151534599745 0.28638562337059037 0.4328387943897892 -0.012125508791039309 0.3624179038216942 0.1680899527297815 0.20176609298579215 0.22694892690930818 0.5532819961182598 0.22579316708482347 0.42526778512797964 0.03436941365951027 0.17860602410258986 0.4449910867523422 0.5075761275598296 0.09962232414199179 0.18329152984708477 0.5312207959002788 0.27668421625818423 0.4731655814542866 -0.30438112590056415 -0.06895794759231098 0.5300204293112235 0.02731714875347736 0.3211472258233574 0.3708424106128811 0.2417959020388629 
0.11926816997965368 0.008214962146632988 0.44534151882617945 0.19687397994362646 0.47239606951417806 0.44339876167936004 0.19693541299384726 0.2873472556821779 0.17524683344942196 0.20869735694884858 0.470918201147302 0.49940120466814614 0.18821205478530786 0.24082549696339303 0.01692570482073037 0.35548872254663894 0.4691841194288868 0.14202868539481744 -0.0013118966330104562 0.43523828525297303 0.4669204906694074 0.2081575725898591 0.23955281080765806 0.07413475328350363 0.004128516548870784 0.19611430522136308 0.3084916209654358 0.33541744174238425 0.3362933097103165 0.22667173234059332 
0.2542059387854951 0.22541067346627547 0.016842550137117596 0.26055344793391555 0.14185890388290198 0.23360815324882792 -0.08553011167788524 -0.07831641118952588 0.15970240442936343 -0.008757844033892737 0.10101278733710142 -0.05909139514912224 0.05879286282577201 0.02588373300359301 -0.0718012491470783 -0.15420115165366696 0.09532249422084631 -0.0894071501799974 0.061697746228388105 0.059964195558175615 -0.07001860889400416 -0.11067386283613628 0.11400657704609346 -0.028135100139532455 -0.08814509273391723 0.07299106600334303 -0.03070835855608689 0.1035793315982958 0.044684577263107345 0.04378675048098681 
0.16992256347064463 -0.08790761090862659 0.30620202764418253 0.5150889789100146 0.26605133419687055 0.2833133063031003 0.08070964574477682 0.39371287238439356 0.16060636291849442 0.2062876915750985 0.38342640840572717 0.27505191563641224 0.3157960303846877 0.4338270289517514 0.30902253398038587 0.3699334153132013 0.3516141244884819 0.20073259748652716 0.20446958955260472 0.32990651077000765 0.4596662666833688 0.2348659986265959 0.2997394755973363 0.13474579062920564 0.10434467008306349 0.37604967970919606 0.07073859914084385 0.3098412377064853 0.16870784190017313 0.4759969000714415 
0.07172189752760122 -0.2118176636966744 0.1642506638275091 0.33580649165273163 0.16981537395498814 0.26650125287180165 -0.18310037370996443 0.2081493295397879 0.24544933580122752 0.552905337744224 0.5652719178648987 0.35600423541519316 0.2846297848823539 0.3358058094130219 0.12582147176678798 0.40263629775207616 0.2344065262081283 0.47185835003683746 -0.03471710712797356 0.48671592800287516 0.4473067454330449 0.28777993044124517 0.4366129953856987 -0.21885341348280882 -0.10897957288842533 0.23906230968114572 -0.019436839049547402 0.511787141257779 0.43866393643716695 0.26362432591470286 
-0.13137103705457195 0.1582505436836453 0.259302111062786 0.18645159134884934 0.42598097469970186 0.3224980573683173 0.07986350551531025 0.35299592440457445 0.33236469551116987 0.2945139066467335 0.29229629860718986 0.4888207475078559 0.19316177135442847 0.389156498577519 0.2802055311302338 0.15696224706740894 0.5104855873359982 0.466675681346056 0.1808915997618081 0.3574981033412683 0.20851101494874244 0.4079505041978309 0.22291890169458733 0.10750861933929813 -0.14426840438782307 0.21433335408558224 0.11680941103266661 0.3365118682534393 0.3209037437482927 0.4746027406926588 
0.4712146086284171 0.21380492891065578 -0.2142326174552574 -0.16927760713194803 -0.15277863756612844 -0.18644388768676232 0.3753980532290352 -0.062341663967898045 -0.27345692775703134 -0.22523024101079245 -0.1433085976927643 -0.3682527581539803 -0.41713479406983706 -0.4086999295751308 -0.39703535630747727 -0.5120724356142127 -0.3169096817847315 -0.3157827006628922 -0.30503870235557334 -0.17480193765218294 -0.08050412080060927 -0.35511376104934766 -0.07181858471458122 0.29183233698920164 0.3929429630804312 -0.1839277591692726 0.3855831249160714 -0.3183597690923286 -0.11265347288032873 -0.09499715497174151 
-0.05689553158731574 0.08201857480212997 0.5506610037280436 0.20688087856459095 0.30257516242009935 0.47203097494813506 -0.08891443531333246 0.48513619087648835 0.36499181955013443 0.45797193728680224 0.4096426153707591 0.548909070830569 0.14554205555831382 0.329188769991677 0.04407896054425055 0.3001901722774154 0.34795266353348453 0.5436765581214961 0.3918690205458195 0.21848660734180753 0.21978330970719503 0.24215402652129187 0.26431902614758784 0.15031486730828153 0.010937534539755085 0.4153449575164344 0.13780000715700863 0.18710646441263198 0.2422836636193927 0.5787647154796214 
0.38734296092555187 0.14919173174955683 0.193873257347609 0.510509783747651 0.31777707897165486 0.3911537509542151 0.13457177758522612 0.288995640014343 0.23805838968987594 0.29654607559804164 0.1669918832858113 0.40338581120755546 0.0260181978712482 0.2997711734951034 0.13092878327126026 0.3129843178496889 0.2626105266849111 0.23843036576222817 0.21182816102766425 0.2781457199042494 0.20855686641168628 0.5250384855444742 0.15958859926585053 0.16657959560134838 0.09401846074404045 0.3179104739734565 0.31161289604203446 0.3173705564147837 0.3330370930912835 0.31769074703362254 
0.19437872859592795 -0.23680210482441932 0.3903071691629537 0.23831941000846815 0.336259049843685 0.39132813115051746 -0.26364929545399535 0.42870760631339 0.25725250356630763 0.3916865111860393 0.4240303059331663 0.4711906380828732 0.35991513155956245 0.41201285153069855 0.2034836852169412 0.2845670337929839 0.5366809329240978 0.3283215572077674 0.3093967504850456 0.5702618680169127 0.5768011144350286 0.4380596887566928 0.32529871564065993 -0.1520511600152364 -0.10127992806643106 0.43199757240842845 -0.2027503022408322 0.3849500330025225 0.14748991663803138 0.3204514395859135 
0.26720304153008456 0.43903439731691596 0.16812675778535033 -0.09267441325221625 -0.16805445201005023 0.11658641721022134 0.4925715843055753 0.040320353318830965 -0.17801316217817517 -0.10633274924187248 0.1083649166064928 0.07532536100818245 -0.043148676055280825 0.14150580140401808 -0.4197659961122935 -0.029142105607389366 0.0065987366154836285 0.009147322999159487 -0.30484446217075567 0.1987604985775812 0.09786681264857042 -0.06792983066291503 0.10204049278848394 0.4485985595134416 0.5137210113578634 0.06074829473539227 0.24251435103140306 0.13777413981440353 0.11305712242255854 0.12269388447762745 
0.02936767417551385 0.02383809560144628 0.419248575060772 0.21388770383753944 0.47887791815975866 0.3643664568610664 -0.0785447176509941 0.49183191356772576 0.2744126439528476 0.2222292910215969 0.25139496750526935 0.49392467656004524 0.01925053965720202 0.38845644989208855 0.20436138275899535 0.09290187972741391 0.33639334481438776 0.44646561149035935 0.1167294976253613 0.48230415424851775 0.312924808475261 0.3560499640286877 0.25737481058921224 0.06986594025092298 0.21918372992858348 0.4104830605314331 0.016464379337239276 0.30215458815618634 0.3020178031512671 0.2260772194536203 
0.0005579758618707656 -0.014822527885520248 -0.010727450764306064 -0.012423532610203243 0.028810352245408948 -0.027600439613190305 -0.02071937354143489 -0.028930595807916706 -0.04947929840956627 -0.004414930364804293 0.02996422691192126 0.03760097753251711 -0.0006756645893829804 -0.004698204893040789 0.033020923512884826 0.0015660087676476729 0.0027675562276492814 0.00997242649539623 -0.040033741229705024 0.029294639194839385 -0.03645289740083267 0.0017879503611485355 0.04082284236603767 0.0027699944884294445 -0.010674716602058843 0.01694027088007318 0.03736523037768384 0.007376707340764471 -0.043408348921260706 0.03440336314361994 
-0.16808735523306642 -0.13231357575073843 0.5008974880975945 0.23669419881881346 0.37566855054350656 0.4472027051046709 -0.3043706275783458 0.2816646540629465 0.16227824824603576 0.2282098586215314 0.23441061782464184 0.28373851737773137 0.2886655857424856 0.3617930033818079 0.2504033898388515 0.3275469025337653 0.478270868957053 0.20897513943559123 0.1771589624929012 0.15936721552475624 0.37963561869147466 0.46208793071860865 0.3604093007505851 -0.24494793919377564 -0.2200424350510845 0.3504279043478892 0.14467694540069076 0.5522441226410131 0.3712586674781348 0.5646384973669606 
0.012131691350431578 -0.32772083858405404 0.4081593565120628 0.55513266368371 0.5456832201829219 0.5383023132623712 -0.2000217558867562 0.33444936326570346 0.6035942802803088 0.34271410223378046 0.6431744618332287 0.288951928264865 0.49693423170754714 0.36040799057949763 0.41241007971297344 0.19912542849635195 0.44142184364250736 0.3516921194745304 0.37170942235322313 0.5164664086278707 0.4414577015179087 0.5361075948482024 0.6575710152326818 -0.26579331361023634 -0.08933511910089274 0.5398397215274273 -0.11958449825247669 0.39513176324396476 0.5213046590297578 0.35195227263282663 
0.5226526037762774 0.2732634623883822 -0.05783337290439694 0.25080933715315035 -0.04186734656059432 0.2265768290264412 0.49293420921702275 0.2680172531794352 0.1798801826306846 0.07820306316780225 -0.018988966241522773 0.0312075280199847 -0.2981651395853285 0.10513170791506293 -0.4209432783706632 -0.12517795026156464 0.018519138281088112 0.055781814859430075 -0.09641557530719617 0.08204278209558644 0.13061837624639655 -0.06924246165626192 0.04981019815727387 0.08264792126041688 0.22259832705201277 -0.057825514986067125 0.3496769322690056 0.1825117890274166 0.024884886923708837 -0.05078157970249251 
0.3188864615405819 0.2562482523845585 -0.03132799426414254 0.016841127827762745 0.2712520920006665 0.19769465567769998 0.6911496452366779 0.18429507179979832 -0.0003281770694334623 0.2526971064401046 0.08341713407017926 -0.01564026670227322 0.011479796539983548 -0.064456939993739 -0.028707845417093873 0.07770607485978474 0.010943882872653873 0.0555998677214947 -0.01125342032245366 0.1441215030572573 0.12841426684406634 0.03851470112392946 0.019956971537263408 0.3278192434671514 0.3476814467820989 0.18272632085491827 0.41680353873508913 0.025518002284239394 -0.14098972435006918 0.1683696898118628 
-0.1479132341174346 0.10113785499379117 0.2249340681576252 0.2744601658371196 0.3870106696679875 0.4772977953299597 -0.01705429327573084 0.5120177293977871 0.5034821516471207 0.4896232211775592 0.5178803653355722 0.27338479468786414 0.14264152612228181 0.25829886125499735 0.058958816920265986 0.2712699774688755 0.5042328186942403 0.30141226417131484 0.35008660696857824 0.36999790679340216 0.2786505473210166 0.373457692483725 0.404307683134255 0.05947151762145716 0.014855112786718454 0.5922523818630178 -0.12409022968477543 0.32395148889035674 0.4832042659387466 0.27855381246871397 
-0.3169402263357751 -0.5063509854719769 0.6877123535550606 0.2920382928522156 0.5497576261487637 0.4958999692715581 -0.5278148516709739 0.5614703447403013 0.5599903729066908 0.5843047449517005 0.33189974019923846 0.6144042496987843 0.303111747582147 0.5425137711301461 0.36210382086787885 0.23702006867424977 0.5915303184566605 0.5007395268606135 0.33003822987983994 0.525040442985833 0.49130080456991954 0.2538039453420377 0.6658713478438738 -0.6083868319053126 -0.49469081888055855 0.3397730295924647 -0.10324520591806413 0.6604918808812176 0.37898268707693655 0.6130151534367438 
-0.22559319975700307 -0.3814182818371856 0.30648068348955415 0.3255708831879428 0.4267798174123039 0.3354478992970656 -0.5252219784602565 0.4894639102551727 0.2954420947712756 0.3730602880895316 0.29881201770818544 0.2300682469300657 0.31004841823028084 0.2943235462675526 0.36031586569268564 0.11562416736698164 0.5238687748339393 0.19757981027106142 0.06488007306898574 0.19299320783227564 0.41936611016696684 0.2933166399116604 0.3368982531138564 -0.09128144842086439 -0.26028501035960716 0.5913073281664329 0.030980143758821733 0.3422738792966119 0.3719885708262729 0.2913752498121584 
0.11221185919324668 0.25272771186228143 0.2881381758949341 0.1504849223693703 0.14967223990298187 0.4125616544694082 0.3055691679469222 0.36638941820489995 0.14655322015473748 0.41823441516364884 0.3478214444655895 0.16159887525961422 -0.07471981776409205 0.26910214488592626 0.14130152393440235 0.22441442473278325 0.22608935761438756 0.3627579785729137 -0.12837512155547598 0.33802897635743695 0.2804031877090471 0.08438057399645858 0.31694211078243434 0.14007384518529561 0.4062567550524731 0.4056413337593638 0.12016499102281884 0.35871191001554265 0.11216828918611664 0.374269042494014 
0.48181681062523113 0.22121798705272133 0.011263608313439477 0.2633904218901062 0.1813105466649045 0.27403477499689727 -0.039161331442063727 0.28684189965857865 0.309930601320121 0.19975527828156586 0.05144889330748859 0.3357920827500925 -0.03794741281794256 0.010233881593046858 -0.14168806896699532 0.21236201906618685 0.02615563716219545 0.18406490478431148 -0.09594598832972699 0.32656188152618815 -0.008271757014574836 0.11624620415887979 0.2718936518966247 0.17185370695209465 0.10566021528338165 0.26782511415344534 0.25862883536788484 0.20937332893803517 -0.04386765201292371 0.3180108438259138 
-0.14135439555767432 -0.41167640705369046 0.5204092737183229 0.4976232642633762 0.4876179773030154 0.25326700649886924 -0.06749735463680923 0.364687115669567 0.5034120796796446 0.32005095453621213 0.3788130316598441 0.2597471764975648 0.0571759526610404 0.267594170392376 0.28220613723247384 0.29061254848962875 0.34390493790914667 0.5663676444666121 0.3261923064251848 0.5835828135935781 0.3357501417120425 0.2605676110322229 0.6163317295744499 -0.5198556647420661 -0.04832673832489827 0.6244315505257043 -0.04850707888378977 0.4538101179163676 0.2741646225898601 0.35227990983648527 
-0.017028675098469136 0.13749525518623296 0.05923421893912992 -0.022512100631160322 0.23318543227540284 0.2759422681364837 0.13462903739739313 0.1134883516829196 0.18747038343777525 0.07548212589520537 0.022385449235491513 0.19647253658832198 -0.1632775686153012 0.058987292834656355 -0.11691378182808251 -0.09436664724919099 0.16064513788305718 -0.029244150538435144 -0.08721912944947771 -0.02843511970936512 0.18832454252075032 -0.0927733762602911 0.2560739087920151 -0.000736236465139419 0.08400531693137125 0.2176281189915301 0.14959303673307045 0.05847153301456308 0.0019053333064015944 -0.0036813505084457416 
0.4878034268840711 0.4072504253353774 -0.05988437620670376 0.009712324651665464 0.1594387093970265 0.010806065937777757 0.2764564340319471 -0.18203592336096974 0.0399263244237337 0.00023942003857342503 0.027671625363710754 -0.05349184416689392 -0.2874995370693303 0.04586089906509106 -0.3141126376402531 -0.11986625859125995 -0.020596776319362065 -0.1551220032736715 -0.15236339608745916 0.16667652567185237 -0.2027126390012741 -0.228502460702771 -0.04632848915152332 0.42675262420965376 0.287691706476489 0.16550013635625813 0.22861862712165532 -0.004220504226348455 0.049240657242055015 0.005804069786636439 
0.11225868558757077 0.14836343476896513 0.10853047276051624 0.09582431119271931 0.023451161245374035 0.020119803316462445 0.26398802413070144 -0.006544990729699713 -0.04094051852462841 0.012805934235926101 0.332122696340635 0.280105469366939 -0.0965887538538669 -0.054853832878481404 -0.1806925249798489 0.17961950157076437 0.16479831091919658 0.26703447875207076 0.03041596004672352 0.24932909694951225 0.24785716175750186 0.09324078067137744 0.010837260719474582 0.19307709829853245 0.3264893984514167 0.15210415863015547 0.0504068515964713 0.301171768018131 0.2226108279252627 0.2543250491511645 
-0.22373942486202492 -0.19948126641250372 0.36700613681850053 0.504009200917585 0.6436552032311429 0.6619006177470597 -0.1971212665223727 0.5170659036488191 0.48966440696989544 0.42685984283477796 0.3550881032746565 0.5979472020141439 0.3862109147754124 0.38815157236375114 0.25972705419270026 0.28049182136901785 0.3554553828835395 0.5269019860064987 0.2724511815474623 0.3937006741426503 0.6018035059867101 0.3061453651076843 0.6587734513883526 -0.23602767275985065 -0.06831595165394176 0.60816021753309 -0.25345123772171707 0.3077981379252492 0.4651040370925877 0.453929967846163 
0.0516832604974074 -0.03601891595973661 0.36164619746577537 0.28645825495969574 0.30062685990616195 0.21710926926508836 -0.1729057470902694 0.3804651439872834 0.4571506352311487 0.1655085340086643 0.3978570339863966 0.3695176338237478 0.2510062648357997 0.18034401722616789 -0.004851061217418679 0.1363904108600346 0.4571199679328456 0.4388529044240649 0.17051090144944758 0.22547885598985015 0.296181660079542 0.18922936816942248 0.4047019655504928 -0.10802112024167204 -0.09574642514939792 0.4558458699837309 -0.059153740983100694 0.2009882954926602 0.13612906479853648 0.3615214537327234 
0.016403282200470173 -0.061679293552065036 0.42686324631051953 0.567559338837985 0.5001093142118496 0.5582805226552487 0.004716583925098605 0.3087134386991033 0.2675025129423755 0.5318036793271058 0.3888645412684389 0.2369325403825696 0.23621176561110369 0.3137794440430638 0.10911600628086603 0.4641433017393658 0.38812312886088285 0.5640025067256395 0.13166011329338084 0.20749126674671822 0.5579429253812888 0.28882135223101874 0.559505079786852 -0.00611614263277462 -0.01321309026536138 0.27692166344284097 -0.23827465442766144 0.4691756685787083 0.4712126805811025 0.5306240983236084 
0.308665374860137 0.2911877418945664 0.32949389821959446 0.1215880176706867 0.06037265835278896 0.1096585894651633 0.14070915136397963 0.1507763754038157 -0.03361588465556556 0.049382134343266194 0.14578314450046317 0.13178554467288506 -0.20426113026489245 0.1703570409320067 0.041417655606145444 0.2486425078628212 0.16284526251679796 0.35242389363697296 -0.08017985814269357 0.16689830132800165 0.16300040117171882 0.2621165836078811 0.29609832969577277 0.10576545962446347 0.020571880227978078 0.06460407763400959 0.05638505587031868 0.02761491203361226 0.05491805498007971 0.08595104377807328 
0.24844086501916762 0.36818215108952235 -0.0030462274619694842 0.01992227273415804 -0.058747562835899964 0.21594042237786432 0.3933839462896808 0.08569319658538571 0.14173181543097887 -0.047058762355475056 0.06180797443069698 -0.03586360238125147 -0.038976616607825386 0.008795326300206605 -0.060048619444409125 -0.011714746553623204 -0.12181204765142237 -0.05936952609739247 -0.10521481092998962 0.18156239028407348 0.09197791884176401 -0.07453070956802633 0.09091326315447094 0.3235066227899904 0.3550367384599946 0.0664387213752824 0.002386108586797045 0.1931682092173079 -0.20532487783857892 -0.02120685812970341 
0.2599862027580996 0.06472979635171583 0.16702864678563864 0.12509766564945438 0.10541138113513743 0.06809498021077748 0.2959903790515057 0.07006876714024075 -0.0642026150161648 -0.005276952179469953 -0.008060023928727558 0.2739565644976744 -0.15416238667236595 -0.028365106072071815 -0.1035079532123715 -0.0134869469482508 0.26521053496298075 0.20586495726964008 -0.11508912342132355 0.12658935034773633 0.0688558378823105 0.07006703043652504 0.2148187822813975 -0.2548572949703793 -0.05965757878199157 0.21951955194433626 0.18268895936365412 0.1601056805693508 -0.030533880300409984 0.026642384860400242 
-0.16473545424432368 -0.22427725682492314 0.42759514655523956 0.43637776484889884 0.4196755758177193 0.3892995124688017 -0.043738648379388984 0.3364947701652595 0.22135865088666454 0.22545409150635926 0.16071466745057164 0.36911215238960154 0.31734946150254756 0.3417824078484928 0.05762907743321975 0.3708926386720712 0.42598968047002445 0.2667027301126984 0.221510972563216 0.1623037481693469 0.3598917941884156 0.1316747084547407 0.28159380654595567 -0.15215537850846897 -0.1732201265844647 0.27907606978289456 -0.051279931351506804 0.35656728657405956 0.4201557220815565 0.32069097590286993 
0.3023514825170924 0.318767355581308 -0.10478845872065708 -0.036497405489883915 -0.047662755800367204 -0.015372557167571277 0.28095927400258064 0.1482861784382034 0.13833193249633144 0.2168954304736443 -0.012692923884238524 0.17498099003695686 -0.13552117517573103 -0.022361794007515926 -0.04072611423533845 0.11743311285557084 0.12425207495810371 0.1440187606730799 0.001452561095166166 0.027151813589203603 0.2181149568799927 0.034632981994017285 0.23432952509246782 0.21112782524534557 0.23044951827272164 0.30164419618946353 0.2367277388538886 -0.04291938317244116 0.019063116710728578 0.05086681682987331 
0.5662430748213384 0.030570793060965204 0.13189205372136784 0.14546635366044666 -0.024202141582338327 0.19066854285368884 0.2608483381526977 0.1012166739024784 0.24263917345572 -0.04269826528949604 0.1856963953058651 0.039726500748337897 -0.10405382264280041 -0.008757705319668244 -0.08665690849530566 0.15680727740998435 -0.04310276052966295 0.08746947616672425 -0.09435081597111998 0.019949579152830296 0.06441572672519566 0.2140526969528015 -0.03578946699305005 0.10882193414542449 0.13030522324146468 0.20191057328230655 0.18868172905497402 0.2865415447433089 -0.16694080111314674 -0.06627795493036616 
-0.04839191204694647 -0.16530846763073756 0.0006600524676510905 0.21405913005566404 0.10440006080630611 0.1547671428162662 0.1829164363838761 -0.045832407145961526 0.2763667915694874 0.13311611798757553 0.17770689713134066 -0.08758973136572973 0.08684580691611203 0.013041975128032306 -0.27453924998910156 0.11506238106951905 0.08419907952416321 0.26605976169541506 0.12318324307535213 0.05446970090386165 -0.017952726484214185 -0.013233096043918745 0.3168497104804041 -0.07895956575195008 -0.13322329193868837 0.026481722982680613 -0.2873786206329863 0.26847608593106403 -0.02564247423327772 -0.07569090733993772 
0.1843748448017256 0.28602705652837807 -0.09655542334067505 -0.15569010320907453 -0.06369495702841495 0.1171276295435022 0.2214304568745006 -0.17889884964755787 0.038260442080594675 -0.11431746184858858 0.019459989720779693 -0.05093400882083043 -0.37134286035552666 -0.10185697844705122 -0.3384880295002708 -0.05778269555438663 -0.12350983032852678 0.19035731518268847 -0.13720560108895172 0.08464918914578286 -0.09260742557601992 0.09018538473777941 0.18614546686292419 0.08051051948728359 0.04321702272400382 -0.1428842892030087 0.08023893867914489 0.12273880419912284 0.11973100392668581 0.014559649087871206 
-0.30760264921385244 -0.25583270698042954 0.6140289716702227 0.4827668947387163 0.48446922131561165 0.45955913083018196 -0.325146104961734 0.43961477358633566 0.2909934966770216 0.6138963373820439 0.47869695675748414 0.5485983616580663 0.34170302827489885 0.5458545409672597 0.23554283491453337 0.5687250589765532 0.6598658781497901 0.31771606433025656 0.34445962475345154 0.304077181139125 0.5700433629505608 0.4415348735504496 0.31934918155220643 -0.17732916506410673 -0.23006915684695128 0.3948898895252604 -0.27632895765040955 0.2988166288825069 0.45772208606711795 0.4181428512584 
0.061342340539313166 0.1591987739853323 -0.15532290834176607 -0.2895589426694562 0.027686635233127154 -0.12317170769240887 0.3870885835713662 0.07964524025509256 -0.025487248082751893 -0.07517609613436672 -0.032505042697791024 -0.006675111684510141 -0.17015900847347534 -0.12646077599672115 -0.09661676802467695 -0.33951771038582906 0.08207166283673445 -0.1999804982355661 -0.2881605410306328 -0.05429368817531477 -0.1499969379038728 -0.1689596075657416 0.0276111076815658 0.01121940022551164 0.04731526256268317 -0.2925707988099179 0.1997834879119013 -0.1468577011461178 -0.11815135175384496 -0.1510212465896045 
0.026795144534991978 0.29654447181003 0.20447629788595872 0.17853303451539826 0.12931881518016525 0.3464238759992284 0.22900676546781415 0.05853962127343209 0.12096736806831927 0.3778842976062625 0.11957436381908883 0.0735386017632668 -0.18519552725238483 -0.028300928428927574 -0.17706622918515744 0.0848307431772833 0.3615733727238439 0.358783994512545 0.03932604594175029 0.14932768935896726 0.30324543220980493 0.009412993931678174 0.3080192180676332 0.12006413126472042 0.19528622778972707 0.1437878703628369 0.14156143766493398 0.17452732550211777 0.16651481269538201 0.1459956156477276 
0.2660777404793451 0.4239603099958511 0.0060148299435080895 -0.07168989698124108 0.12545670386378874 -0.05526703513389814 0.45457515152980116 -0.07195489699878929 0.11580934185723007 -0.10852046184868386 0.004005580726912434 -0.030135557315859773 -0.11243773609592779 -0.2732409772831585 -0.1992046952813196 -0.18126454668603922 0.08213827297309516 -0.1725702228011143 -0.22302989296753395 -0.11463859544392252 -0.175951185128005 -0.19245299258006265 -0.15519778930276532 0.4435850571105337 0.3400804435518709 -0.09456214215165662 0.43510592625423705 -0.04789699537215605 -0.05956750753514086 -0.11416430737072686 
-0.16905550761168164 -0.3072321843132751 0.28316441165050826 0.3268072972025179 0.4201566681098716 0.3210818856225386 -0.23025208280187814 0.24551816747526908 0.27758609502246967 0.363878587181976 0.2443489884225987 0.45564454464811 0.336206400985955 0.3094738284408271 0.08567113059495367 0.4485652436437113 0.21665942626469253 0.22229548883547307 0.233382348758615 0.4611301985544157 0.3187020911251981 0.15525984085364203 0.4134729395068647 -0.17399744942686207 -0.2064964835775602 0.2221760023820357 0.005745976847653318 0.23596574830138334 0.43318908703272746 0.5486433694013058 
-0.08135118721436334 -0.4133456438940446 0.5303048213626184 0.5170989136993785 0.20631218598063092 0.31437129379308254 -0.48979735538665614 0.29757616430487716 0.2763455026996889 0.5819067001209471 0.37594832262288047 0.4110490437832768 0.14312427020204843 0.14476829623632553 0.28543859069959593 0.38918112536123955 0.24064352264726085 0.5304308609855322 0.28835205848536977 0.2882042090453513 0.5129268846904508 0.13243411194011626 0.28080566796695144 -0.3442928585727101 -0.48262259968731064 0.3623951179535296 -0.10104735470263679 0.27177120894929285 0.15027214277800996 0.3393125072651667 
-0.2245645103543034 -0.43175360267978724 0.5344501230359161 0.3111356575900933 0.34301587447894993 0.6337204728320255 -0.19869508387572987 0.30715904557089974 0.3893327256144944 0.34038792942317053 0.3481841461934552 0.6269732249141261 0.17118947808961316 0.4842778597000188 0.2840459145983069 0.2668127504916748 0.6128603222255714 0.4596263598735659 0.14232266839498947 0.41003867778250647 0.4878593233436649 0.38993912229772887 0.41651425033313955 -0.2011405772322435 -0.3239849938008808 0.44125185636124004 -0.17881857854918043 0.6355628605905344 0.39344508077383555 0.6295175042200729 
-0.5557003479832495 -0.4623553353781084 0.7138073311930122 0.4651035824892364 0.6004146969263301 0.5867849406861193 -0.6278858446435865 0.7687822797850106 0.49373549867840316 0.616875064774245 0.408872303615876 0.5967823289513772 0.44714920461458557 0.6434545426270862 0.2661605351895674 0.6297295075678465 0.4673657392945596 0.7005262670883651 0.5332240856181301 0.6031574712543464 0.53094070120352 0.5060205013072727 0.6637177901261611 -0.5806586598381481 -0.4988250065291548 0.6822072022101111 -0.37479434767109965 0.48893965442426846 0.41049430806872284 0.7323296072465689 
0.07652394615110109 -0.055758453164020845 0.35243557434926737 0.1799971010823066 0.23835993695670107 0.29189576634962516 0.06277958723681576 0.1388103682828185 0.12931730024274593 0.23679333039167025 0.16188206027963478 0.4147886730965828 0.02338272285998624 0.07706585770192084 -0.00021124608569926686 0.06367705083236198 0.43041365840449436 0.21314349293686113 0.1441722422489265 0.39117320636101305 0.11384174917513108 0.27309176975364663 0.38840262727554287 -0.044287940886008945 0.10794913597095032 0.2898292656219782 -0.03462290911180592 0.4476659713363053 0.058366070408590986 0.4177092139143386 
0.1496603677301767 0.2525109926295626 -0.24516919043134686 -0.06495634095401363 -0.13800082785168383 0.08178350707849938 0.6115793544091319 -0.15095369457389204 -0.21991735730298212 -0.029079620533258178 0.15069843804260902 0.12353447496549283 -0.07707387327247436 0.0023201467626271814 -0.2759032039651424 -0.34607059448121047 0.15577232083069975 -0.0031092105410516504 -0.15224232602269 -0.21969886798486674 -0.1762421512403242 -0.1601379980562928 0.13960319071136026 0.39056997785849407 0.26035839233014807 -0.10792033945056491 0.2720949364337809 -0.16009667158279367 -0.1740906878142237 -0.0018257024207060776 
0.1737792525711016 0.4353509962830351 -0.10122354223249236 0.01856481560878841 0.174447975988617 -0.03317618758778412 0.30574295031478965 0.0906513526041247 -0.07599096083070248 -0.10295311232140922 0.01558588550175414 0.142029611186119 -0.22021550699880738 0.03777708979872692 -0.5428128516281076 -0.12316738309526588 0.1909868918890693 -0.16632101858139986 -0.1228383016591566 -0.14887765112488124 0.13597065282149176 -0.09866484919215009 0.10666338509787206 0.14286537831109633 0.11316606079036672 -0.12546131571418614 0.06425806850660168 -0.044049365092756636 -0.2477551222360003 -0.057172195924611 
-0.39587956119262213 -0.4056153643760448 0.5789054379499137 0.40850747848578167 0.4190577743014594 0.7908359689448455 -0.4994536053674377 0.6184505447697212 0.6456680810013027 0.627958785055119 0.6621916620923918 0.6328010195960694 0.4445214892113496 0.5062240703549401 0.5822397405947721 0.7158047069574499 0.5613937934299398 0.48352508653035026 0.6376312733330027 0.5118919347065884 0.6916386527325596 0.42850672995062455 0.6512924689604713 -0.5349270407097866 -0.5961138739615975 0.43019868620987806 -0.4590080358106862 0.5887278992866504 0.4731578419679161 0.584403351445914 
0.2818579301990039 0.20315658440377593 0.0766807283882997 0.13341306983530893 -0.009609258069891677 0.006774860155912937 0.24437339596846247 -0.17063112156559096 -0.12385288214552731 -0.03398424379285979 -0.12457534572114111 -0.019155652096634928 -0.20897307556846087 -0.026202542647268668 -0.11542889588333106 -0.05867626269098876 -0.10324523268086076 -0.06733107752748713 -0.1605460484710104 0.03289815918816477 -0.01760555621425855 -0.07791395182760173 0.18344821813972162 0.3157982413913539 0.3651356790140684 -0.08631299551263587 0.25909799251167037 -0.016502203929394683 -0.1436671567895225 -0.1544871490139797 
0.20295024000051218 -0.24587457028251586 0.3657129540316284 0.2350770545052266 0.39641760656650543 0.09818859928957484 -0.0137559717358289 0.2179016281651457 0.25391303149830474 0.32019360725059454 0.19916394366229195 0.3570982481273648 0.02037959364413106 0.0829763834057616 -0.16953762735152064 0.10827343611279518 0.42263760222477736 0.1761653229058988 0.008304579019614969 0.1148413755575897 0.4460546394489653 0.3790076517461143 0.14527976695318773 -0.1756824663398769 0.1422064820316103 0.1776318454411528 -0.5170133850379418 0.3026761521765243 0.07271200690464145 0.11059955394342606 
0.387450162949654 0.47383309084983133 -0.1214538816521323 0.2081209036534151 0.08372094030148595 0.191096791793366 0.2828634883335024 -0.012002853840221551 0.00904759626517156 -0.073448873160864 -0.007380317145400548 -0.10187540598582699 -0.05229214961940103 -0.015166475097813307 -0.38320027306062554 0.12090138486818147 -0.05821828792880831 -0.14579589988204955 -0.24363389215738032 0.10226706297700514 0.05717071822442844 0.06984502753228335 0.024291378833493398 0.3776946877718708 0.2158056350948415 -0.051717986713431294 0.43286022881332387 -0.1309748881055847 -0.08907815007953335 0.10386165536612861 
0.5211835039358035 0.13650712318052907 -0.06244781709056744 0.13553611453469763 0.20597541454776988 -0.004129625071720475 0.26238518381230214 0.14329428623637408 0.026912617453429346 0.24821458192953152 -0.0356944507711748 0.21707576534828735 -0.24466355042208998 -0.05228883020064652 -0.06562424759606683 -0.0007582532362189597 0.23290354733538543 0.09647932804765562 -0.07344133491296743 -0.044934186829170726 0.07674015334737358 0.015939712655877358 -0.0027671490618042137 0.18878083232582657 0.24019134574270348 0.2343042426267412 0.13417937756440296 -0.12995909073240952 -0.06713554117492704 -0.0019237303850751846 
-0.2378939990265204 -0.06344779584622681 0.11795444806449601 0.32393465690542905 0.16938356342146785 0.383203290666099 -0.10935579098041319 0.4253253971569877 0.054048591849569616 0.2433183097575894 0.07037306713631027 0.11172497893923553 0.17196584791648042 0.17732623673453113 -0.07612678746329438 -0.033979659623543185 0.3723101638202128 0.2690018438374673 -0.1627536640378648 0.16128524596450267 0.21415641297860671 -0.018420561338088733 0.08057093681212281 -0.13377496142310066 -0.058073051117511695 0.18543447545604996 -0.3526462038148335 0.20084145275163495 0.22906456928415742 0.33970320446827834 
0.015404902465586498 -0.10756344487986472 0.3856977688971075 0.16046984741332465 0.40635210377784187 0.5253777762356785 -0.21413895967820828 0.23681238013213324 0.4294688633983334 0.43253387786981307 0.3514362511777385 0.15275493137041146 0.16181896503406396 0.24037257562295508 0.21628719327078363 0.45066245771754465 0.3415613041082912 0.30567386492100235 0.1777895060645182 0.3640233129108491 0.38994737491429854 0.17929039967693597 0.33260002285927737 -0.151616274932117 -0.07392563458365871 0.31265010727923254 -0.4788500789337818 0.20518276967331206 0.1108452209499183 0.48075690745617355 
0.3523912907465694 0.3093984673808724 0.022445245688426606 0.05663387663802661 -0.15145845580281217 -0.02584965063848014 0.26311416812382993 -0.20647220831938282 -0.03227857166298659 0.14905450750942864 0.19131905587156695 -0.14535600861540426 -0.17125117956925295 -0.23947917383636877 -0.5266221846194378 -0.21688930233737877 -0.09319247965983281 -0.21268680148643093 -0.5013441091605155 -0.16239798925760765 0.05364590996769339 0.07845087064677952 0.0026996470064589656 0.027328445449694917 0.25270099945355606 -0.133180303140645 0.47788529762494303 -0.022383548035601854 -0.19350046186269773 0.011401755199519687 
-0.009533567421022564 0.12831113800972826 0.16167088267284566 0.2184268940027716 0.28227457636879305 0.1694056470845738 0.04307563415182891 0.13679344605826282 0.15621348581567254 0.030273635015200723 0.29198441990959734 0.25590113238050693 -0.12542343161362735 0.22157001442790017 -0.0005537257134826893 0.13907409037807816 0.18876209023098287 0.15723969983865055 -0.1010927810728425 -0.0068660930005198595 0.309718152515643 0.0745723250799457 0.20648237117039434 0.05146895076218275 0.1815046549956435 0.256256997491729 -0.11391264954118273 0.16017929697617342 0.008512793266655338 0.3050638590038634 
0.23435629083514173 0.13975943720800246 -0.2967620677275555 -0.1753746850115305 -0.21077338626990855 -0.3051187998461798 0.38809637042415884 -0.18933790430135178 -0.29561446866521496 -0.37844830571275156 -0.24854416101056495 -0.1964007791304604 -0.2685967728424565 -0.4513786603678333 -0.24683499660388042 -0.531767899310826 -0.2668127790962128 -0.5364044232052132 -0.09930178066747336 -0.4257484183493881 -0.5077636692433534 -0.29244061206033695 -0.1887756448993752 0.3410216671534998 0.40060129664341976 -0.509903068380355 0.25488936142691876 -0.45857740708653844 -0.3339928342415235 -0.4517049420927257 
0.05461025298456299 0.23598235347834728 -0.17893888816423498 -0.041159534121731414 -0.11857200150476559 -0.18942601432798614 0.277764063802164 -0.030830802233147592 -0.04936384530678608 -0.19272114604705548 -0.17813667114225684 -0.3321888589600193 0.08324504104702782 0.06688384969141851 0.11596328563834872 -0.0054676718978461224 -0.29123658414824527 -0.16137836859716412 0.21592492669308003 -0.3222611573458031 -0.18359622206694198 -0.14465673675303617 -0.03375779899676946 0.3125459028127925 0.07157677043757918 -0.019916650764046605 0.05680367436838645 -0.13264775475084617 -0.028758605846766615 0.0316657050251956 
0.22809103843789333 0.16340165274726276 -0.15343128239160306 0.07670082824815753 0.11245634102080587 -0.0009356696079134054 0.21565276185512328 0.14335355011390843 0.0639408098726888 0.18111453145498702 0.09911982943075398 0.06188135803042194 -0.1792269090206276 -0.07947680854916919 -0.24617180550552137 -0.015429100957513927 -0.07578831771146692 -0.043482659409432634 -0.4732636326362443 0.09851412649320328 -0.12199378115302371 -0.006160553397315816 0.23407935639678903 0.29795270103643234 0.332263685041237 0.11869895261275012 0.27311578054090613 0.22734247814314115 -0.15988779182591714 0.06364893484275481 
0.06970509804352808 0.1029811348787652 -0.10958037519010136 -0.08855639015546529 -0.35681860155966916 -0.2232520987315556 0.42768702102737155 -0.20157458392632877 -0.22568762041352766 -0.4426800433652386 -0.194156609922158 -0.16780365019254953 -0.08969196765637266 -0.38497293636139807 -0.36299985651752437 -0.1617671986209724 -0.18135857746278788 -0.10955674519420812 -0.23912201380172385 -0.21969553643270218 -0.20655028562694622 -0.0038392552333873235 -0.1202255011285394 0.25890555999485665 0.15647304218907693 -0.1590097030906273 0.24229132262914027 -0.24975903304467476 -0.20921801173486143 -0.27246040786445724 
0.022872107131381294 -0.05399590045590329 0.31008019088680394 0.258598945217736 0.3183834558184906 0.22507562430762063 -0.013524253640133668 0.19456963649394018 0.07002406859627756 0.10989030965072061 0.3358363811248863 0.20496329413581632 0.09756833445474081 0.046398850686469754 -0.03197867812509396 0.001074357739351039 0.04880253341844332 0.34377368295594457 0.1179964025144961 0.20577603627676697 0.3607876151233552 0.0616942437854524 0.34543848352530926 -0.054056755337808356 0.08634524655956236 0.15069048285823927 -0.002684346283243671 0.24781726621020223 0.04374739283489864 0.2464804211758014 
0.45736426688246645 0.47167471364202707 -0.25169756251297254 -0.29360513603062277 -0.07643052393656395 0.06549412298059962 0.3587035567059565 0.0598589958073037 -0.0527025115493477 -0.15371745262760095 -0.1492130184222068 -0.01918952925989092 -0.15376807992860503 -0.0035585631250938895 -0.23414138685916558 -0.23158552125278126 -0.27919110506895534 -0.21416990041685857 -0.116684900433395 0.03278111403291681 0.06918054707654644 0.01774747429431281 -0.04031886207182137 0.33066507325582284 0.2001496023593689 -0.006901607771455454 0.23080531610985208 -0.053097553197921234 -0.13363607765695754 -0.10265027418288034 
0.11485814653986756 -0.1488543275237297 0.2510643525376164 0.06452294582645415 0.21004430975128166 0.2782359124307104 0.17323939342916786 0.14863641311207854 0.2859953285524892 0.4074084706338645 0.1195378213452383 0.1159855861804707 0.16416016399770164 0.07899554438969138 -0.08754779741557762 0.09865578549039225 0.2807136728198567 0.23156687576302218 0.014468040577438413 0.06803547159654988 0.32623539397148926 0.12860355171751592 0.14424973874704608 -0.10421814435508943 0.010359832263235565 0.061873375883745495 -0.05565305694671009 0.4225386612620626 0.30663488121721655 0.12045399738772952 
-0.03234007963564687 0.05623975862235503 -0.12418610554125852 0.1286717435546309 -0.060389332026077644 -0.26824752260863377 0.36922227130285196 -0.16347437420629785 -0.06957914244509902 0.046774712644363524 -0.03187970941735831 -0.17020479798344626 0.11957263036330673 -0.0160211667503847 0.16346058075831843 0.011234300421415563 -0.1701274540653228 -0.0991209132666548 0.21909664534114542 0.07808250990668823 -0.14644560581403845 0.24850974647835428 -0.1282622086969704 0.18891289732089395 0.20594671441329776 -0.24953614979514863 0.060103688995487625 -0.12492137177159353 -0.02837409851569964 -0.051321593939178595 
-0.014133376454532049 0.050787880333421694 -0.013118697214186847 -0.011582788125238825 0.0036547101217114055 -0.020075140644263596 0.04554239948766246 0.04813868031620333 0.0061211863722506945 0.02892231801314777 -0.006358696668740016 -0.0051322470105669695 -0.009935527862889761 0.035953612852895556 0.02378556922193748 -0.04850611880498057 -0.027928221628888125 -0.0013117709855731084 0.002162889822582752 -0.001969832385237351 -0.009148342858952512 -0.04126940000789354 -0.025268269616778423 0.041970780781920104 0.010897823758227778 -0.007771713966434889 -0.014937493960543472 -0.04190792728840301 -0.030121286669136965 0.03215343374349183 
-0.126140823278983 -0.1502168131493734 0.19579709786539998 0.4106611562181332 0.1632823566444261 0.22664136555454406 -0.2608168980950413 0.12530332582714335 0.1817173963220598 0.3483850764167685 0.4421825848765861 0.20926884603626777 0.08223856561224727 0.1356440958843239 0.1595143700964103 0.42283271773522174 0.33104430942318486 0.10943608913388539 0.21269211943339958 0.22160347087915683 0.12833565367840408 0.34816610591399816 0.15259353226193134 -0.30758370295970255 0.04731379532731383 0.4703515867684724 -0.14859423958590492 0.2656741215625279 0.14078136901956334 0.34405193114833527 
-0.3302687442061567 -0.45834525492268585 0.27496848570362886 0.5197101859667768 0.27536017166490007 0.2935301933892555 -0.4641435121229529 0.4956483996275171 0.47437029544009934 0.4104391807544473 0.2825253896993691 0.3020496170888532 0.2696314722008647 0.24409559137834164 0.25762338482233293 0.28823376803212697 0.4661667656462472 0.23627627175683147 0.24474044999822905 0.5025618570728488 0.27533038058952086 0.35430779340670565 0.4247631608560028 -0.38689733770062734 -0.23510900993172135 0.33560433810033335 -0.3821752998963791 0.2496449167466097 0.5173000246427797 0.40464597534430197 
0.026163226782126032 0.05845830564831293 -0.395204060427507 -0.23760924154931104 -0.467631083020015 -0.2501516033912349 0.3602593061337142 -0.3912285267793742 -0.15482305425010584 -0.3658473604887756 -0.10600805683023681 -0.3592155541384885 -0.16880273866762566 -0.23170692847805022 -0.015352705507883245 -0.3964880010434221 -0.37669056652101135 -0.35063632607300343 -0.008606525540363414 -0.2898484197202133 -0.4561354625894533 -0.18055201241583257 -0.4091163123919867 0.08804591903715694 0.08599228298235964 -0.44109568187652776 0.05411978884236639 -0.20785505664600268 -0.3561712727852454 -0.2986638854844145 
0.01823392433124284 0.060784778086356614 0.35311222205123616 0.2521301987142282 0.3515937179973212 0.25589769568547766 -0.04549351041302444 0.19474475635824046 0.14017060212097657 0.28072860394417126 0.276092087831976 0.11625733877597312 -0.04568987992148006 0.15459473025384018 0.010324306042907743 0.1342814219336777 0.09993070741510401 0.07397179588161024 0.04961759329512414 0.16796454185843557 0.18336382066983767 0.35835486515434817 0.11094526204100591 -0.08416143993423923 0.07685852123927307 0.12134978478201741 -0.08770570031066537 0.13895659298519886 0.1111397309520035 0.18267861620527476 
-0.256580454126018 -0.4547505604355971 0.374683155202152 0.33119639472850537 0.4768463815895526 0.49027045912145584 -0.2623017725773488 0.575500565259423 0.3378180435900351 0.19683351520776604 0.5526201329871337 0.25542117198448483 0.49705256729254504 0.4650208451856306 0.18447343421999504 0.2943169749891557 0.422420493463523 0.3555886311885383 0.4077843168309822 0.2103752965775893 0.4009098143930001 0.21140579899217635 0.3734167138023707 -0.34520164222660543 -0.194323637564723 0.25561836744904143 -0.24755400008480546 0.2304110364207027 0.46272205687676965 0.3640837535286716 
-0.2809256376206776 -0.1794971170013647 0.1122965473820915 0.4478745942510265 0.48075410385587225 0.500483851533634 -0.14172079331291867 0.2035426577216398 0.44595880374682867 0.487694739472006 0.4870556086169058 0.47656301562125014 0.18719597153600037 0.07052748798594177 0.2397707217800578 0.4418739015550755 0.18641607978334157 0.20284530674308746 0.042540030176605494 0.4167108944506332 0.3154252782695122 0.09384180225128286 0.34337722651789593 -0.33084802957827913 0.019784762830394372 0.37482471924733146 -0.15700506307213666 0.17233246661887006 0.11471816285871482 0.36219046055487153 
-0.15363899459007538 -0.36026388784749913 0.49875199046078394 0.22500856493552648 0.5285181060388201 0.28686290991199287 -0.30497605509176245 0.29467931663209346 0.2160491674461589 0.31393105036676694 0.49566701429409554 0.42745956871497603 0.3654351791407814 0.24741548872344912 0.34808436607216364 0.14714119637154122 0.2509376168005596 0.5419837634989928 0.2502251095064258 0.480097791423875 0.3970891402289532 0.24871814914938914 0.2965732855168311 -0.3114813388179298 -0.22064721473220408 0.4843817492680871 -0.15051686502379538 0.36062409135553675 0.4444690984620608 0.3804051773177427 
0.19769201327149707 0.06231531427020479 0.20123445209960425 0.0598369042038547 0.12682044219466476 0.15886151134902393 0.15006128115316436 -0.02176456612430352 -0.13418296309801142 -0.16522684364656814 0.17258914579813697 -0.07661526880771627 0.05980582058774332 -0.01642301397551942 -0.20752407919043678 0.18496991633195678 0.05194317602397855 -0.1516023779391758 -0.006923810296645166 -0.1328268796257521 0.03742694573340735 0.11455582403764665 0.028041760339835287 0.15382941380642506 -0.07597058080004424 -0.030041138648620343 0.1253371546333094 0.1474156749196544 -0.006386113936395087 -0.045883269822347285 
0.09572271326024559 0.35579329671411974 -0.13097520317113667 0.05367887196784715 -0.07873168393400352 0.01590294962420681 0.13142394038650543 0.007314847639543619 0.0672969248177027 -0.08529841181289854 0.0113529797380755 -0.12008148275971152 -0.027528311826858054 0.02069220455626922 -0.3799177487876118 0.07068128294269889 0.13509917111354658 0.00039734918307942284 -0.07286618576891456 0.13081742391876242 0.07504413114722008 0.05294484893647064 -0.19335204678038592 0.07217195465415231 0.2427655711726326 0.07603131553726743 0.09782286272712448 -0.056337616017504664 -0.14353630538925968 0.09317906519243246 
-0.3162051817027328 -0.38557317209325337 0.5077372456083902 0.3708277430755767 0.6217281341067955 0.5834946613114722 -0.45795992558037363 0.4155631730264477 0.3031166459731572 0.5988705686574212 0.3276273332653129 0.6169326518394315 0.316849115275058 0.45700268055157833 0.269287279672635 0.5061928997686344 0.5491146582118079 0.6150120847016729 0.3697134175575761 0.35609325334730285 0.515533275948532 0.23274477071791103 0.5002361181524693 -0.5810251591432228 -0.23553297477365567 0.6029137539725489 -0.2611701813611354 0.48906748651776843 0.21739131123540037 0.3211314945667243 
0.03662268150041632 -0.048139770656214824 -0.014523256145915531 -0.04388966202167717 0.002497336868177946 0.008670881515730826 -0.037728433435516885 -0.040243954069275265 -0.015885057912877996 0.006518238750570393 -0.006516893895782188 -0.020390911752202645 -0.043038286421077106 0.023531597135835528 0.04148849635626316 -0.012805573829170807 0.04379472137714309 -0.027118336697214973 -0.0012068816731033137 0.00270822815300326 0.048746603865987254 -0.01814831834702561 0.031687431197578386 -0.01904730105687814 -0.02294293506265584 -0.041269697663729565 -0.02050084575611112 -0.0429111305247452 0.035966853798153293 -0.05173263342569021 
0.09244859254646977 0.019755808907720017 -0.06443908301194155 0.053381408089320875 0.09735973201908281 0.1564411680093481 0.004767774229480066 -0.05387245084467986 -0.05702125550551543 0.06648362155305354 0.11778110649383948 0.26922711280735895 -0.1330301011885924 -0.045119950564441125 -0.07673324087224868 0.15439698287520273 0.03304433590377994 0.04193208361421579 0.147596719334265 -0.10239749402393296 -0.08457678010077688 -0.06822476980593438 0.1559216276969537 -0.11838766659215225 -0.1091812108148015 0.17090532237420297 -0.10795411152797336 0.009268768041319202 0.18247192313130334 0.04290833447286894 
0.06979827154497789 0.29886753515958264 0.17113179702567222 -0.07454183727675065 0.0509503394783569 -0.12799069713457872 0.2130812145975014 0.23990681619655335 -0.013889915456513122 -0.040685192393561755 -0.08702921970474432 -0.09201810454032534 -0.10937091713315299 -0.1959824288990136 0.014426327007213103 0.03787000198294644 -0.1458310541295183 -0.13243554524947898 0.018791367783666447 0.1430462655293014 -0.11272246111789325 0.14861140691131972 0.05703053498034405 0.15047883351628763 0.07234895086963229 -0.14467839535532093 0.13705292211929918 -0.11300135982506071 -0.03927590347098649 0.04506904298465062 
-0.2905034885763225 -0.4499938826747421 0.5914775985695865 0.42534543871279307 0.5870935987711895 0.36500755802828083 -0.33880499436950406 0.5119198870185246 0.272067803455346 0.5703120623921374 0.3240155539277063 0.5825750979958538 0.3098960338643266 0.4905690459362889 0.2250223906524446 0.5200636010671175 0.3278940497581279 0.46157281846874854 0.2643395643805455 0.22283647707675794 0.5773016174272403 0.19297339084351273 0.2485748734084324 -0.29231311060974624 -0.20393954039833065 0.26389174234327034 -0.32528338443588906 0.420331492020701 0.20737201974415825 0.3864362817266856 
-0.15431883593499232 -0.314231076618996 0.44264255529237934 0.2760868171680578 0.4290064695866681 0.6090847778730168 -0.19794590873919388 0.4992204147302275 0.4457065147447351 0.48854376607738753 0.24507558261674328 0.25246803436865517 0.378474596482573 0.3721030722788727 0.4167690879032027 0.2745683122377157 0.4530127746551603 0.4039594571345156 0.35600340821819215 0.24913138106955215 0.3837930221129627 0.48757922596195613 0.22858115802228074 -0.4076604647303961 -0.3284052386811704 0.39915436873192994 -0.22971705842667434 0.41156916998678267 0.42817797424403947 0.43958282656235664 
0.2677360065548968 0.5222018745628433 -0.4330232312305316 -0.4516903844793848 -0.4175240259927296 -0.17945593059621337 0.47873885317396836 -0.295892935628732 -0.5222447240287212 -0.41849249544066125 -0.23627467370175825 -0.4415401547191921 -0.38621064911720693 -0.47280050306762905 -0.4690658977725741 -0.6156781285567309 -0.4529768816203098 -0.5238220551625536 -0.4011992128130112 -0.4684055396781336 -0.4992589935153001 -0.5309188062523906 -0.3936816694427788 0.28886157670116913 0.3602622855606308 -0.534279472879076 0.18306645356073736 -0.44094625196376674 -0.4737895724852278 -0.16841041018525296 
0.12385410559887779 0.4857477059090711 -0.5471157369784471 -0.42993402914908 -0.33606218566695284 -0.34185079431335963 0.19280322142819636 -0.3285693602464078 -0.546630447579661 -0.4515726146769961 -0.2784358132639885 -0.3237867502636916 -0.33394060269605164 -0.5111634476762403 -0.3114479637283522 -0.4081884094848887 -0.27407097680376113 -0.5153641892705546 -0.17987053109826195 -0.3277804238958321 -0.4761131352179702 -0.26170580958034034 -0.27968415301540384 0.4923208616039653 0.22396022363930101 -0.462410299576763 0.2671036571910487 -0.40176731777419183 -0.3975946785078613 -0.29659295332040364 
0.07270319320772592 0.2870294012751365 -0.19556410391024764 -0.3049758881597829 -0.26222251613225067 -0.11361823587520622 0.32880715571629954 -0.2788514248043602 -0.030164306839436283 -0.3306025305772964 0.030912562968972355 -0.2665083511789112 -0.12642859877532164 -0.09595565705735025 -0.08282444939527732 -0.2678145790281028 -0.30963274056758044 0.004280299486755776 -0.015409828992579113 -0.07127267270065153 -0.15980708959067053 -0.10814345972012268 -0.12127957724714947 0.13305275214881096 0.19948632226159457 -0.0946809569381462 0.06020888526355813 -0.34129593752491466 -0.014882686746681886 -0.29723570911822805 
-0.004639621033898478 0.024135845317353435 -0.021167302703219433 -0.011849968233069202 -0.03022258863243109 -0.03414801675829477 0.008981814695416571 -0.01698110771276867 -0.03915196716602785 0.0412365739402896 -0.016326466357957158 -0.00042368493686261344 0.007688414081907792 0.009509288688869282 -0.008357286775148796 0.00479204864971235 0.02794474498297985 0.0013755646114594882 -0.01423746619206893 -0.019924001265850713 -0.01214639488069849 -0.0011492171518205703 0.03442718934167422 0.004867699993798935 0.01777502043993331 0.006477026761343641 -0.012411718596741901 0.04662281271873554 -0.04024979828435937 -0.007312275816190262 
0.2008095480532277 0.22164746756234158 -0.5727076336606455 -0.46385933638583127 -0.23268333999302207 -0.3515200475316948 0.16790481210555255 -0.3043194129842924 -0.2935217407681716 -0.24005475539603097 -0.5331252592747372 -0.29329122989634143 -0.39704792046332443 -0.47707953711568 -0.3080620809960202 -0.41905759124685127 -0.41913767503800614 -0.37292887398165303 -0.31376796046967165 -0.5905439109235345 -0.5389063553354355 -0.3755607271460164 -0.27689083678163207 0.5271376122125337 0.24346793662851013 -0.3191201589657889 0.695841431651658 -0.25412767871603603 -0.4709340553191403 -0.5656691712949782 
-0.20804664278512514 0.07457478414562822 0.23304887595500176 0.11924920948602276 0.15474347744880554 0.10249354815674266 -0.012918011421612988 0.17444977528005595 0.024458030158635433 -0.041926000106281065 0.12031022447074657 -0.06802186275160356 0.03987750229782746 0.00856588306997343 0.013457777929561413 -0.03806869155943264 0.10771934152707667 0.25560665777895875 0.11267566166010358 -0.050976036536431964 -0.044624624768165345 -0.06766379172663729 0.2683048838443368 -0.1892900600807027 -0.07345091427664036 0.2309067508554685 -0.21237402442882075 0.22355997466783842 -0.04732227736245894 -0.023477968954310223 
0.09461603584770344 0.07751120596073764 -0.2262626449883775 -0.35692935176271817 -0.262683653789831 -0.31681604369339994 0.3577391670431603 -0.36581165734474175 -0.11325915968961228 -0.4258244175480425 -0.2952429045669097 -0.20421990615150198 -0.1016219455746317 -0.4334954198034906 0.015833131115896182 -0.17294419181973597 -0.2025800761448327 -0.2734645664469406 0.026338062688515296 -0.21958917770518907 -0.16940161554747207 -0.18654476202832035 -0.22650858928712164 0.2330993722436466 0.49155316365112783 -0.3734657266100161 0.09592535054414165 -0.4322191805360172 -0.3160124187728074 -0.34304448927764986 
0.1775252698060824 0.2928563870008421 0.12596268329980068 0.0204608786438808 0.07221057530654242 -0.18053269592664262 0.1795374994550972 -0.013767528695904042 0.04953248363306825 -0.026685343513999482 -0.1445019894771486 0.07968218313236439 -0.002678764639624145 -0.0013100838130109664 -0.08523751091240828 0.03689029844110746 -0.06874766037694723 -0.06232739679150681 -0.19218700503334074 0.02753432621311686 -0.20449851946125105 -0.05272211267450591 0.15326609489013848 0.12665622677887237 0.1439069135456303 -0.09536528468338082 0.045301620651756025 -0.13297374652740723 0.046984954186304585 -0.01687105239058288 
0.00926337975069292 0.15926816446011127 0.04256050254826379 -0.013479728032804884 0.014424920093200502 -0.15108060662151562 0.054632876378455465 0.017963684340245565 -0.09115281036535086 -0.037999372968705224 0.20492948556621632 -0.1368579434547789 -0.26623817122505 -0.13730379258752987 -0.12808826631720224 -0.14567342353530732 -0.0849558558214474 -0.010256109041682471 -0.10662386509317574 0.0646653053245742 0.05761613718348643 -0.08086546112868102 -0.012832161177380279 0.2316215857608814 0.11434261716267953 0.1331511840987311 0.29537500544638345 -0.16119448519412882 -0.1815227726878729 -0.13092605032291843 
-0.034836581808076396 0.017668947082385367 -0.01943233745995829 -0.04131055609558224 -0.01138822508804977 0.023813309988212922 -0.010273415677780224 -0.0007548653743616191 -0.018625680042691124 0.051677380735614196 0.004795197103654753 -0.014282511971082799 -0.02602006600651397 -0.030358820815116636 -0.016367996800275727 0.03534712385410807 -0.03484146744343804 0.03342542432328 0.04360133589725624 -0.020204868371597896 -0.04766070860745322 -0.02037259384937624 -0.04708840976835642 0.008938781896316025 0.002635397800023005 -0.010729320734459572 0.04630702566924481 0.0438261650524125 0.008475452876261202 0.011305151432585696 
0.29809911169534287 0.20284173138611078 0.16203282100490846 0.09623561915415797 0.015367283463995636 0.19720058138731472 0.20341959977495838 -0.1425075436263986 -0.11372040940333121 -0.0740104960860503 -0.05755121106435902 -0.036243438467380165 -0.20827653472512617 0.18326333586417634 -0.20076289076289747 -0.016181299354399145 0.15589928311772483 -0.1350844632112915 -0.2783774355765797 0.141554760277216 0.008983710202998733 -0.10099367159608713 0.15920267919909886 0.07627558141625956 0.029002947264802605 -0.08691942817235986 0.09411638380202451 -0.08762404961412915 -0.12510904302084516 0.11735190064504863 
0.07965272555703243 -0.09213174621932099 0.06689243725348702 0.14577863885038667 0.01503595954996495 0.0826392737570781 -0.0024476583051388622 0.10110365056730394 0.13417252660371357 0.3053944207502953 0.33264173143618836 0.035244421477815535 0.10946771899697902 0.33645201386777857 -0.10517113708135596 -0.014260237910797367 0.3403379830655981 0.2582266011838437 -0.06457209267599442 0.3529330136041153 0.09756493053141777 0.27491224896522853 0.41475723530279185 -0.0815231001357675 0.10630269433745468 0.28315469113426645 -0.06279460600577233 0.252594739276746 0.2535468094342261 0.3161213595613273 
-0.02511370674777178 0.013083408776168863 -0.05152191969671311 0.017725087791222397 0.022884760801806542 0.0029659974525167994 0.0194442372001059 -0.037923538060459706 0.009255394594089283 -0.03724951877092983 0.018289070221773982 0.0498204023010458 0.013217451068343333 -0.04769748916863092 0.035191146855171024 0.013855004057938793 -0.02945175955419908 -0.02645881980109127 -0.04145939018616955 0.02075055798750084 0.015075471500248804 -0.03808007376855077 0.009771364584561258 0.0006576919831604071 0.025294610835452914 -0.02129828983880526 -0.023576931765640238 -0.029203846632591873 0.008708362719207089 0.028914221892898603 
-0.12953993642652023 -0.14923177975047816 0.25577830961316744 0.2688582437179116 0.1419368974973053 0.19751988127076636 -0.12047920539015887 0.0763586172777429 0.24758299599449982 0.10113201725725544 0.07601084311158447 0.13798800305698777 0.13342673860060075 0.19476607505284654 -0.013055871325747726 0.3537352096626403 0.07311772673660114 0.14917536228498393 0.09554115330294055 0.31716818860644824 0.41081572526263144 0.36634626916834223 0.10040861350810058 -0.10295136599580737 -0.12535104442181524 0.3984806262804721 -0.03730257909423339 0.2736984528419335 0.3687480374050699 0.13693188487035324 
0.48317420120963633 0.4682515949635942 -0.2250332186699983 -0.2623232322145822 -0.04282410439826435 -0.1392651488320218 0.15567715911867788 -0.0726709709644732 -0.03840964569450331 -0.14948554775361886 -0.18342645338812089 -0.22803702220980113 -0.2596691582683778 -0.00899297602838916 -0.3224302704917127 -0.2782767545808248 0.02697009232721674 0.032570969889044975 -0.34017705548438304 -0.32122371110680964 0.013085154927965786 -0.203894669470134 -0.13773459834279872 0.3579175883417691 0.20323774383614604 -0.023383335561225203 0.27123090538008104 -0.14060490216924476 -0.33785059780434645 -0.27261297116257144 
0.07435661468671184 0.5279142981231626 -0.22195386621471255 -0.22620619683719687 -0.14868297705937394 -0.47214726419718384 0.5259139017998823 -0.3235745669896931 -0.27773362084446507 -0.3921212525495727 -0.4059903059595079 -0.1979878093645349 -0.09778201478054027 -0.0740067909817743 -0.08684687063476121 -0.29583993430988664 -0.2235384753620722 -0.3815793759315317 0.02768172453244153 -0.2828214539354946 -0.34438675671354907 -0.005275320684261578 -0.18410199086496176 0.5438211299809835 0.28928568060240223 -0.3614697327089855 0.20393641759735803 -0.1909475586330505 -0.14913138791553343 -0.34001398262052285 
-0.2856198128384711 -0.27487361801064386 0.4504746390832711 0.5938513114663737 0.24916368161125355 0.5421629938829904 -0.32440161337034473 0.40725756981758565 0.43138087194179536 0.3061993636427644 0.23301676006024047 0.3248849903447921 0.28067604669751034 0.24371197213828222 0.2277361473856062 0.43070368842236134 0.31485407907183804 0.3220224941662981 0.5384005669490355 0.26663642684815086 0.5114145205992553 0.22049554655454004 0.3858438218660201 -0.3516216454528182 -0.3386430406135766 0.4912822474326952 -0.3006470511057968 0.48137992733100626 0.44926138787002395 0.2701912183905846 
-0.03692711443692828 0.02426761704282366 0.005996763755734064 -0.013595944008284202 -0.015057612270260772 0.033616831895181824 0.004499453525494452 -0.0303283547818795 -0.010188896824174936 0.005908265685649418 0.0013066244675586094 -0.03287357650836024 -0.011304325470868445 -0.03412456465169627 0.04123542264264841 -0.004034599978891661 0.02183605891274301 0.01590068116146047 -0.016399456018966342 0.025088785966197222 0.0007878975200337657 -0.007695079170745068 0.02741792894268123 0.027645397184804618 0.012367366062156044 -0.0037837899425258847 0.005622974243843445 -0.014124857232089585 0.026190242455889568 0.01534004356107105 
-0.019755491767840614 -0.05052084004259836 0.0060720794537344564 0.022928706457918672 -0.027969458872053644 0.030375283782479827 0.013328639654960773 0.03428186228105747 -0.02609018388390821 0.037571159553918806 -0.04175303911434326 -0.03686932487170431 -0.02026751177618364 0.012284394747816462 0.0004606005344548413 -0.022915889349079437 -0.01952069236279067 0.005042835301179332 -0.008016774473921042 -0.03140144617479931 0.03144500821131934 0.027255263616373482 -0.004010640733455312 0.03569252289633452 0.013117231086243457 -0.04646316721602674 0.025810448181796952 0.006271909220435542 0.009540182908849431 -0.0009476774985369155 
0.20277276509825864 0.5176609614555439 -0.4202457123379485 -0.5181726691642011 -0.28952169305012654 -0.5402116779036829 0.34596924291604136 -0.4204796350542448 -0.40052496294257706 -0.4177619307305526 -0.5105303250118536 -0.3045565917334377 -0.17216402109128387 -0.290105831282332 0.023614019764201317 -0.3398748456096355 -0.17762698550842407 -0.2732349363627596 0.03142443407113896 -0.32094697083528567 -0.4056041936986795 -0.30740453911288657 -0.30508028847157215 0.47378506630822886 0.20728135388869534 -0.20824367308210778 0.14042771282765318 -0.24579017519231985 -0.1926554103584813 -0.20974678213061718 
-0.052086860812397245 0.28386328753459394 0.11201240341599328 0.019242257943565294 0.2141545030975039 0.11176940805161738 0.17815072911852278 0.27806867963304116 -0.013285206183222929 -0.00027446532250123144 0.26682265053853754 0.23140871729226034 0.0611652368911734 -0.057595806379776064 -0.10656667249491712 0.2092010446505365 0.25683018759645804 0.021242455989960683 0.005161124784327989 -0.07607225617470029 -0.08893291147855194 0.10496233485284442 -0.038271945123424904 0.023903014275908834 0.14321785721809088 -0.032264088282443815 0.1477374710374926 -0.07766372921253795 -0.07587296045140683 0.2281775481774512 
-0.24012021158645827 0.11131422069976091 0.13518284645104622 0.2582308024735757 0.034105783759729544 0.01750716636725788 -0.08573910254150495 0.13543784640754528 0.09750648431906503 0.26410246406543275 0.11047962777434343 0.07280939086582283 0.04856096238034982 0.2177866714748071 -0.020784991870440812 0.14807537864206008 0.3222597317279949 0.030615289824363023 0.0434452202346359 0.16208750281257114 0.10656637559975557 0.14540359892803853 0.06249290414934233 -0.06225810055402758 0.11493028485397502 0.3050712003287844 -0.18307705979056157 0.10909064598709692 0.2792427370315076 0.23418457642279888 
0.13256307898422917 0.4313250172418911 -0.2816887195167286 -0.3923822976244956 -0.38678058883588645 -0.21720947728812814 0.36295893185740036 -0.4189761970807626 -0.3265271037087854 -0.37680633876037917 -0.21200943247495055 -0.5566238021774114 -0.09022499830027389 -0.21272834783928468 -0.03217072551119053 -0.4095683156594066 -0.2025814993266305 -0.324974570757564 -0.03958007682209345 -0.32688477930348814 -0.2793417867176697 -0.27149748405906665 -0.2001266990201767 0.3722969395730129 0.16159218527444727 -0.35007724026201664 0.1738355789320382 -0.3908234047126284 -0.36790178814824986 -0.21581037045620238 
0.17523073608158626 0.09149540684778402 -0.0315763716922494 0.27946480570406607 0.2766397916540496 0.2662132600991386 0.2252770501731994 -0.02838223957064177 -0.011911085411846887 -0.03030988707537904 0.17828595775847023 0.3666930494954739 -0.057670651563926055 0.3124338382813505 -0.20446653577983165 0.21258762555688462 0.09057377453008635 0.03754306241055369 0.023007611974562442 0.18132403117335197 0.03747432032923874 0.06761286168095576 0.2757847098633971 0.1601719375429455 0.2756864047427145 -0.010364647919615683 0.30310749117565267 0.27468286257201097 0.007121721692283793 0.02557949280271326 
-0.05051478843393185 -0.18433213526367176 0.37662296445426996 0.15385102181869556 0.18838793662573639 0.22676600109087416 -0.21075602837435706 0.2796260296849986 0.3537845400342028 0.2588250078677606 0.34478909921784284 0.34581437058042075 0.25733808962772775 0.03207310330826101 -0.04366022082826898 0.21037431381885516 0.09919601554695373 0.3714165865496416 0.15711073616027407 0.11645960750553858 0.3135996093796845 0.33524403516287504 0.35897882705779577 -0.020003648012067433 -0.2725930447293139 0.29130532320392233 -0.2010443577919997 0.3148365874920634 0.25763334205296096 0.02599272912912532 
0.21193888516063367 0.24909657310177824 -0.3845075669282861 -0.3641183820884991 -0.19392752635353722 -0.42765062377370683 0.2777596808857552 -0.25558835423272436 -0.5957981239290814 -0.527437646226026 -0.4467893361428268 -0.486565319350047 -0.4735100355277293 -0.4443615221708178 -0.26702262828734796 -0.6197735043177645 -0.34200028387162934 -0.2878003784991958 -0.37544196959739257 -0.3621895634782763 -0.43917114816824576 -0.42646582283458917 -0.4337096522381909 0.2767136590597408 0.3142843453021485 -0.4001648621921426 0.3246998127622064 -0.5424182242306257 -0.4812417605411136 -0.39302038203149475 
-0.05625554246129774 0.12449838958214007 -0.22104219002777234 0.18039186372378463 -0.03250229429781841 0.1729276501109819 0.07426619394355725 0.07584853409222561 0.07747538729812706 0.03868866899924084 -0.1401112159740933 -0.14947011379236821 -0.08468782276126195 0.06312006026473228 -0.10841162916403231 -0.1364817214246387 0.08534333777808745 -0.0738381365886076 -0.05726310859319809 -0.18447745314107142 -0.08116282214962374 -0.2514701376898243 0.13422380706908296 -0.05900313765436181 0.1647674804078472 0.17290924921317716 0.10940542914920949 -0.17432439286940324 -0.18728554919641532 -0.06666580317275018 
0.023487275411289595 0.008274370133170405 0.14423002472371538 0.2445602573742535 0.09370599957821592 0.018478052994073294 0.17185133798796937 0.22366990333284784 -0.04596131835210752 0.1985614643091483 0.049730076157974853 0.19833355505964995 0.0604222355846137 0.035332281569090435 -0.21015866870115116 0.17190136348201143 0.057602335127562965 0.07133891055129986 -0.19872716448351754 0.33826736325018897 0.10845618068303002 0.14866589335232627 0.3309209524289425 0.07350182689477831 -0.03398416122640341 0.13367669084947245 0.10500184646961812 0.0969310143261589 0.1011633039340104 0.2861691658689977 
0.0021156319633864936 -0.02311449038590176 -0.034080114865770256 0.014404105020859747 0.005373147884086694 -0.005486821674584596 0.008332541018099703 -0.01420326216559055 -0.04365048043382567 -0.04619441385240846 -0.016302373948849227 -0.029414084014987033 -0.01731123458674912 0.011141031860190661 -0.011753505337700308 -0.04294184499837585 0.01484038414250898 0.018611868321834382 -0.02735203052075869 0.00023757119218550225 -0.010503476343576262 0.026826712008798 -0.04619098549395878 0.017825600003960385 -0.014062055638519389 0.0009359071007017661 0.03516687433537513 -0.021781110277147367 0.02814453531558128 -0.025006475170434413 
0.26403897045301744 0.07453082564160275 -0.01585546090097485 0.028329101416744377 0.11467951161989999 0.15149391316836638 0.17541686955174216 -0.08665877941327407 -0.0900480672691082 -0.10730917164617951 -0.011690479626277468 -0.13452690157684458 -0.3531401867298627 -0.23559072532413675 -0.12539421909238171 -0.15589664599671246 -0.1396128324270718 -0.06302023885688607 -0.23114939833248443 0.030584132008000923 0.1336670594107974 0.09082937170393976 0.14899209441652414 0.19536342083067565 0.1434710411497209 0.15631986779807652 0.2586318202750306 0.09802563948694588 -0.12690870402450766 -0.237835007352898 
0.16098971939583387 0.08812472114535547 -0.2968922031009308 -0.17706832484369636 -0.10904031842317802 -0.1906286835456793 0.2869799853454222 -0.18062421794745126 -0.249983540875244 -0.09955380834790986 -0.27406364078738343 -0.019076301025969914 -0.18702295211815315 0.04311155928101224 -0.07200031794510538 -0.2630968757151896 -0.07353197250298381 -0.17109549394578683 -0.12792354553097512 -0.0324266648686763 0.056511549294080275 -0.13900729175950707 0.03159486329115542 0.30298013377796923 0.23413880249479002 -0.022387854610520456 0.06233455028961646 -0.29735371165402724 -0.24837490131868023 0.04321701703572466 
0.20862799341604232 0.4093569849624755 -0.28132267614946865 -0.4474796338668732 -0.2943974615434507 -0.5161150560909752 0.38654577094428594 -0.4455449122991992 -0.37689043871135847 -0.24611076360984382 -0.45679934711120956 -0.5979132500393124 -0.15722687480269956 -0.23865158436406472 -0.09914810721140258 -0.3644657801484032 -0.5130787389478859 -0.40951558339525107 -0.22402776148170844 -0.519514719755307 -0.2636963969535726 -0.2679485801770971 -0.2621854367268399 0.5266013989811013 0.3637182028945166 -0.5573902363566369 0.3395726038728925 -0.39285057656876426 -0.19949151936026288 -0.49345435210847327 
-0.04231843501566317 -0.01675528731319489 0.0024384537696975363 0.010429747994815754 0.008849182430550908 -0.028899041251058532 0.01380606023922844 -0.002110843699713526 0.004874605026550433 -0.04126329481668229 -0.028991329238925122 -0.02425559060077538 0.019784400527988466 0.011595394689360652 -0.000693038811130305 0.028350210900610885 0.02864861367269514 -0.02153666190461852 -0.019797646315154616 0.0450234667024304 -0.04045027247613038 0.031538353435098074 0.019512888339225473 -0.0028093142899222596 0.00728861365115276 -0.02346279542470069 -0.01300855204150905 -0.01747614059496751 -0.008030432029794353 -0.010288919442928599 
0.06381615815725442 0.25068362298046837 -0.4229172336306752 -0.3447265139504758 -0.35598447449253257 -0.4174490439936664 0.401241175219186 -0.09728248719397685 -0.331345988791942 -0.15116893615703167 -0.4761699739755321 -0.3667114909011107 -0.21111323997267395 -0.25232460693328523 -0.0649355357439028 -0.4325897814102094 -0.46085347413144595 -0.23958911946044098 -0.064692734116303 -0.396603491035282 -0.4834882083484074 -0.24813271803563172 -0.16697943678188024 -0.02335188658777707 0.1931016850822052 -0.4283787740566477 0.13509304362561536 -0.22644472062466234 -0.3234075214520325 -0.11887346455819224 
-0.033841297437305885 0.07834701939200121 0.25239978924072837 0.3602890150840259 0.18751123762137475 0.20900314961611746 0.07662677684726225 0.16623951765935546 0.09679192197244123 0.06042525884473244 0.14947799329528194 0.01338250109703994 0.020540623822718596 0.20803016353575599 0.003321177923693932 0.14903029664777442 0.19971610629569053 0.25676562544122367 0.19963399397081819 0.32095741564045305 0.13211917624358327 0.05270780371910134 0.15881008679210395 0.046249294757943635 -0.15664838480193147 0.34683037913754095 0.08353084320135323 0.12240226007854807 0.22472366506681493 0.2904983366738061 
0.16926181675843852 0.23079965827462853 0.044373691569792914 0.17061003270129801 -0.09386183494347154 0.07799660807064632 0.08701205956356758 -0.07798039439298224 -0.1026499400146806 -0.06367459132978151 -0.03561381401228464 0.15412878666938462 -0.1569442430217231 0.042261257744385126 -0.23923361517812822 0.05644320528933196 0.0913116592383862 0.09333719753778041 -0.06716509825228847 -0.10272377723607627 -0.12566498456505287 -0.18453063695749158 -0.1698461509491161 0.010166812406465749 0.21105815432938968 -0.0826215736817773 0.12052963890457383 -0.10519431239956224 -0.06857081466482465 0.13012434941048398 
0.2897244895781326 0.42728378968107317 -0.3552647134519164 -0.4784481826086673 -0.44050290382854657 -0.19418767122557865 0.2744193861213008 -0.3341219026613171 -0.308461404624244 -0.33981453913461585 -0.4684555047981793 -0.3270277004093954 -0.07983967034823768 -0.3606322898465215 -0.04583654430649694 -0.21463372256454769 -0.18771967826573208 -0.35376670635987356 0.009821643912761484 -0.3258326603839126 -0.1653444133675674 -0.06645495444201056 -0.3019847240458138 0.414876412774389 0.11576951385537243 -0.3162283314454364 0.30160789708130803 -0.34979526022603075 -0.26017498746553697 -0.13766097078865797 
0.04799605564189969 0.01692090048859356 -0.024204742912672973 -0.004589050078985415 -0.0013210555019933083 0.019562729936382497 0.007959931052238377 0.0402971529096964 0.011009612023753551 -0.037394568636241306 -0.0024868622078326754 0.04879973956058435 0.04947508346445405 -0.0016624033549371068 -0.0026412970217674276 -0.03747052486797607 -0.031687400628990406 -0.015705008969342977 -0.011047751888032557 0.0005860350026533831 -0.002661240389270783 -0.02639325009909222 0.005646793669077318 0.01914108155797848 0.01801333992187326 -0.007989774200165044 -0.04236270019224606 0.005639520025464828 -0.04130341769475107 -0.038536608783412654 
0.2748668995173757 0.2563975869096975 -0.3494369214373933 -0.08233530761586384 -0.1414849932280376 -0.3286902788045391 0.21970196954433238 -0.3551723241844595 -0.368882563822427 -0.1376265624912226 -0.1767029013130433 -0.35974145054334433 -0.20875732919704912 -0.28838622806347686 -0.18373699600314836 -0.3028547633040129 -0.33465095939071826 -0.09039524433026996 -0.16984838359747956 -0.14639613542048782 -0.4205844825684515 -0.35837292034928797 -0.09973669856296064 0.24042233222094592 0.12140296640010076 -0.2284590524166118 0.21836055298921875 -0.37315201473533016 -0.46701620828152707 -0.11523239977430226 
0.0371564479960876 -0.03229698963082685 0.009775485437018658 -0.016698434328516858 -0.018412744820951066 -0.010290794945577659 0.007739312889647407 0.03426084671715234 -0.030893722672578113 0.010907132243074092 0.010206428919983388 0.03795529560922032 0.039209950137885 0.003710081913994146 -0.0019529540829905767 0.03556334753511249 0.005177702346463502 0.020122126717040858 0.04443090811988722 -0.004704436054283946 -0.018244615557705977 -0.049183304895726275 0.023052325741695124 0.0023874079322690135 -0.021806449472611376 0.03814852835414421 0.04168211264880929 -0.0005648846621104167 -0.007546627698903389 -0.00931126432991102 
-0.18507694229289157 -0.40597831602366635 0.2750669186694322 0.5193994202149708 0.33211741285741847 0.3538387829042663 -0.36469605998848703 0.28101784437611854 0.4829335413788249 0.3997840606528943 0.45276721542763826 0.31319834453209244 0.1241910474192971 0.4948284057997505 0.17658654538598498 0.13518384845960807 0.28459354238627615 0.35833668011149833 0.26587313884079294 0.40985196917307487 0.2828601599178267 0.41076454722522404 0.5691413361193196 -0.21736754076392664 -0.32901138548760395 0.32461594259447024 -0.28960852894762695 0.3295206867139669 0.2302124435259943 0.5631965665752433 
0.0012055938492095324 -0.005375610096865067 0.0013482805907150865 -0.04178069626772526 -0.010566752309609932 0.024415829370931667 0.03803112948154466 -0.0014616129465436132 -0.0322337918017834 0.04020794434078114 0.014025715986795402 0.043681225623877745 -0.015728171692822684 -0.016124414255999538 0.03590635493233856 -0.03496573261137657 0.0326555256756638 -0.04801342590200346 -0.014272763186088288 0.03678042019140292 0.018259909448392925 0.02508600711146267 0.035345230358349855 0.0161647103236343 -0.028389922139466287 0.04097041442661806 0.032481852842422214 0.003036256042019111 -0.0028227957135620466 -0.00893482755596097 
0.22389460993851615 0.11353994204324516 0.025080388754077913 0.3090075264745583 0.16093212720905684 0.12225698903554277 0.12145331710673278 0.2254999269296016 0.11475041939411346 0.18454865587699817 0.37593119853396406 0.28380979756564906 -0.08461573593425799 0.2574694903584043 0.07601788884808562 0.2694627154763826 0.06831335591323935 0.2641498958958779 0.1318100405115301 0.2871529153015163 0.017580923991002206 0.1430599999910935 0.4016883872377886 0.03970341993112337 0.2215179141661592 0.0998359599438187 0.16660044188127918 0.3635887774109568 0.24731485754921959 0.1114380135398737 
0.010832492189248775 -0.8180948835382441 -0.8611135507801347 0.17448586006388744 -0.9519548099932731 -0.78288330269788 -0.7336802742478924 -0.01596715008926681 -0.8450232802012092 0.17791686563841255 -0.5373312389410217 0.06570213146407217 -0.8913139945677797 -0.8714258854056839 0.41635208460171824 -0.6246568587288186 0.15228421461687747 -0.808422376520568 -0.17710636977483601 0.5671979006907543 
-0.11964852118848228 -0.2530225675609262 -0.6760579528823075 0.6254493358364815 -0.3779430045691046 -0.6638812889064512 -0.12820830883894066 -0.052686004101705756 -0.2844514057086243 0.19303553349347966 -0.42761682327044237 -0.03516797687129614 -0.22286426305867557 -0.26787314515989735 0.30106589282871776 -0.652527760307631 -0.057914962775661376 -0.767494608133075 -0.14513593907089387 0.6071766504590695 
0.0030474654427653496 0.32241231118662533 0.24474265115611551 0.049129071829068734 0.3093043676427941 0.6120822122734051 0.12649555687270195 0.10603149213459002 0.21587008293378865 0.007020487475896817 0.8076166035434457 0.03446548200323731 0.14345513182264044 0.4254546940792827 0.08124553059273748 0.13971643197075734 -0.14697560782034527 0.7632405768026366 -0.18230131238741518 -0.3582524968213586 
-0.14178002703279038 0.5411064390924791 0.7080945288205905 -0.1229813898129518 0.3458203395276679 0.5456899560478108 0.38178714545371145 -0.0706544709179918 0.3462513842175927 0.04558373265526213 0.17272952823734417 -0.18113543879957872 0.3125046683244536 0.2619278160743096 0.39002014400917473 0.5421160985548326 0.10073153936668658 0.49258700946573813 -0.009174216746389564 0.12293956374367639 
-0.11013613811110125 0.7864412718631542 0.3868988579135544 0.26576665208814576 0.6865544861032625 0.4821621172794158 0.18096740604044625 -0.13995355605761509 0.6757747088246685 -0.33947638090488114 0.19660366955846884 -0.00024526698967285724 0.7049588314525187 0.1943733842945925 -0.11014729777353485 0.12103514572169617 0.10745334439399883 0.6955037178494055 0.03924792025699543 0.0279890613806589 
0.02964738391677564 0.4325382218623542 0.2595177935627899 0.0849811413848828 0.21495737015304248 0.30259561305705795 0.7356810031363916 0.09110891767293909 0.1513976508938812 -0.1913524861741925 0.7356525117402528 0.0018733794361485573 0.42746677395407395 0.30380432447166056 -0.17193527866297656 0.6470690817701052 -0.168422925709406 0.6805936591472408 0.10862028209530154 -0.07397576900484294 
-0.024791925055806616 -0.6767072660626807 -0.34175924687931253 0.2601117014046029 -0.8160330696313906 -0.3244115951530924 -0.7682732827716796 -0.03560119998121963 -0.774574521188065 -0.2047553092663042 -0.36103804894168484 -0.008858987913578021 -0.5828134966321842 -0.42166735299438773 0.8060428297992276 -0.7153538699612055 -0.09595387850057309 -0.6329252368099775 -0.016513759076983534 0.9261147250866265 
0.09103737634988053 0.6688276254584332 0.686195339876392 -0.02096256370713262 0.6736808984230679 0.613013280054412 0.5004071160995616 0.0245640692656194 0.4573065136035486 0.21381869814914803 0.11913319341195355 0.08416479519119889 0.7244736169443408 0.6518507048498465 -0.024710823541326036 0.41271804301051324 0.016393133884131227 0.4013021765016014 -0.17229290579121118 -0.24314782824746792 
0.07760588606160128 0.5819067905626598 0.721126769580288 0.0763166057314371 0.16239889914161754 0.7505336143619509 0.21605805393245775 0.051242107730148624 0.37021250807966427 -0.11694521828758837 0.152293707466288 0.0031692912186544243 0.21409476843042205 0.20088901828073427 0.21249998174070514 0.5116802370761833 -0.03716345915028188 0.34132664085993625 -0.06759065134673493 -0.04761940980888181 
-0.14216017552608634 0.7093200444751353 0.3180294921776245 0.23062206643615152 0.19809086950389312 0.5529559467065739 0.26115424601601733 0.016740813903067288 0.37386556407643823 0.23377130268232413 0.49276120300488724 -0.1959997276535221 0.7768810508681608 0.5352655837140671 -0.14287064707484726 0.5710988195224967 0.16706784925893753 0.30390518519958964 -0.09989862523931212 -0.163208158401417 
0.030696814854987053 0.6614576806083337 0.3214996019966765 -0.12244395497320833 0.42210610263728376 0.18095280159954133 0.26157523568926644 0.07343238404917891 0.24631128797310342 -0.13343649796130252 0.35234190819506983 0.005339678795007292 0.08214811476945895 0.38936723445490184 0.06951157070051173 0.6564737407802311 -0.08622432422053579 0.3410463327056421 -0.1986476171861361 -0.0665140220283143 
-0.05920418924347795 0.4829625692028349 0.5041499105179097 0.12313742934753187 0.36969033358860154 0.5204932160915001 0.44070146282376194 -0.09507816200821 0.23635136548239918 0.06545103208449084 0.30561341675345455 0.01402343494775072 0.37967989415951453 0.7366648324359278 -0.15621928031513238 0.6075845503366977 -0.06287737902465022 0.44000522665283587 -0.0699269624935434 0.17180354762693648 
-0.14462031384407065 0.44766998467447405 0.6217444054668675 -0.03879418978304219 0.3421244818965849 0.39636456259304503 0.48291185713429075 0.03805686406267899 0.2684599811825975 0.23231713047433256 0.7151652677646987 0.027866076644304863 0.66484696676421 0.6225664020568624 -0.6077452473087304 0.17738755560098404 -0.015282304948365988 0.49046177951806486 -0.09630596197581691 -0.44520158461818815 
0.027183851668349548 0.7312798828143586 0.524118386301503 -0.039111698678109784 0.6420136560260442 0.47061589049609714 0.6603241314631584 -0.06271068023759277 0.34995606708581367 0.1562314202894639 0.13592160114749013 0.05351484823572286 0.4475061047890279 0.7937350929787683 0.2778986862869462 0.1804704237823212 -0.07234845766108358 0.7541373665364384 0.10560160535255295 0.22004337324456136 
0.0025887395350873595 0.4641531970350788 0.26332900012607036 -0.21089234044421223 0.5591541174487912 0.6120032932452646 0.6859329393723804 -0.02696481755623863 0.27053535853083627 0.046543021663523754 0.5897996578832737 0.06499230212089037 0.720065497702321 0.3361763775735808 -0.16815223258238343 0.7148759750851676 -0.044552287572892146 0.24103476805415597 0.11057937879370026 -0.14349994374183722 
0.06668213783292062 0.5673457460277028 0.7328505028215043 -0.09943806577570195 0.7447514393774327 0.5449438069444479 0.28133670466905547 0.05183480587080117 0.08411315586855131 0.18682372788503893 0.59501051134815 -0.011254439070386937 0.1718529880861225 0.11594280647259086 0.2638640085518392 0.3208462243754521 0.0005071101033848502 0.39688848935364607 0.06454048631443347 -0.25060890590272583 
-0.10820110209652044 0.5082453267374331 0.6722817744835025 -0.009075827749452725 0.6698380894622231 0.28716521044747084 0.6710516821126871 -0.09061749833034789 0.6350864697539386 -0.13979791438998285 0.4175556609355312 -0.003843922195698278 0.7070955190591307 0.6239115179225083 -0.22641485714266624 0.6596736033669793 -0.10887050214146235 0.07322302507208957 -0.14935132135735052 0.09530421466752396 
-0.01118370080578659 0.16479000771528118 0.7120472058116466 0.08278109972600298 0.3335741989727061 0.4413834755672113 0.32695886160736115 -0.0038025697398060437 0.671996251721298 0.05283891669699237 0.1802708039871637 0.02864709953257812 0.6740570603065048 0.5501556330915895 -0.23128340868472308 0.6818420416886055 -0.10205883758373054 0.6297050099055965 0.07385170468395554 -0.19519931846706212 
0.16083151521778905 0.5001253227197181 0.7134498601180033 -0.45075808894349306 0.7554601540956093 0.22512672981397144 0.8063787550085106 0.003977633814667306 0.3092968529596786 0.1547551165964953 0.34162016612191937 -0.13062649418490244 0.8211292383884572 0.6457192958052199 -0.25234560781216625 0.12094998520434944 0.15453915036522958 0.7906914338307126 -0.1963120107019996 -0.039914219395595515 
0.009218639159962768 0.3283805961580981 0.40816626553249713 -0.13495926121933685 0.3115392928421016 0.1680167081641529 0.7213296466493018 -0.02145740768847002 0.648767931227272 0.03283896653941529 0.6016261322698696 -0.03778681124209376 0.40925984735506765 0.21797166314988264 -0.09708298359599091 0.5494225347407178 -0.1606620205552338 0.3590753939816075 -0.1331166861184057 0.23369942725886664 
0.01865710315824983 0.7377320808509362 0.5377722123516059 0.217579922982455 0.6314840624349048 0.23062876818759673 0.3391131884897703 0.0830481889876902 0.32351213002642837 -0.2674628460224826 0.3540133965827594 0.013489681349143422 0.7466622032108752 0.6818494344748487 -0.22001553392346837 0.6810145968661877 -0.0814813338321073 0.5359576160736391 -0.12099425170570549 -0.023494379394710562 
0.11384863471307821 0.32605959418638636 0.4250121717277421 0.004081355631354736 0.09797206322244034 0.6185174215181928 0.6236466492623888 0.003417994007423362 0.30734568338135554 -0.002557335642066012 0.18905662756705857 0.0029106029177225186 0.03346037170552597 0.6314052574878395 0.21425040522069766 0.01712481184035944 -0.06427624190730821 0.5431367774068749 0.10830891008148905 0.44389764387160047 
-0.11920760021566011 0.2916324852497455 0.10513440432865521 -0.21513950110837185 0.24107249421255697 0.4826880332951341 0.11699623341808975 -0.07089476695023779 0.5222406430316044 -0.28464756333149793 0.4021591739864499 0.00767882460270778 0.7252754053818861 0.48583357826571993 -0.08813757912969235 0.2507707975711604 -0.11941090968814023 0.498584474123698 0.027946161004840864 -0.07684865057030947 
0.0004575777311732548 -0.42913542007206873 -0.45133194302963225 0.5122679553247635 -0.707051635049988 -0.6622942466335932 -0.3322533821254769 0.1058137134228406 -0.49808036685596907 -0.27827122100328144 -0.25288513294770304 -0.03497587642802535 -0.7106987938929622 -0.645668062988502 0.37274682901364015 -0.4754073151889466 -0.13126931458180144 -0.5204397563891301 -0.015379183126824531 0.5623785449260237 
-0.09443851936080055 -0.7060098082424852 -0.8114598139057232 0.664335281618137 -0.3646190869753476 -0.8080703983706622 -0.7469783129650738 -0.14752690913265779 -0.6179130151962182 -0.2370262211933733 -0.21399812141640828 0.15050634073274757 -0.8811583483538826 -0.6012570516730255 0.7489626479011063 -0.8535946364900246 0.09255970984024596 -0.6031745462171303 0.0450337202888862 0.7837631271934815 
-0.036448068549534744 0.16301588152644247 0.23344831029647037 -0.13043048398764773 0.148926682368633 0.2961678358740279 0.2646162522290593 0.06569098355805131 0.44614029122907206 0.14637816549924818 0.7681290987630035 0.08830502964334942 0.6896393510487007 0.26323770172660843 -0.05758658097887088 0.1633734496088443 -0.04348552873885167 0.6520330112938179 -0.009516908848750298 0.003005216705044416 
0.02137241669020907 -0.6500539681112059 -0.758072351558845 0.28485917977796166 -0.5881844127914385 -0.7408449068846142 -0.3815416471149961 -0.09880566062856044 -0.3228062392510862 0.6000199802566948 -0.581456770577706 -0.1692943090301088 -0.39138872639699507 -0.8119266548557135 0.32937915907931337 -0.8447060974191276 -0.15804014561735874 -0.7835875265458475 0.011144076990363511 0.8813700713729192 
-0.12605063267496983 0.3423283402270361 0.3643635268318799 -0.042065824403346865 0.20642090330297075 0.5914904769113357 0.4634793768015723 -0.11133033573390122 0.6949127684291068 -0.005089040429286827 0.6445475430065633 0.11079971985165424 0.17010259848144788 0.6347841998410542 0.05023310338712394 0.2039999808940627 -0.06608010336634824 0.14581305251603974 0.0017423525053566207 -0.3700008405862047 
-0.052652574393991104 0.764069428486722 0.4122124725406736 0.17334436882188284 0.7235320138490566 0.3917201808635838 0.6282514864904567 -0.09810698276197655 0.7667290501786722 0.21656079442232692 0.5773611037534988 -0.06977899535732507 0.34361139167143245 0.18659794614704678 0.05780958303971174 0.14273435621550903 -0.08794111897491004 0.3207276012824264 0.15959277716389325 0.14340205363114591 
0.11641029173335128 0.5765060146076595 0.6386812822363686 -0.13867426607034608 0.3068477425628476 0.6024351083804818 0.622912872895346 -0.10313675216213364 0.6367662365443536 0.14246598995189255 0.1598599325621875 -0.16158184078118418 0.3364664661528868 0.3338695581832756 0.04452073913687664 0.35574006546720915 -0.10157756779257525 0.1786708059800474 -0.2001030640997917 0.10960024368155659 
-0.052961740843966584 
0.4959754114310257 
0.635638325683338 
-0.8396663011989843 
0.49579015792622805 
0.7396595121428052 
0.5495156825551232 
-0.011312430555955124 
0.9766028420821281 
-0.7611567675159265 
0.4512522507954315 
-0.20153620731751545 
0.4603984752956443 
0.47160185848114544 
-0.7963918149457888 
0.7986408493304399 
-0.13223778715442533 
0.7610493336670691 
-0.10946475610295046 
-0.9605430770281225 
