-0.02587615989470871
0.22607025732644773
0.19383961239119477
0.17271348393435926
0.032001740505001916
0.02336195640786568
0.14469905760784926
0.11707421601793498
0.15883856308538818
-0.041989310734993845
0.10950514652084387
-0.04146300185883614
0.007034626761600296
0.2468306011148619
0.01765568189570564
0.0761950483252988
0.0400266678424836
0.08441383431103716
0.01800167138179838
-0.01677668038950351
0.09357461217975749
0.13588300670876732
-0.15277433724471978
-0.014140397317160077
0.015295303342608098
-0.15604770902184345
0.1720073866340423
0.2781643893240969
0.24815540287764581
0.11027956813282652
-0.2040093428288333
0.052996094498546975
0.24358128742348376
-0.03651184851941154
-0.029461493732642407
0.37416957891775593
0.05567137164895204
-0.3392581749134257
-0.053971606055157544
0.2696203778272072
0.3005487630315803
0.2814166834765101
0.31955894931201356
0.3463124189736862
0.13435629895977882
-0.388253153281322
-0.2049222040009595
-0.18257489335126786
0.0031077532163007833
0.2091441814171454
0.42987478445955934
