0.04861848843055286
-0.205457987000925
-0.09363846493781965
0.7479476570349601
0.12757964072577205
0.036842400440572194
-0.15592727637776072
-0.3297672201945765
-0.09721875169334045
0.5443884747668415
-0.29058308867931276
-0.05778105870059996
-0.061639342072870196
-0.015711768306735624
-0.11496314678754735
0.09942439015497752
-0.05589046416459906
-0.25075664606270986
0.014465509454604092
-0.13722778026802623
0.09193305632996092
-0.1932519159545437
0.00539734631826397
-0.05841037518227548
0.07719606210700079
-0.18825368428776026
-0.000815791289872985
-0.20504225069148024
-0.22097390568404715
0.11935117638235286
-0.0012641573125251057
-0.13369503249024803
0.4398873139284096
-0.18514377562942694
-0.07671200041900421
-0.19709881854333255
0.7836597088970688
-0.05002914705538105
-0.6404691367491702
0.47269744856301704
0.11431494546590376
-0.06381266292409633
0.5129847012733774
-0.12562399273297453
-0.1641839302959822
-0.20203224184590624
-0.08744597625661941
-0.11882973706387191
0.28388466232756876
0.03342591646164107
0.016259872322933848
